ID,m1,m2,m3,m4,m5,m6,m7,m8,m9,m10,m11,m12,m13,m14,m15,m16,m17,m18,m19,m20,m21,m22,m23,m24,m25,m26,m27,m28,m29,m30,m31,m32,m33,m34,m35,m36,m37,m38,m39,m40,m41,m42,m43,m44,m45,m46,m47,m48,m49,m50,m51,m52,m53,m54,m55,m56,m57,m58,m59,m60,m61,m62,m63,m64,m65,m66,m67,m68,m69,m70,m71,m72,m73,m74,m75,m76,m77,m78,m79,m80,m81,m82,m83,m84,m85,m86,m87,m88,m89,m90,m91,m92,m93,m94,m95,m96,m97,m98,m99,m100
588,1.0,1.0,1.0,0.0,0.0,0.0,1.0,2.0,2.0,2.0,1.0,1.0,2.0,2.0,2.0,2.0,2.0,1.0,2.0,2.0,1.0,0.0,0.0,0.0,2.0,0.0,1.0,1.0,2.0,1.0,0.0,0.0,0.0,0.0,1.0,1.0,1.0,2.0,0.0,1.0,1.0,0.0,2.0,1.0,1.0,2.0,0.0,1.0,1.0,1.0,0.0,0.0,2.0,0.0,1.0,2.0,2.0,0.0,2.0,2.0,0.0,2.0,1.0,1.0,2.0,0.0,1.0,2.0,1.0,2.0,2.0,2.0,0.0,0.0,0.0,0.0,0.0,0.0,0.0,0.0,2.0,0.0,1.0,1.0,2.0,0.0,0.0,2.0,1.0,1.0,1.0,0.0,0.0,2.0,2.0,2.0,2.0,2.0,0.0,1.0
597,2.0,2.0,2.0,0.0,0.0,0.0,2.0,2.0,2.0,1.0,2.0,0.0,1.0,2.0,2.0,2.0,2.0,0.0,2.0,2.0,0.0,0.0,1.0,1.0,2.0,0.0,0.0,2.0,2.0,0.0,0.0,2.0,1.0,0.0,1.0,2.0,1.0,1.0,2.0,2.0,2.0,0.0,1.0,1.0,1.0,2.0,0.0,1.0,1.0,2.0,0.0,0.0,2.0,0.0,0.0,2.0,2.0,0.0,2.0,1.0,1.0,2.0,2.0,1.0,1.0,0.0,1.0,1.0,0.0,2.0,2.0,2.0,0.0,1.0,0.0,0.0,1.0,0.0,0.0,0.0,2.0,1.0,0.0,2.0,2.0,1.0,1.0,2.0,0.0,2.0,1.0,2.0,0.0,2.0,2.0,2.0,1.0,2.0,1.0,0.0
602,0.0,2.0,0.0,1.0,1.0,0.0,1.0,0.0,2.0,1.0,1.0,1.0,1.0,2.0,2.0,0.0,1.0,1.0,1.0,1.0,0.0,0.0,1.0,0.0,2.0,1.0,2.0,0.0,0.0,1.0,1.0,0.0,1.0,0.0,1.0,2.0,0.0,2.0,1.0,2.0,2.0,0.0,2.0,1.0,1.0,0.0,2.0,2.0,2.0,1.0,0.0,0.0,2.0,0.0,2.0,0.0,2.0,0.0,2.0,2.0,1.0,2.0,2.0,2.0,2.0,0.0,2.0,1.0,1.0,2.0,1.0,2.0,1.0,1.0,1.0,0.0,0.0,0.0,0.0,0.0,1.0,0.0,0.0,2.0,2.0,1.0,0.0,2.0,2.0,1.0,1.0,0.0,0.0,2.0,2.0,2.0,2.0,2.0,1.0,1.0
605,1.0,2.0,1.0,2.0,0.0,0.0,2.0,0.0,2.0,0.0,1.0,0.0,1.0,2.0,1.0,0.0,2.0,0.0,1.0,1.0,0.0,0.0,0.0,0.0,2.0,1.0,1.0,1.0,1.0,1.0,0.0,1.0,1.0,0.0,1.0,1.0,1.0,0.0,0.0,2.0,2.0,0.0,2.0,0.0,0.0,2.0,2.0,1.0,2.0,2.0,0.0,0.0,2.0,0.0,2.0,2.0,2.0,1.0,2.0,1.0,1.0,2.0,1.0,2.0,2.0,0.0,1.0,2.0,1.0,1.0,2.0,2.0,0.0,2.0,0.0,0.0,0.0,0.0,0.0,0.0,2.0,0.0,0.0,2.0,2.0,1.0,2.0,2.0,1.0,2.0,0.0,2.0,1.0,2.0,2.0,2.0,2.0,2.0,0.0,0.0
607,1.0,0.0,0.0,2.0,0.0,0.0,2.0,1.0,2.0,1.0,2.0,0.0,1.0,2.0,1.0,1.0,1.0,0.0,1.0,2.0,0.0,0.0,1.0,0.0,2.0,1.0,0.0,0.0,1.0,0.0,0.0,2.0,1.0,0.0,1.0,1.0,1.0,2.0,1.0,2.0,2.0,0.0,2.0,0.0,0.0,1.0,1.0,1.0,2.0,1.0,0.0,0.0,2.0,0.0,2.0,2.0,2.0,0.0,1.0,1.0,1.0,2.0,1.0,0.0,2.0,0.0,1.0,0.0,0.0,2.0,2.0,2.0,0.0,0.0,1.0,0.0,1.0,0.0,0.0,0.0,2.0,0.0,0.0,1.0,2.0,2.0,2.0,1.0,1.0,2.0,1.0,1.0,0.0,2.0,2.0,2.0,0.0,2.0,0.0,1.0
608,2.0,2.0,1.0,2.0,0.0,0.0,1.0,0.0,1.0,1.0,1.0,0.0,2.0,2.0,2.0,0.0,2.0,0.0,1.0,1.0,1.0,0.0,1.0,0.0,2.0,1.0,0.0,1.0,1.0,1.0,0.0,1.0,1.0,0.0,2.0,1.0,0.0,0.0,2.0,1.0,2.0,0.0,2.0,0.0,1.0,2.0,1.0,2.0,2.0,1.0,0.0,0.0,2.0,0.0,2.0,2.0,2.0,0.0,2.0,1.0,1.0,2.0,0.0,2.0,1.0,0.0,1.0,1.0,1.0,1.0,2.0,1.0,0.0,2.0,0.0,0.0,2.0,0.0,0.0,0.0,2.0,0.0,0.0,2.0,2.0,1.0,1.0,2.0,1.0,2.0,0.0,2.0,1.0,2.0,2.0,2.0,1.0,2.0,1.0,2.0
621,2.0,2.0,0.0,1.0,1.0,1.0,2.0,1.0,2.0,1.0,0.0,0.0,1.0,2.0,2.0,0.0,1.0,1.0,2.0,1.0,2.0,0.0,1.0,0.0,2.0,1.0,2.0,0.0,1.0,1.0,1.0,0.0,0.0,0.0,1.0,1.0,1.0,2.0,2.0,1.0,2.0,1.0,2.0,1.0,2.0,0.0,1.0,1.0,1.0,0.0,0.0,0.0,2.0,0.0,1.0,1.0,2.0,0.0,2.0,2.0,2.0,1.0,2.0,1.0,2.0,0.0,1.0,1.0,1.0,1.0,0.0,2.0,1.0,1.0,0.0,0.0,1.0,0.0,0.0,0.0,1.0,0.0,0.0,1.0,2.0,1.0,0.0,2.0,2.0,1.0,1.0,1.0,0.0,2.0,1.0,2.0,2.0,1.0,2.0,0.0
626,1.0,2.0,1.0,1.0,0.0,0.0,2.0,2.0,2.0,0.0,2.0,0.0,1.0,2.0,2.0,1.0,2.0,1.0,1.0,1.0,1.0,0.0,0.0,0.0,2.0,0.0,2.0,0.0,1.0,2.0,0.0,1.0,1.0,0.0,2.0,2.0,2.0,2.0,0.0,2.0,2.0,0.0,2.0,2.0,1.0,1.0,1.0,2.0,1.0,1.0,0.0,0.0,2.0,0.0,1.0,1.0,2.0,1.0,2.0,1.0,1.0,2.0,2.0,2.0,2.0,0.0,2.0,1.0,1.0,2.0,1.0,2.0,0.0,0.0,1.0,1.0,1.0,0.0,0.0,0.0,1.0,0.0,0.0,2.0,2.0,1.0,0.0,2.0,0.0,0.0,1.0,0.0,1.0,2.0,1.0,2.0,1.0,2.0,1.0,0.0
628,1.0,2.0,0.0,0.0,1.0,0.0,2.0,1.0,2.0,2.0,2.0,0.0,1.0,2.0,2.0,2.0,2.0,0.0,2.0,1.0,1.0,0.0,0.0,1.0,2.0,0.0,1.0,2.0,1.0,1.0,1.0,2.0,0.0,0.0,2.0,2.0,1.0,1.0,0.0,1.0,1.0,0.0,2.0,1.0,1.0,1.0,1.0,1.0,1.0,1.0,0.0,0.0,2.0,0.0,1.0,2.0,2.0,0.0,2.0,2.0,0.0,2.0,0.0,0.0,1.0,0.0,1.0,2.0,1.0,2.0,2.0,2.0,1.0,1.0,0.0,0.0,0.0,0.0,0.0,0.0,2.0,0.0,1.0,1.0,2.0,0.0,0.0,2.0,1.0,1.0,0.0,1.0,0.0,2.0,2.0,2.0,2.0,2.0,0.0,1.0
632,1.0,2.0,2.0,0.0,0.0,0.0,1.0,1.0,1.0,2.0,1.0,1.0,1.0,2.0,2.0,1.0,1.0,0.0,0.0,2.0,1.0,0.0,0.0,1.0,2.0,0.0,1.0,1.0,1.0,1.0,1.0,2.0,1.0,0.0,1.0,1.0,0.0,1.0,2.0,2.0,2.0,0.0,2.0,0.0,2.0,1.0,2.0,0.0,2.0,0.0,0.0,1.0,2.0,0.0,1.0,0.0,2.0,0.0,2.0,2.0,0.0,2.0,1.0,2.0,2.0,0.0,0.0,2.0,1.0,2.0,2.0,2.0,0.0,1.0,0.0,0.0,1.0,0.0,0.0,0.0,2.0,1.0,2.0,0.0,2.0,1.0,1.0,2.0,1.0,2.0,2.0,1.0,1.0,2.0,1.0,2.0,2.0,2.0,0.0,0.0
641,2.0,2.0,2.0,2.0,0.0,0.0,2.0,2.0,1.0,2.0,1.0,1.0,0.0,2.0,2.0,2.0,2.0,2.0,1.0,1.0,1.0,0.0,1.0,0.0,2.0,0.0,2.0,0.0,1.0,2.0,0.0,1.0,0.0,0.0,0.0,1.0,1.0,2.0,2.0,2.0,2.0,1.0,2.0,2.0,1.0,1.0,1.0,2.0,0.0,0.0,0.0,0.0,2.0,0.0,1.0,2.0,2.0,1.0,2.0,2.0,1.0,2.0,2.0,1.0,2.0,0.0,1.0,1.0,1.0,1.0,1.0,2.0,0.0,0.0,2.0,0.0,2.0,0.0,0.0,0.0,1.0,0.0,1.0,1.0,2.0,1.0,1.0,2.0,1.0,1.0,0.0,0.0,0.0,2.0,2.0,2.0,0.0,2.0,1.0,0.0
649,1.0,2.0,2.0,1.0,1.0,0.0,2.0,1.0,1.0,1.0,1.0,1.0,1.0,2.0,2.0,1.0,2.0,1.0,2.0,0.0,2.0,0.0,1.0,0.0,2.0,1.0,2.0,0.0,1.0,1.0,0.0,2.0,1.0,0.0,1.0,0.0,2.0,2.0,2.0,2.0,2.0,1.0,2.0,1.0,1.0,1.0,1.0,2.0,1.0,1.0,1.0,0.0,2.0,0.0,2.0,1.0,2.0,0.0,2.0,1.0,2.0,2.0,1.0,2.0,1.0,0.0,1.0,1.0,1.0,1.0,2.0,1.0,0.0,0.0,2.0,0.0,2.0,0.0,0.0,0.0,2.0,1.0,0.0,2.0,2.0,2.0,1.0,2.0,2.0,2.0,0.0,1.0,0.0,2.0,2.0,2.0,1.0,2.0,0.0,1.0
887,1.0,1.0,0.0,0.0,1.0,0.0,1.0,1.0,1.0,0.0,1.0,1.0,1.0,2.0,1.0,1.0,1.0,0.0,1.0,1.0,1.0,1.0,0.0,0.0,2.0,0.0,1.0,1.0,2.0,1.0,1.0,1.0,0.0,0.0,2.0,1.0,1.0,2.0,2.0,2.0,2.0,1.0,2.0,1.0,2.0,2.0,1.0,1.0,2.0,1.0,0.0,0.0,2.0,0.0,2.0,2.0,2.0,0.0,2.0,1.0,2.0,2.0,2.0,2.0,2.0,0.0,1.0,0.0,0.0,2.0,2.0,2.0,1.0,0.0,1.0,0.0,1.0,0.0,0.0,0.0,1.0,0.0,1.0,2.0,2.0,0.0,1.0,2.0,1.0,2.0,1.0,1.0,0.0,2.0,1.0,2.0,1.0,2.0,2.0,1.0
890,1.0,0.0,2.0,2.0,1.0,0.0,1.0,1.0,2.0,1.0,2.0,2.0,2.0,1.0,2.0,2.0,1.0,0.0,2.0,2.0,1.0,0.0,0.0,0.0,2.0,1.0,1.0,0.0,0.0,0.0,0.0,1.0,2.0,1.0,2.0,1.0,1.0,2.0,1.0,2.0,2.0,0.0,2.0,1.0,1.0,1.0,1.0,1.0,1.0,0.0,1.0,0.0,2.0,0.0,1.0,1.0,2.0,0.0,2.0,2.0,0.0,2.0,2.0,2.0,2.0,0.0,1.0,2.0,1.0,0.0,2.0,2.0,0.0,0.0,2.0,0.0,1.0,0.0,0.0,0.0,1.0,0.0,0.0,2.0,2.0,2.0,0.0,2.0,1.0,1.0,1.0,0.0,0.0,2.0,2.0,2.0,2.0,2.0,2.0,1.0
894,2.0,1.0,1.0,2.0,1.0,0.0,1.0,1.0,1.0,0.0,2.0,1.0,2.0,2.0,2.0,1.0,2.0,1.0,2.0,2.0,2.0,0.0,1.0,0.0,2.0,0.0,1.0,1.0,0.0,1.0,0.0,0.0,1.0,0.0,1.0,1.0,1.0,2.0,2.0,2.0,2.0,0.0,2.0,1.0,1.0,2.0,2.0,1.0,0.0,1.0,0.0,1.0,2.0,0.0,2.0,2.0,2.0,0.0,2.0,2.0,2.0,2.0,0.0,2.0,2.0,0.0,2.0,2.0,1.0,0.0,2.0,2.0,0.0,0.0,2.0,0.0,2.0,0.0,0.0,0.0,1.0,0.0,1.0,2.0,2.0,2.0,1.0,2.0,1.0,1.0,2.0,0.0,1.0,1.0,2.0,2.0,1.0,2.0,1.0,0.0
896,2.0,0.0,0.0,1.0,0.0,0.0,2.0,1.0,2.0,1.0,1.0,2.0,2.0,2.0,1.0,1.0,1.0,2.0,1.0,1.0,0.0,1.0,0.0,0.0,2.0,1.0,1.0,0.0,1.0,2.0,1.0,1.0,2.0,0.0,0.0,1.0,2.0,2.0,2.0,2.0,1.0,0.0,2.0,2.0,2.0,1.0,2.0,2.0,1.0,0.0,0.0,0.0,2.0,0.0,1.0,1.0,2.0,1.0,2.0,2.0,0.0,2.0,2.0,2.0,2.0,0.0,2.0,0.0,1.0,1.0,1.0,2.0,0.0,0.0,2.0,0.0,2.0,0.0,0.0,0.0,1.0,0.0,0.0,1.0,2.0,1.0,0.0,2.0,1.0,1.0,1.0,0.0,1.0,2.0,1.0,1.0,1.0,2.0,1.0,1.0
897,2.0,1.0,1.0,2.0,1.0,0.0,2.0,2.0,0.0,0.0,1.0,0.0,1.0,2.0,1.0,2.0,1.0,1.0,1.0,2.0,1.0,0.0,1.0,0.0,2.0,0.0,0.0,0.0,0.0,1.0,0.0,2.0,0.0,0.0,1.0,1.0,1.0,2.0,1.0,2.0,1.0,1.0,2.0,1.0,0.0,1.0,2.0,1.0,1.0,0.0,0.0,0.0,2.0,0.0,2.0,1.0,2.0,0.0,2.0,2.0,2.0,2.0,1.0,2.0,2.0,0.0,2.0,1.0,0.0,1.0,2.0,2.0,0.0,0.0,2.0,0.0,1.0,0.0,0.0,0.0,2.0,0.0,0.0,1.0,2.0,0.0,2.0,2.0,1.0,2.0,1.0,0.0,1.0,2.0,2.0,1.0,0.0,2.0,0.0,1.0
958,2.0,1.0,2.0,1.0,2.0,0.0,2.0,0.0,2.0,2.0,2.0,0.0,1.0,2.0,1.0,2.0,2.0,1.0,2.0,0.0,1.0,1.0,0.0,1.0,2.0,0.0,1.0,0.0,0.0,2.0,1.0,2.0,1.0,0.0,2.0,1.0,1.0,1.0,1.0,2.0,2.0,0.0,2.0,1.0,1.0,2.0,2.0,1.0,1.2,1.0,0.0,0.0,1.0,0.0,1.0,2.0,2.0,1.0,2.0,2.0,0.0,2.0,2.0,0.0,1.0,0.0,2.0,1.0,1.0,2.0,1.0,1.0,1.0,1.0,0.0,0.0,1.0,0.0,1.0,0.0,1.0,0.0,0.0,1.0,2.0,2.0,0.0,2.0,1.0,1.0,1.0,0.0,1.0,2.0,2.0,2.0,1.0,2.0,2.0,0.0
1009,2.0,0.0,2.0,1.0,0.0,1.0,0.0,2.0,2.0,1.0,1.0,0.0,2.0,2.0,2.0,2.0,2.0,1.0,1.0,2.0,2.0,0.0,1.0,1.0,2.0,0.0,2.0,2.0,2.0,0.0,0.0,1.0,1.0,0.0,0.0,1.0,1.0,2.0,2.0,1.0,2.0,2.0,2.0,1.0,0.0,0.0,2.0,2.0,1.0,0.0,0.0,0.0,2.0,0.0,1.0,0.0,1.0,0.0,2.0,2.0,0.0,1.0,0.0,1.0,2.0,0.0,1.0,0.0,2.0,2.0,2.0,2.0,0.0,0.0,1.0,1.0,1.0,0.0,0.0,0.0,1.0,0.0,1.0,1.0,2.0,1.0,1.0,2.0,0.0,2.0,1.0,2.0,0.0,0.0,1.0,1.0,1.0,2.0,1.0,1.0
1116,2.0,0.0,1.0,0.0,2.0,0.0,0.0,1.0,1.0,0.0,2.0,0.0,1.0,2.0,0.0,2.0,2.0,2.0,2.0,0.0,1.0,0.0,1.0,0.0,2.0,1.0,2.0,1.0,2.0,2.0,0.0,1.0,1.0,0.0,0.0,1.0,2.0,1.0,1.0,2.0,2.0,0.0,2.0,1.0,0.0,0.0,2.0,0.0,1.0,1.0,1.0,0.0,2.0,0.0,2.0,0.0,2.0,0.0,2.0,2.0,1.0,2.0,0.0,1.0,2.0,0.0,1.0,1.0,2.0,0.0,2.0,2.0,0.0,1.0,0.0,0.0,0.0,0.0,1.0,0.0,2.0,1.0,1.0,0.0,2.0,1.0,2.0,2.0,1.0,2.0,2.0,2.0,0.0,2.0,0.0,2.0,1.0,2.0,1.0,0.0
1342,2.0,0.0,1.0,0.0,1.0,0.0,2.0,2.0,1.0,0.0,0.0,0.0,2.0,2.0,1.0,2.0,2.0,2.0,2.0,1.0,2.0,0.0,2.0,0.0,2.0,1.0,2.0,2.0,1.0,0.0,0.0,1.0,1.0,0.0,1.0,0.0,2.0,2.0,2.0,1.0,2.0,0.0,2.0,1.0,0.0,1.0,1.0,2.0,1.0,2.0,0.0,0.0,2.0,0.0,2.0,1.0,2.0,0.0,2.0,2.0,0.0,2.0,1.0,2.0,2.0,0.0,0.0,2.0,2.0,1.0,2.0,2.0,1.0,1.0,2.0,0.0,1.0,0.0,0.0,0.0,2.0,0.0,0.0,0.0,2.0,1.0,2.0,1.0,1.0,2.0,1.0,2.0,0.0,2.0,1.0,2.0,0.0,2.0,1.0,0.0
1391,2.0,0.0,0.0,2.0,1.0,0.0,2.0,2.0,2.0,0.0,1.0,0.0,1.0,1.0,1.0,2.0,2.0,0.0,2.0,1.0,1.0,0.0,1.0,0.0,2.0,1.0,1.0,1.0,2.0,1.0,0.0,2.0,0.0,0.0,1.0,1.0,1.0,2.0,0.0,1.0,2.0,1.0,1.0,0.0,0.0,1.0,1.0,2.0,1.0,0.0,0.0,0.0,2.0,1.0,2.0,0.0,1.0,0.0,2.0,1.0,1.0,2.0,1.0,2.0,2.0,1.0,1.0,2.0,2.0,1.0,2.0,1.0,0.0,1.0,0.0,0.0,1.0,0.0,1.0,0.0,2.0,0.0,0.0,2.0,1.0,0.0,2.0,2.0,1.0,2.0,1.0,1.0,0.0,2.0,2.0,2.0,0.0,2.0,1.0,2.0
1393,2.0,1.0,1.0,2.0,0.0,1.0,2.0,2.0,2.0,0.0,1.0,0.0,1.0,1.0,2.0,2.0,2.0,1.0,1.0,1.0,2.0,0.0,1.0,0.0,2.0,1.0,1.0,1.0,0.0,1.0,0.0,1.0,1.0,0.0,0.0,1.0,1.0,0.0,2.0,1.0,2.0,0.0,2.0,2.0,0.0,0.0,2.0,1.0,2.0,0.0,0.0,0.0,2.0,0.0,2.0,0.0,1.0,0.0,2.0,2.0,1.0,2.0,0.0,1.0,2.0,0.0,1.0,1.0,0.0,0.0,1.0,2.0,0.0,1.0,0.0,0.0,1.0,0.0,0.0,0.0,2.0,0.0,0.0,1.0,2.0,0.0,2.0,2.0,1.0,2.0,1.0,1.0,2.0,2.0,1.0,2.0,0.0,2.0,1.0,0.0
1415,2.0,1.0,2.0,1.0,1.0,0.0,2.0,2.0,1.0,0.0,0.0,0.0,0.0,2.0,2.0,2.0,2.0,1.0,1.0,2.0,2.0,0.0,1.0,0.0,2.0,1.0,2.0,1.0,2.0,1.0,0.0,2.0,2.0,0.0,1.0,1.0,1.0,1.0,0.0,2.0,2.0,2.0,2.0,2.0,0.0,0.0,2.0,0.0,1.0,0.0,0.0,0.0,2.0,0.0,2.0,0.0,2.0,0.0,2.0,2.0,0.0,2.0,0.0,1.0,2.0,0.0,1.0,1.0,0.0,2.0,2.0,2.0,1.0,1.0,1.0,0.0,1.0,0.0,1.0,0.0,1.0,0.0,1.0,1.0,2.0,2.0,2.0,1.0,1.0,2.0,0.0,2.0,0.0,2.0,2.0,2.0,1.0,2.0,1.0,0.0
1417,1.0,1.0,2.0,1.0,1.0,0.0,2.0,2.0,1.0,0.0,1.0,2.0,0.0,2.0,2.0,2.0,2.0,1.0,1.0,0.0,2.0,0.0,2.0,1.0,2.0,1.0,1.0,1.0,2.0,1.0,0.0,2.0,1.0,0.0,0.0,1.0,1.0,1.0,1.0,1.0,2.0,1.0,2.0,1.0,0.0,0.0,2.0,2.0,1.0,0.0,0.0,0.0,2.0,0.0,2.0,1.0,2.0,0.0,2.0,1.0,0.0,2.0,0.0,1.0,2.0,0.0,1.0,1.0,2.0,0.0,2.0,2.0,0.0,1.0,1.0,0.0,0.0,0.0,0.0,0.0,2.0,1.0,1.0,0.0,2.0,1.0,2.0,2.0,0.0,2.0,1.0,1.0,0.0,2.0,2.0,2.0,2.0,2.0,1.0,1.0
1430,2.0,0.0,0.0,1.0,1.0,0.0,1.0,2.0,2.0,1.0,0.0,0.0,2.0,2.0,2.0,2.0,2.0,1.0,2.0,1.0,2.0,0.0,1.0,0.0,2.0,1.0,1.0,0.0,1.0,0.0,0.0,2.0,0.0,0.0,0.0,1.0,1.0,2.0,1.0,0.0,2.0,2.0,2.0,0.0,0.0,0.0,2.0,1.0,2.0,0.0,0.0,0.0,2.0,0.0,1.0,1.0,1.0,0.0,2.0,2.0,0.0,1.0,0.0,2.0,2.0,1.0,0.0,1.0,2.0,1.0,2.0,1.0,0.0,0.0,1.0,0.0,1.0,0.0,0.0,0.0,1.0,0.0,2.0,1.0,2.0,0.0,2.0,2.0,1.0,2.0,2.0,1.0,0.0,2.0,1.0,2.0,1.0,2.0,1.0,0.0
1457,1.0,0.0,2.0,0.0,0.0,0.0,0.0,2.0,2.0,0.0,1.0,0.0,1.0,1.0,1.0,2.0,2.0,1.0,1.0,1.0,1.0,0.0,1.0,0.0,2.0,2.0,2.0,0.0,2.0,1.0,0.0,2.0,2.0,0.0,1.0,2.0,2.0,2.0,2.0,2.0,2.0,0.0,1.0,1.0,0.0,2.0,2.0,2.0,1.0,1.0,0.0,0.0,2.0,0.0,2.0,0.0,0.0,0.0,2.0,2.0,2.0,2.0,0.0,1.0,2.0,0.0,2.0,1.0,0.0,1.0,2.0,1.0,0.0,0.0,0.0,0.0,0.0,0.0,0.0,0.0,2.0,0.0,0.0,2.0,2.0,0.0,1.0,2.0,0.0,2.0,1.0,2.0,0.0,1.0,2.0,2.0,1.0,2.0,1.0,2.0
1462,1.0,1.0,1.0,0.0,0.0,0.0,1.0,0.0,1.0,1.0,0.0,1.0,2.0,2.0,1.0,2.0,2.0,1.0,2.0,2.0,2.0,0.0,0.0,1.0,2.0,0.0,2.0,1.0,2.0,0.0,0.0,1.0,1.0,0.0,1.0,1.0,2.0,2.0,0.0,2.0,2.0,2.0,2.0,2.0,0.0,0.0,2.0,1.0,2.0,1.0,0.0,0.0,2.0,0.0,2.0,0.0,1.0,0.0,2.0,1.0,0.0,0.0,0.0,1.0,2.0,0.0,1.0,1.0,1.0,0.0,2.0,2.0,0.0,0.0,0.0,1.0,0.0,0.0,2.0,0.0,2.0,1.0,0.0,2.0,2.0,0.0,0.0,2.0,0.0,2.0,1.0,2.0,1.0,2.0,0.0,2.0,1.0,2.0,0.0,0.0
1472,2.0,1.0,1.0,0.0,1.0,0.0,0.0,2.0,1.0,1.0,2.0,1.0,2.0,2.0,2.0,2.0,2.0,2.0,1.0,0.0,2.0,0.0,0.0,2.0,2.0,2.0,2.0,0.0,2.0,2.0,0.0,2.0,0.0,1.0,0.0,1.0,2.0,2.0,1.0,0.0,2.0,2.0,1.0,1.0,0.0,1.0,1.0,0.0,1.0,0.0,0.0,0.0,2.0,0.0,2.0,0.0,1.0,0.0,2.0,2.0,1.0,2.0,1.0,2.0,2.0,0.0,2.0,0.0,1.0,0.0,2.0,1.0,0.0,0.0,1.0,1.0,0.0,0.0,1.0,0.0,1.0,0.0,0.0,1.0,2.0,0.0,2.0,1.0,0.0,2.0,2.0,1.0,1.0,1.0,1.0,2.0,0.0,2.0,1.0,2.0
1480,2.0,0.0,1.0,1.0,0.0,0.0,2.0,1.0,1.0,0.0,1.0,1.0,0.0,2.0,2.0,2.0,2.0,2.0,2.0,1.0,2.0,0.0,2.0,0.0,2.0,1.0,1.0,2.0,1.0,1.0,0.0,2.0,0.0,0.0,1.0,1.0,1.0,2.0,2.0,1.0,2.0,1.0,2.0,0.0,0.0,1.0,2.0,2.0,1.0,1.0,0.0,0.0,2.0,0.0,1.0,2.0,2.0,0.0,2.0,1.0,1.0,2.0,1.0,2.0,2.0,0.0,1.0,2.0,2.0,1.0,2.0,2.0,0.0,0.0,1.0,0.0,0.0,0.0,0.0,0.0,2.0,0.0,0.0,0.0,2.0,1.0,1.0,1.0,1.0,2.0,1.0,1.0,0.0,2.0,2.0,2.0,1.0,2.0,1.0,0.0
1483,2.0,0.0,1.0,1.0,1.0,0.0,0.0,2.0,2.0,0.0,2.0,1.0,0.0,1.0,1.0,2.0,2.0,2.0,0.0,1.0,2.0,0.0,1.0,0.0,2.0,1.0,2.0,1.0,1.0,1.0,0.0,2.0,2.0,0.0,0.0,2.0,1.0,1.0,2.0,1.0,2.0,1.0,1.0,0.0,0.0,1.0,2.0,2.0,0.0,0.0,0.0,0.0,2.0,0.0,2.0,1.0,2.0,0.0,2.0,2.0,2.0,2.0,1.0,1.0,2.0,1.0,2.0,2.0,1.0,1.0,1.0,1.0,0.0,0.0,0.0,0.0,1.0,0.0,0.0,0.0,2.0,1.0,0.0,1.0,2.0,0.0,2.0,1.0,0.0,2.0,1.0,2.0,0.0,2.0,0.0,2.0,1.0,2.0,0.0,0.0
1489,2.0,0.0,2.0,1.0,1.0,1.0,0.0,2.0,1.0,1.0,0.0,0.0,1.0,2.0,2.0,1.0,2.0,1.0,2.0,2.0,2.0,0.0,0.0,0.0,2.0,1.0,1.0,2.0,2.0,0.0,0.0,2.0,1.0,0.0,1.0,1.0,2.0,2.0,2.0,1.0,2.0,0.0,2.0,1.0,0.0,0.0,2.0,0.0,2.0,0.0,0.0,0.0,2.0,0.0,2.0,0.0,1.0,1.0,2.0,2.0,1.0,1.0,0.0,2.0,2.0,0.0,0.0,1.0,1.0,0.0,1.0,1.0,1.0,0.0,1.0,1.0,1.0,0.0,0.0,0.0,2.0,2.0,0.0,1.0,2.0,1.0,0.0,1.0,1.0,2.0,1.0,2.0,1.0,2.0,1.0,2.0,0.0,2.0,0.0,0.0
1492,1.0,1.0,1.0,1.0,0.0,0.0,2.0,1.0,2.0,1.0,1.0,0.0,0.0,2.0,2.0,2.0,2.0,1.0,2.0,0.0,1.0,0.0,2.0,0.0,2.0,2.0,2.0,1.0,0.0,0.0,0.0,1.0,1.0,0.0,0.0,1.0,1.0,2.0,2.0,1.0,2.0,1.0,1.0,1.0,0.0,1.0,2.0,2.0,1.0,1.0,0.0,0.0,2.0,0.0,2.0,0.0,1.0,0.0,2.0,2.0,0.0,2.0,0.0,2.0,2.0,1.0,2.0,2.0,1.0,1.0,2.0,1.0,0.0,0.0,1.0,0.0,1.0,0.0,0.0,0.0,2.0,1.0,0.0,1.0,2.0,1.0,2.0,1.0,2.0,2.0,0.0,0.0,0.0,1.0,1.0,2.0,1.0,2.0,0.0,1.0
1495,2.0,1.0,2.0,0.0,1.0,0.0,1.0,2.0,2.0,0.0,0.0,1.0,0.0,2.0,2.0,2.0,2.0,2.0,1.0,1.0,1.0,0.0,1.0,1.0,2.0,0.0,0.0,1.0,1.0,1.0,0.0,2.0,1.0,0.0,0.0,1.0,2.0,0.0,1.0,2.0,2.0,0.0,2.0,1.0,0.0,1.0,2.0,2.0,0.0,1.0,0.0,0.0,2.0,0.0,2.0,1.0,2.0,0.0,2.0,1.0,1.0,2.0,0.0,2.0,2.0,0.0,0.0,1.0,1.0,1.0,2.0,2.0,0.0,1.0,0.0,0.0,0.0,0.0,0.0,0.0,2.0,1.0,1.0,0.0,2.0,2.0,1.0,2.0,0.0,2.0,1.0,2.0,0.0,2.0,1.0,2.0,1.0,2.0,0.0,1.0
1499,0.0,0.0,1.0,0.0,2.0,0.0,1.0,2.0,1.0,1.0,1.0,1.0,0.0,2.0,2.0,1.0,2.0,1.0,1.0,0.0,2.0,1.0,2.0,0.0,2.0,1.0,0.0,0.0,2.0,0.0,0.0,2.0,0.0,0.0,0.0,2.0,2.0,0.0,0.0,0.0,2.0,1.0,2.0,1.0,0.0,1.0,2.0,1.0,1.0,0.0,0.0,0.0,2.0,0.0,2.0,0.0,2.0,0.0,2.0,1.0,0.0,2.0,0.0,1.0,2.0,0.0,0.0,2.0,2.0,1.0,2.0,1.0,1.0,2.0,0.0,0.0,1.0,0.0,1.0,0.0,2.0,2.0,0.0,1.0,2.0,1.0,2.0,2.0,1.0,2.0,2.0,1.0,0.0,2.0,1.0,2.0,1.0,2.0,0.0,1.0
1507,2.0,1.0,1.0,0.0,2.0,0.0,1.0,2.0,0.0,1.0,0.0,1.0,1.0,2.0,2.0,1.0,2.0,0.0,1.0,1.0,1.0,0.0,1.0,0.0,2.0,0.0,2.0,1.0,2.0,0.0,0.0,1.0,1.0,1.0,1.0,0.0,2.0,2.0,1.0,1.0,2.0,1.0,2.0,1.0,0.0,0.0,1.0,1.0,2.0,1.0,0.0,0.0,2.0,0.0,2.0,0.0,2.0,0.0,2.0,1.0,1.0,2.0,0.0,2.0,2.0,0.0,2.0,1.0,2.0,0.0,2.0,2.0,1.0,1.0,1.0,1.0,1.0,0.0,1.0,0.0,2.0,0.0,0.0,0.0,2.0,0.0,1.0,1.0,2.0,2.0,2.0,1.0,0.0,2.0,2.0,2.0,0.0,2.0,1.0,1.0
1516,2.0,0.0,1.0,2.0,1.0,0.0,2.0,2.0,2.0,0.0,0.0,0.0,2.0,2.0,2.0,2.0,2.0,1.0,2.0,1.0,1.0,0.0,2.0,0.0,2.0,1.0,2.0,1.0,2.0,1.0,0.0,2.0,2.0,0.0,1.0,2.0,0.0,2.0,2.0,2.0,2.0,1.0,2.0,1.0,0.0,0.0,1.0,1.0,2.0,0.0,0.0,0.0,2.0,0.0,2.0,0.0,2.0,0.0,2.0,2.0,1.0,2.0,1.0,2.0,2.0,1.0,1.0,1.0,2.0,1.0,2.0,2.0,0.0,0.0,0.0,0.0,1.0,0.0,0.0,0.0,1.0,1.0,0.0,1.0,2.0,1.0,2.0,1.0,1.0,2.0,2.0,2.0,0.0,2.0,1.0,2.0,0.0,2.0,0.0,1.0
1517,2.0,0.0,2.0,0.0,1.0,0.0,2.0,2.0,1.0,0.0,1.0,1.0,2.0,2.0,2.0,1.0,2.0,1.0,2.0,2.0,2.0,0.0,1.0,0.0,2.0,0.0,2.0,2.0,1.24,0.0,0.0,1.0,2.0,1.0,0.0,1.0,2.0,2.0,1.0,2.0,2.0,1.0,2.0,1.0,0.0,1.0,2.0,1.0,2.0,0.0,0.0,0.0,2.0,0.0,2.0,0.0,2.0,0.0,2.0,2.0,0.0,1.0,0.0,2.0,2.0,0.0,1.0,1.0,2.0,0.0,2.0,2.0,0.0,0.0,0.0,1.0,0.0,0.0,1.0,0.0,2.0,0.0,1.0,1.0,2.0,0.0,0.0,2.0,2.0,2.0,2.0,2.0,1.0,2.0,1.0,1.0,1.0,2.0,0.0,2.0
1518,2.0,1.0,2.0,0.0,1.0,0.0,1.0,2.0,0.0,0.0,1.0,1.0,1.0,2.0,2.0,1.0,2.0,1.0,1.0,0.0,2.0,0.0,1.0,0.0,1.0,0.0,2.0,2.0,2.0,1.0,0.0,1.0,0.0,0.0,0.0,0.0,2.0,2.0,0.0,0.0,2.0,1.0,2.0,1.0,0.0,0.0,2.0,1.0,2.0,0.0,0.0,0.0,2.0,0.0,2.0,1.0,2.0,1.0,2.0,2.0,0.0,1.0,2.0,1.0,2.0,0.0,2.0,1.0,1.0,0.0,1.0,1.0,0.0,0.0,1.0,0.0,0.0,0.0,1.0,0.0,1.0,0.0,1.0,1.0,2.0,0.0,0.0,1.0,1.0,2.0,2.0,1.0,0.0,1.0,1.0,1.0,0.0,2.0,1.0,1.0
1526,2.0,0.0,2.0,2.0,1.0,0.0,1.0,2.0,2.0,1.0,0.0,0.0,1.0,2.0,2.0,2.0,1.0,1.0,0.0,1.0,1.0,0.0,0.0,1.0,2.0,1.0,2.0,2.0,2.0,1.0,0.0,0.0,0.0,0.0,0.0,0.0,1.0,1.0,0.0,0.0,2.0,2.0,1.0,2.0,0.0,0.0,2.0,2.0,2.0,0.0,0.0,0.0,2.0,0.0,2.0,1.0,1.0,0.0,2.0,1.0,0.0,2.0,1.0,1.0,2.0,0.0,1.0,1.0,2.0,0.0,2.0,2.0,0.0,2.0,0.0,0.0,0.0,0.0,1.0,0.0,1.0,0.0,1.0,2.0,2.0,1.0,2.0,2.0,0.0,2.0,2.0,2.0,0.0,2.0,1.0,2.0,1.0,2.0,0.0,0.0
1528,2.0,0.0,1.0,2.0,1.0,0.0,2.0,2.0,2.0,1.0,0.0,0.0,0.0,2.0,2.0,2.0,2.0,2.0,1.0,1.0,2.0,0.0,0.0,0.0,2.0,1.0,1.0,2.0,1.0,1.0,0.0,1.0,0.0,0.0,0.0,1.0,1.0,1.0,1.0,0.0,2.0,1.0,2.0,2.0,0.0,1.0,2.0,1.0,2.0,0.0,0.0,0.0,2.0,0.0,2.0,0.0,2.0,0.0,2.0,2.0,2.0,2.0,0.0,1.0,2.0,0.0,0.0,2.0,1.0,1.0,1.0,1.0,0.0,0.0,0.0,0.0,0.0,0.0,1.0,0.0,2.0,0.0,1.0,1.0,2.0,0.0,2.0,2.0,0.0,2.0,1.0,1.0,1.0,2.0,1.0,2.0,0.0,2.0,1.0,0.0
1530,2.0,0.0,2.0,1.0,2.0,0.0,2.0,2.0,1.0,0.0,1.0,0.0,1.0,2.0,2.0,2.0,2.0,2.0,1.0,2.0,2.0,0.0,1.0,1.0,2.0,2.0,2.0,1.0,2.0,2.0,0.0,2.0,1.0,1.0,2.0,1.0,2.0,2.0,0.0,2.0,2.0,1.0,1.0,2.0,0.0,0.0,2.0,1.0,0.0,0.0,0.0,0.0,2.0,0.0,2.0,1.0,2.0,0.0,2.0,2.0,0.0,2.0,1.0,1.0,2.0,0.0,0.0,2.0,1.0,1.0,2.0,2.0,1.0,0.0,2.0,0.0,1.0,0.0,1.0,0.0,1.0,0.0,0.0,1.0,2.0,1.0,2.0,1.0,1.0,2.0,1.0,2.0,0.0,1.0,2.0,2.0,1.0,2.0,1.0,0.0
1531,2.0,0.0,1.0,1.0,1.0,2.0,1.0,2.0,2.0,0.0,1.0,0.0,1.0,1.0,2.0,2.0,1.0,0.0,1.0,0.0,1.0,0.0,1.0,0.0,2.0,2.0,2.0,1.0,1.0,1.0,0.0,1.0,0.0,1.0,1.0,1.0,1.0,2.0,2.0,1.0,2.0,1.0,2.0,1.0,0.0,2.0,2.0,1.0,1.0,0.0,0.0,0.0,2.0,0.0,2.0,1.0,0.0,0.0,2.0,2.0,0.0,1.0,1.0,2.0,2.0,0.0,0.0,1.0,2.0,0.0,2.0,2.0,1.0,0.0,0.0,0.0,0.0,0.0,0.0,0.0,1.0,0.0,0.0,0.0,2.0,0.0,1.0,2.0,1.0,2.0,1.0,1.0,1.0,2.0,2.0,2.0,1.0,2.0,1.0,1.0
1539,1.0,1.0,1.0,1.0,1.0,0.0,1.0,2.0,1.0,0.0,0.0,0.0,2.0,1.0,1.0,2.0,2.0,2.0,1.0,1.0,1.0,0.0,2.0,0.0,2.0,1.0,2.0,2.0,0.0,1.0,0.0,2.0,2.0,0.0,0.0,0.0,1.0,1.0,2.0,2.0,2.0,0.0,1.0,1.0,0.0,1.0,2.0,0.0,1.0,1.0,1.0,0.0,2.0,0.0,1.0,0.0,1.0,0.0,2.0,1.0,1.0,1.0,0.0,2.0,2.0,0.0,1.0,1.0,2.0,1.0,2.0,1.0,0.0,1.0,0.0,0.0,1.0,0.0,0.0,0.0,2.0,0.0,0.0,2.0,2.0,1.0,1.0,2.0,1.0,2.0,0.0,1.0,0.0,1.0,1.0,2.0,1.0,2.0,1.0,0.0
1592,1.0,2.0,0.0,1.0,1.0,1.0,2.0,2.0,2.0,0.0,2.0,0.0,1.0,2.0,1.0,1.0,0.0,1.0,2.0,0.0,1.0,0.0,1.0,0.0,2.0,1.0,0.0,0.0,0.0,0.0,0.0,1.0,0.0,0.0,0.0,0.0,1.0,1.0,0.0,0.0,2.0,1.0,0.0,1.0,1.0,1.0,1.0,2.0,2.0,0.0,1.0,1.0,2.0,0.0,1.0,2.0,1.0,0.0,2.0,1.0,1.0,2.0,2.0,2.0,2.0,0.0,2.0,1.0,0.0,2.0,2.0,1.0,0.0,1.0,1.0,1.0,2.0,0.0,0.0,2.0,2.0,0.0,0.0,1.0,2.0,1.0,0.0,2.0,0.0,1.0,2.0,1.0,0.0,2.0,2.0,2.0,1.0,2.0,1.0,1.0
1656,1.0,2.0,2.0,2.0,1.0,0.0,2.0,1.0,1.0,2.0,0.0,1.0,0.0,1.0,1.0,1.0,2.0,1.0,1.0,0.0,1.0,0.0,1.0,0.0,2.0,2.0,0.0,2.0,2.0,0.0,0.0,1.0,1.0,0.0,0.0,1.0,1.0,2.0,0.0,1.0,2.0,0.0,1.0,1.0,0.0,0.0,2.0,1.0,1.0,1.0,1.0,0.0,2.0,0.0,2.0,0.0,2.0,0.0,2.0,0.0,0.0,2.0,1.0,1.0,2.0,0.0,1.0,2.0,2.0,1.0,1.0,2.0,0.0,0.0,1.0,0.0,1.0,0.0,0.0,0.0,2.0,0.0,1.0,1.0,2.0,1.0,1.0,2.0,0.0,2.0,0.0,0.0,0.0,2.0,1.0,2.0,2.0,2.0,1.0,0.0
1669,0.0,1.0,2.0,0.0,1.0,0.0,2.0,1.0,2.0,1.0,1.0,2.0,0.0,2.0,1.0,2.0,2.0,0.0,1.0,1.0,2.0,0.0,0.0,0.0,2.0,0.0,1.0,1.0,1.0,0.0,0.0,2.0,1.0,0.0,0.0,2.0,2.0,1.0,2.0,1.0,2.0,1.0,1.0,1.0,0.0,0.0,1.0,2.0,0.0,0.0,1.0,0.0,1.0,1.0,2.0,2.0,2.0,0.0,2.0,1.0,0.0,2.0,1.0,1.0,2.0,0.0,2.0,1.0,1.0,1.0,2.0,2.0,0.0,1.0,2.0,1.0,1.0,0.0,1.0,0.0,2.0,0.0,0.0,1.0,2.0,1.0,2.0,2.0,2.0,1.0,1.0,1.0,0.0,2.0,1.0,2.0,2.0,2.0,0.0,0.0
1680,1.0,1.0,2.0,2.0,1.0,1.0,1.0,1.0,1.0,1.0,1.0,1.0,1.0,2.0,2.0,0.0,2.0,1.0,2.0,1.0,1.0,0.0,0.0,1.0,2.0,1.0,0.0,0.0,0.0,0.0,0.0,2.0,0.0,0.0,1.0,1.0,1.0,1.0,1.0,1.0,2.0,1.0,1.0,1.0,0.0,0.0,1.0,0.0,1.0,1.0,1.0,0.0,2.0,0.0,2.0,1.0,2.0,0.0,2.0,1.0,0.0,2.0,1.0,0.0,2.0,0.0,0.0,1.0,1.0,0.0,2.0,2.0,0.0,1.0,1.0,0.0,1.0,0.0,0.0,0.0,2.0,0.0,1.0,0.0,2.0,1.0,1.0,2.0,0.0,2.0,1.0,2.0,1.0,1.0,1.0,2.0,1.0,2.0,1.0,2.0
1683,2.0,2.0,1.0,0.0,0.0,1.0,2.0,2.0,2.0,2.0,1.0,0.0,1.0,2.0,1.0,1.0,2.0,0.0,1.0,1.0,1.0,0.0,0.0,0.0,2.0,0.0,0.0,0.0,1.0,0.0,0.0,2.0,0.0,0.0,1.0,0.0,1.0,2.0,2.0,2.0,2.0,1.0,1.0,2.0,0.0,1.0,0.0,1.0,1.0,0.0,0.0,0.0,2.0,0.0,2.0,1.0,2.0,0.0,2.0,2.0,0.0,2.0,0.0,2.0,2.0,0.0,1.0,2.0,0.0,1.0,2.0,2.0,0.0,0.0,1.0,0.0,2.0,0.0,0.0,0.0,1.0,0.0,0.0,0.0,2.0,2.0,2.0,2.0,1.0,1.0,2.0,2.0,0.0,1.0,1.0,2.0,2.0,2.0,1.0,1.0
1684,1.0,1.0,0.0,2.0,1.0,1.0,1.0,1.0,2.0,2.0,2.0,1.0,2.0,2.0,1.0,1.0,1.0,0.0,0.0,0.0,1.0,1.0,1.0,0.0,2.0,1.0,0.0,1.0,1.0,0.0,0.0,1.0,1.0,0.0,0.0,1.0,1.0,1.0,2.0,1.0,2.0,2.0,1.0,0.0,0.0,0.0,1.0,1.0,1.0,0.0,0.0,0.0,2.0,0.0,1.0,0.0,2.0,0.0,2.0,1.0,0.0,2.0,1.0,2.0,2.0,0.0,1.0,1.0,0.0,2.0,2.0,1.0,0.0,1.0,0.0,1.0,1.0,0.0,0.0,0.0,2.0,0.0,0.0,0.0,2.0,2.0,2.0,2.0,0.0,1.0,0.0,1.0,0.0,0.0,2.0,2.0,1.0,2.0,1.0,1.0
1686,1.0,2.0,0.0,1.0,1.0,0.0,2.0,2.0,2.0,1.0,0.0,1.0,0.0,2.0,1.0,2.0,2.0,0.0,1.0,0.0,1.0,0.0,1.0,0.0,2.0,0.0,0.0,0.0,0.0,0.0,0.0,2.0,0.0,0.0,1.0,1.0,2.0,1.0,1.0,1.0,2.0,1.0,1.0,0.0,0.0,0.0,1.0,1.0,1.0,0.0,0.0,0.0,1.0,0.0,2.0,0.0,2.0,0.0,2.0,2.0,1.0,2.0,0.0,1.0,2.0,0.0,2.0,1.0,0.0,1.0,2.0,2.0,0.0,0.0,1.0,1.0,1.0,0.0,1.0,0.0,1.0,0.0,1.0,1.0,2.0,1.0,2.0,2.0,1.0,1.0,1.0,0.0,0.0,2.0,1.0,2.0,2.0,2.0,2.0,2.0
1687,2.0,2.0,0.0,0.0,0.0,2.0,2.0,2.0,2.0,0.0,1.0,1.0,2.0,2.0,0.0,2.0,2.0,0.0,1.0,0.0,2.0,0.0,1.0,0.0,2.0,0.0,1.0,0.0,0.0,0.0,1.0,2.0,1.0,0.0,0.0,1.0,1.0,2.0,1.0,2.0,2.0,1.0,2.0,1.0,0.0,0.0,2.0,1.0,2.0,0.0,0.0,0.0,1.0,0.0,2.0,0.0,2.0,0.0,2.0,2.0,0.0,2.0,0.0,1.0,2.0,0.0,1.0,1.0,0.0,2.0,2.0,2.0,0.0,0.0,1.0,1.0,2.0,0.0,1.0,0.0,1.0,0.0,0.0,1.0,2.0,2.0,2.0,2.0,1.0,0.0,2.0,1.0,0.0,1.0,2.0,2.0,1.0,2.0,1.0,1.0
1691,1.0,2.0,0.0,0.0,0.0,1.0,2.0,1.0,2.0,0.0,1.0,1.0,2.0,2.0,1.0,2.0,2.0,0.0,1.0,1.0,2.0,0.0,0.0,1.0,2.0,0.0,1.0,0.0,0.0,0.0,1.0,0.0,1.0,0.0,0.0,0.0,1.0,1.0,1.0,2.0,2.0,1.0,2.0,0.0,0.0,1.0,1.0,1.0,2.0,0.0,0.0,0.0,2.0,0.0,2.0,1.0,2.0,0.0,2.0,2.0,0.0,2.0,0.0,1.0,2.0,0.0,1.0,2.0,0.0,2.0,2.0,2.0,0.0,1.0,1.0,0.0,2.0,0.0,0.0,0.0,2.0,0.0,0.0,0.0,2.0,2.0,2.0,2.0,0.0,1.0,2.0,2.0,0.0,1.0,2.0,2.0,2.0,2.0,1.0,1.0
1700,2.0,2.0,1.0,0.0,1.0,1.0,2.0,2.0,2.0,2.0,0.0,1.0,2.0,2.0,1.0,2.0,1.0,0.0,0.0,2.0,1.0,0.0,1.0,1.0,2.0,0.0,0.0,0.0,2.0,2.0,0.0,0.0,2.0,0.0,0.0,0.0,1.0,2.0,1.0,2.0,2.0,2.0,0.0,1.0,1.0,1.0,2.0,1.0,2.0,1.0,0.0,0.0,2.0,0.0,2.0,0.0,2.0,0.0,1.0,2.0,0.0,2.0,1.0,2.0,2.0,0.0,1.0,2.0,0.0,1.0,2.0,1.0,0.0,0.0,0.0,0.0,0.0,0.0,0.0,0.0,2.0,1.0,0.0,1.0,2.0,2.0,2.0,2.0,0.0,1.0,1.0,2.0,0.0,1.0,2.0,2.0,1.0,2.0,1.0,2.0
1744,1.0,1.0,0.0,2.0,1.0,0.0,2.0,2.0,2.0,2.0,2.0,0.0,2.0,2.0,1.0,2.0,1.0,2.0,0.0,2.0,0.0,0.0,2.0,0.0,2.0,0.0,2.0,0.0,1.0,1.0,0.0,2.0,2.0,0.0,0.0,1.0,1.0,1.0,1.0,2.0,2.0,1.0,2.0,1.0,0.0,2.0,2.0,0.0,1.0,1.0,0.0,0.0,2.0,0.0,1.0,2.0,2.0,0.0,2.0,2.0,1.0,2.0,1.0,0.0,2.0,0.0,1.0,2.0,1.0,1.0,2.0,1.0,0.0,0.0,1.0,1.0,1.0,0.0,0.0,1.0,1.0,0.0,1.0,2.0,1.0,1.0,0.0,2.0,1.0,1.0,0.0,1.0,0.0,2.0,2.0,2.0,2.0,2.0,1.0,1.0
1749,0.0,1.0,2.0,2.0,0.0,1.0,2.0,0.0,2.0,1.0,0.0,2.0,0.0,2.0,1.0,1.0,2.0,2.0,1.0,0.0,1.0,0.0,0.0,1.0,2.0,1.0,1.0,0.0,2.0,2.0,0.0,2.0,2.0,0.0,0.0,0.0,1.0,2.0,2.0,2.0,2.0,1.0,2.0,0.0,1.0,0.0,2.0,1.0,1.0,1.0,1.0,0.0,1.0,0.0,0.0,1.0,2.0,0.0,2.0,1.0,1.0,2.0,0.0,1.0,2.0,0.0,0.0,1.0,1.0,0.0,2.0,1.0,0.0,0.0,0.0,1.0,0.0,0.0,1.0,0.0,2.0,0.0,1.0,1.0,2.0,0.0,1.0,2.0,0.0,2.0,1.0,0.0,0.0,1.0,2.0,1.0,2.0,2.0,1.0,0.0
1751,2.0,0.0,1.0,1.0,1.0,0.0,2.0,2.0,2.0,2.0,1.0,0.0,2.0,2.0,2.0,2.0,2.0,2.0,0.0,2.0,1.0,0.0,0.0,0.0,2.0,0.0,2.0,0.0,1.0,0.0,1.0,2.0,2.0,0.0,1.0,1.0,1.0,1.0,1.0,2.0,2.0,0.0,2.0,0.0,0.0,1.0,2.0,1.0,2.0,0.0,0.0,0.0,2.0,0.0,2.0,1.0,2.0,0.0,2.0,2.0,1.0,2.0,0.0,1.0,2.0,0.0,0.0,1.0,0.0,1.0,2.0,1.0,0.0,1.0,1.0,0.0,1.0,0.0,0.0,1.0,2.0,1.0,1.0,2.0,2.0,0.0,1.0,2.0,0.0,1.0,0.0,1.0,0.0,2.0,2.0,1.0,2.0,2.0,1.0,2.0
1753,1.0,2.0,0.0,1.0,0.0,0.0,2.0,1.0,2.0,1.0,1.0,1.0,2.0,2.0,2.0,1.0,2.0,2.0,2.0,2.0,1.0,0.0,0.0,1.0,2.0,2.0,2.0,0.0,0.0,0.0,0.0,1.0,0.0,0.0,0.0,2.0,2.0,0.0,1.0,2.0,2.0,0.0,2.0,0.0,2.0,2.0,1.0,1.0,2.0,0.0,0.0,0.0,2.0,0.0,2.0,2.0,2.0,1.0,2.0,2.0,0.0,1.0,1.0,1.0,2.0,0.0,1.0,1.0,1.0,2.0,2.0,1.0,0.0,2.0,1.0,0.0,1.0,0.0,0.0,0.0,2.0,0.0,1.0,2.0,2.0,2.0,2.0,2.0,1.0,1.0,2.0,0.0,1.0,2.0,2.0,2.0,2.0,2.0,0.0,1.0
1755,1.0,0.0,1.0,1.0,0.0,1.0,2.0,2.0,2.0,1.0,1.0,0.0,2.0,2.0,1.0,1.0,2.0,0.0,0.0,1.0,1.0,0.0,1.0,1.0,2.0,0.0,1.0,0.0,1.0,1.0,0.0,2.0,1.0,0.0,0.0,1.0,1.0,0.0,2.0,2.0,2.0,0.0,2.0,1.0,0.0,0.0,1.0,1.0,2.0,0.0,1.0,0.0,1.0,0.0,1.0,0.0,2.0,0.0,2.0,1.0,2.0,2.0,0.0,2.0,2.0,0.0,0.0,1.0,0.0,0.0,2.0,2.0,0.0,0.0,0.0,0.0,1.0,0.0,1.0,0.0,2.0,2.0,0.0,2.0,1.0,2.0,1.0,2.0,1.0,1.0,0.0,0.0,0.0,2.0,2.0,2.0,1.0,2.0,0.0,1.0
1757,2.0,2.0,1.0,0.0,0.0,1.0,2.0,1.0,1.0,0.0,1.0,0.0,1.0,2.0,1.0,2.0,2.0,2.0,2.0,2.0,1.0,0.0,0.0,0.0,2.0,0.0,1.0,0.0,1.0,0.0,1.0,2.0,1.0,0.0,0.0,0.0,2.0,2.0,1.0,2.0,2.0,1.0,2.0,0.0,2.0,0.0,1.0,0.0,0.0,1.0,0.0,0.0,2.0,0.0,2.0,0.0,2.0,0.0,2.0,2.0,1.0,1.0,0.0,0.0,2.0,0.0,0.0,1.0,1.0,1.0,2.0,0.0,0.0,0.0,1.0,0.0,2.0,0.0,0.0,0.0,2.0,0.0,0.0,1.0,2.0,2.0,1.0,2.0,0.0,1.0,1.0,1.0,0.0,1.0,2.0,2.0,0.0,2.0,1.0,2.0
1760,0.0,0.0,2.0,1.0,0.0,0.0,1.0,2.0,2.0,0.0,1.0,0.0,1.0,2.0,1.0,1.0,2.0,0.0,1.0,1.0,1.0,0.0,0.0,1.0,2.0,1.0,0.0,2.0,1.0,0.0,1.0,1.0,0.0,0.0,2.0,1.0,2.0,1.0,1.0,1.0,2.0,2.0,2.0,2.0,1.0,0.0,2.0,1.0,1.0,0.0,2.0,0.0,1.0,0.0,1.0,0.0,2.0,0.0,2.0,1.0,0.0,2.0,1.0,1.0,2.0,1.0,1.0,2.0,1.0,1.0,1.0,2.0,0.0,1.0,0.0,0.0,0.0,0.0,0.0,0.0,2.0,1.0,1.0,2.0,2.0,1.0,1.0,2.0,0.0,2.0,0.0,1.0,1.0,2.0,2.0,2.0,2.0,2.0,1.0,2.0
1767,1.0,2.0,1.0,1.0,0.0,0.0,2.0,1.0,2.0,1.0,1.0,0.0,1.0,2.0,2.0,2.0,2.0,1.0,1.0,2.0,2.0,0.0,0.0,0.0,2.0,0.0,1.0,1.0,1.0,0.0,0.0,2.0,2.0,0.0,1.0,2.0,2.0,1.0,1.0,1.0,2.0,0.0,2.0,0.0,1.0,1.0,2.0,0.0,1.0,0.0,1.0,0.0,2.0,0.0,2.0,1.0,2.0,1.0,2.0,1.0,0.0,1.0,1.0,1.0,2.0,0.0,1.0,1.0,1.0,1.0,2.0,1.0,0.0,1.0,0.0,0.0,1.0,0.0,0.0,0.0,2.0,0.0,0.0,2.0,2.0,1.0,2.0,2.0,0.0,2.0,1.0,1.0,0.0,2.0,2.0,2.0,2.0,2.0,0.0,0.0
1768,2.0,1.0,2.0,1.0,0.0,0.0,2.0,1.0,2.0,1.0,2.0,1.0,1.0,2.0,2.0,1.0,1.0,0.0,0.0,1.0,0.0,0.0,0.0,0.0,2.0,0.0,0.0,1.0,1.0,0.0,1.0,1.0,1.0,0.0,0.0,1.0,2.0,1.0,2.0,1.0,2.0,1.0,2.0,2.0,0.0,0.0,2.0,1.0,1.0,1.0,1.0,0.0,2.0,0.0,1.0,1.0,2.0,0.0,2.0,1.0,0.0,1.0,1.0,1.0,2.0,0.0,1.0,2.0,1.0,2.0,2.0,1.0,0.0,1.0,1.0,0.0,1.0,0.0,0.0,0.0,2.0,0.0,0.0,2.0,2.0,1.0,1.0,2.0,2.0,1.0,0.0,1.0,0.0,2.0,2.0,2.0,1.0,2.0,0.0,1.0
1773,1.0,2.0,1.0,0.0,0.0,1.0,1.0,1.0,2.0,2.0,1.0,1.0,2.0,2.0,1.0,2.0,1.0,1.0,2.0,1.0,0.0,0.0,0.0,0.0,2.0,1.0,2.0,1.0,0.0,0.0,1.0,1.0,2.0,0.0,0.0,1.0,2.0,2.0,1.0,2.0,2.0,1.0,1.0,0.0,0.0,0.0,1.0,2.0,1.0,0.0,0.0,0.0,2.0,0.0,2.0,1.0,2.0,0.0,2.0,1.0,1.0,2.0,1.0,2.0,1.0,0.0,2.0,1.0,1.0,1.0,2.0,0.0,0.0,0.0,2.0,0.0,1.0,0.0,0.0,1.0,2.0,0.0,0.0,1.0,2.0,1.0,1.0,2.0,1.0,1.0,0.0,2.0,0.0,0.0,2.0,1.0,1.0,2.0,1.0,1.0
1774,1.0,1.0,2.0,0.0,0.0,1.0,1.0,1.0,2.0,1.0,1.0,1.0,1.0,2.0,2.0,0.0,2.0,1.0,1.0,1.0,0.0,0.0,0.0,1.0,2.0,0.0,1.0,1.0,0.0,1.0,1.0,1.0,2.0,0.0,0.0,0.0,2.0,2.0,1.0,2.0,1.0,0.0,2.0,1.0,0.0,1.0,1.0,2.0,2.0,0.0,0.0,0.0,2.0,0.0,2.0,1.0,2.0,0.0,2.0,1.0,1.0,1.0,0.0,2.0,2.0,0.0,1.0,1.0,1.0,1.0,2.0,2.0,0.0,0.0,2.0,0.0,1.0,0.0,0.0,0.0,2.0,1.0,0.0,2.0,2.0,2.0,1.0,2.0,0.0,1.0,1.0,2.0,0.0,2.0,2.0,1.0,1.0,2.0,1.0,0.0
1781,0.0,1.0,1.0,0.0,2.0,0.0,2.0,1.0,2.0,0.0,2.0,1.0,1.0,2.0,1.0,2.0,1.0,1.0,2.0,0.0,1.0,0.0,0.0,1.0,2.0,0.0,2.0,1.0,0.0,1.0,2.0,1.0,1.0,0.0,0.0,1.0,0.0,2.0,1.0,1.0,1.0,0.0,2.0,1.0,0.0,1.0,1.0,2.0,1.0,0.0,0.0,0.0,2.0,0.0,2.0,1.0,1.0,0.0,2.0,1.0,1.0,2.0,0.0,2.0,2.0,0.0,1.0,1.0,1.0,2.0,1.0,2.0,1.0,0.0,2.0,0.0,0.0,0.0,0.0,1.0,2.0,1.0,0.0,2.0,2.0,1.0,0.0,2.0,1.0,2.0,0.0,1.0,0.0,2.0,2.0,2.0,1.0,2.0,1.0,1.0
1784,1.0,2.0,2.0,1.0,1.0,1.0,2.0,1.0,2.0,1.0,1.0,1.0,2.0,2.0,2.0,0.0,2.0,0.0,0.0,2.0,1.0,0.0,1.0,1.0,1.0,0.0,1.0,0.0,1.0,1.0,2.0,1.0,1.0,0.0,0.0,1.0,2.0,0.0,1.0,2.0,1.0,2.0,2.0,1.0,1.0,1.0,2.0,2.0,0.0,1.0,0.0,1.0,1.0,0.0,1.0,1.0,2.0,0.0,2.0,1.0,2.0,1.0,0.0,0.0,2.0,1.0,1.0,0.0,0.0,2.0,2.0,2.0,0.0,0.0,1.0,2.0,2.0,1.0,1.0,0.0,1.0,0.0,0.0,2.0,1.0,1.0,1.0,2.0,0.0,2.0,0.0,1.0,1.0,2.0,2.0,1.0,2.0,2.0,1.0,2.0
1787,0.0,1.0,1.0,1.0,1.0,0.0,2.0,0.0,2.0,1.0,1.0,1.0,2.0,2.0,2.0,1.0,2.0,1.0,1.0,1.0,1.0,0.0,0.0,0.0,2.0,0.0,2.0,1.0,1.0,1.0,1.0,2.0,1.0,1.0,0.0,1.0,1.0,0.0,2.0,2.0,2.0,1.0,2.0,1.0,2.0,2.0,2.0,1.0,1.76,1.0,1.0,0.0,2.0,0.0,2.0,2.0,2.0,0.0,2.0,2.0,0.0,2.0,1.0,1.0,2.0,0.0,0.0,0.0,1.0,1.0,1.0,2.0,0.0,1.0,2.0,1.0,1.0,0.0,0.0,0.0,2.0,1.0,0.0,2.0,2.0,1.0,1.0,2.0,0.0,2.0,1.0,0.0,0.0,1.0,2.0,2.0,1.0,2.0,1.0,0.0
1795,0.0,2.0,1.0,0.0,0.0,0.0,2.0,1.0,2.0,1.0,0.0,2.0,0.0,2.0,2.0,2.0,2.0,2.0,0.0,2.0,2.0,0.0,0.01,0.0,2.0,0.0,1.0,0.0,2.0,0.0,1.0,1.0,2.0,0.0,1.0,0.0,2.0,2.0,1.0,2.0,2.0,1.0,2.0,1.0,0.0,2.0,1.0,1.0,1.0,0.0,0.0,0.0,2.0,0.0,2.0,2.0,2.0,0.0,2.0,2.0,0.0,2.0,0.0,2.0,2.0,0.0,2.0,0.0,0.0,0.0,2.0,2.0,0.0,0.0,2.0,0.0,1.0,0.0,0.0,0.0,1.18,0.0,1.0,1.0,1.0,1.0,2.0,2.0,0.96,0.8,1.0,0.0,0.0,2.0,2.0,2.0,1.0,2.0,1.0,1.0
1798,1.0,0.0,2.0,2.0,0.0,0.0,1.0,1.0,2.0,1.0,1.0,0.0,2.0,2.0,2.0,2.0,2.0,1.0,1.0,1.0,1.0,0.0,0.0,0.0,2.0,2.0,1.0,1.0,1.0,2.0,0.0,2.0,1.0,1.0,1.0,1.0,2.0,2.0,0.0,2.0,2.0,1.0,2.0,1.0,1.0,0.0,2.0,1.0,2.0,1.0,1.0,0.0,2.0,0.0,2.0,1.0,2.0,0.0,2.0,2.0,1.0,2.0,1.0,1.0,1.0,0.0,1.0,0.0,1.0,1.0,2.0,0.0,0.0,0.0,1.0,0.0,0.0,0.0,0.0,0.0,2.0,1.0,0.0,1.0,2.0,2.0,2.0,2.0,1.0,2.0,1.0,1.0,0.0,2.0,1.0,1.0,2.0,2.0,1.0,0.0
1799,1.0,0.0,2.0,2.0,0.0,0.0,1.0,0.0,2.0,1.0,1.0,0.0,2.0,2.0,2.0,2.0,2.0,1.0,1.0,1.0,2.0,0.0,0.0,0.0,2.0,0.0,0.0,0.0,1.0,2.0,0.0,1.0,1.0,1.0,1.0,1.0,2.0,2.0,0.0,2.0,2.0,1.0,2.0,0.0,2.0,1.0,2.0,1.0,2.0,1.0,1.0,0.0,2.0,0.0,2.0,1.0,2.0,0.0,2.0,2.0,1.0,2.0,1.0,1.0,1.0,0.0,2.0,0.0,0.0,1.0,2.0,0.0,0.0,0.0,2.0,0.0,0.0,0.0,0.0,0.0,1.0,1.0,1.0,2.0,2.0,2.0,2.0,2.0,1.0,2.0,2.0,1.0,0.0,2.0,0.0,1.0,2.0,2.0,1.0,1.0
1804,0.0,1.0,1.0,2.0,1.0,0.0,1.0,1.0,2.0,1.0,1.0,0.0,0.0,2.0,2.0,2.0,2.0,1.0,1.0,2.0,1.0,0.0,1.0,0.0,2.0,0.0,2.0,0.0,1.0,0.0,0.0,1.0,0.0,0.0,1.0,0.0,0.0,0.0,0.0,2.0,1.0,1.0,2.0,0.0,0.0,1.0,1.0,1.0,2.0,0.0,0.0,0.0,2.0,0.0,2.0,2.0,2.0,0.0,2.0,2.0,2.0,2.0,1.0,2.0,2.0,0.0,1.0,0.0,0.0,0.0,2.0,2.0,1.0,1.0,1.0,0.0,1.0,0.0,0.0,0.0,1.0,0.0,0.0,2.0,2.0,2.0,0.0,2.0,0.0,0.0,1.0,0.0,0.0,2.0,1.0,2.0,2.0,2.0,1.0,0.0
1807,0.0,2.0,1.0,1.0,0.0,1.0,2.0,2.0,2.0,2.0,1.0,1.0,1.0,2.0,2.0,2.0,1.0,2.0,1.0,1.0,1.0,0.0,1.0,0.0,2.0,0.0,2.0,0.0,0.0,0.0,0.0,1.0,1.0,0.0,1.0,1.0,1.0,1.0,0.0,2.0,2.0,1.0,2.0,0.0,0.0,1.0,1.0,1.0,2.0,1.0,0.0,0.0,2.0,0.0,2.0,2.0,1.0,0.0,2.0,1.0,1.0,2.0,1.0,2.0,2.0,0.0,1.0,0.0,0.0,0.0,1.0,2.0,0.0,1.0,1.0,0.0,1.0,0.0,0.0,0.0,1.0,0.0,0.0,2.0,2.0,2.0,1.0,2.0,0.0,1.0,1.0,1.0,0.0,2.0,2.0,2.0,1.0,2.0,1.0,1.0
1810,0.0,2.0,1.0,2.0,0.0,0.0,2.0,1.0,2.0,1.0,1.0,1.0,1.0,1.0,2.0,1.0,2.0,1.0,1.0,0.0,0.0,0.0,1.0,1.0,2.0,0.0,0.0,0.0,0.0,1.0,0.0,2.0,1.0,0.0,0.0,0.0,1.0,2.0,0.0,1.0,2.0,0.0,2.0,2.0,0.0,2.0,2.0,1.0,1.0,0.0,1.0,0.0,1.0,0.0,2.0,2.0,2.0,0.0,2.0,1.0,1.0,2.0,0.0,1.0,2.0,0.0,2.0,1.0,0.0,1.0,2.0,2.0,0.0,0.0,1.0,0.0,1.0,0.0,1.0,0.0,2.0,0.0,0.0,1.0,2.0,1.0,1.0,2.0,1.0,1.0,0.0,1.0,0.0,0.0,2.0,1.0,1.0,2.0,2.0,1.0
1813,1.0,1.0,0.0,2.0,1.0,1.0,2.0,2.0,1.0,0.0,1.0,1.0,2.0,1.0,1.0,2.0,1.0,1.0,2.0,1.0,1.0,0.0,0.0,0.0,2.0,0.0,1.0,1.0,0.0,0.0,0.0,2.0,1.0,0.0,0.0,0.0,1.0,1.0,0.0,2.0,1.0,1.0,2.0,1.0,1.0,1.0,2.0,1.0,2.0,1.0,0.0,0.0,2.0,0.0,1.0,1.0,2.0,0.0,2.0,2.0,1.0,2.0,1.0,2.0,2.0,0.0,2.0,0.0,0.0,1.0,1.0,2.0,0.0,0.0,2.0,1.0,1.0,0.0,0.0,0.0,2.0,0.0,0.0,0.0,2.0,2.0,1.0,2.0,0.0,1.0,1.0,0.0,0.0,1.0,2.0,2.0,1.0,2.0,1.0,0.0
1816,1.0,1.0,0.0,2.0,2.0,1.0,1.0,2.0,1.0,0.0,1.0,1.0,1.0,2.0,1.0,2.0,1.0,0.0,0.0,2.0,1.0,0.0,0.0,2.0,2.0,1.0,1.0,0.0,0.0,0.0,0.0,2.0,0.0,0.0,0.0,1.0,2.0,0.0,1.0,2.0,1.0,1.0,0.0,2.0,0.0,1.0,2.0,2.0,1.0,1.0,0.0,0.0,2.0,0.0,1.0,1.0,1.0,0.0,2.0,1.0,0.0,2.0,2.0,2.0,2.0,0.0,1.0,0.0,1.0,1.0,1.0,2.0,0.0,2.0,1.0,1.0,1.0,0.0,0.0,0.0,2.0,0.0,0.0,1.0,2.0,1.0,2.0,1.0,0.0,1.0,1.0,1.0,0.0,0.0,2.0,2.0,1.0,2.0,1.0,1.0
1821,2.0,2.0,1.0,1.0,2.0,1.0,2.0,1.0,2.0,1.0,1.0,1.0,1.0,2.0,2.0,0.0,2.0,1.0,2.0,0.0,2.0,0.0,1.0,0.0,2.0,1.0,2.0,0.0,0.0,1.0,1.0,2.0,2.0,0.0,2.0,1.0,0.0,1.0,2.0,2.0,2.0,0.0,2.0,2.0,1.0,2.0,2.0,1.0,2.0,0.0,0.0,0.0,2.0,0.0,0.0,2.0,2.0,0.0,1.0,1.0,0.0,1.0,2.0,2.0,2.0,0.0,2.0,1.0,1.0,1.0,2.0,1.0,0.0,0.0,1.0,0.0,2.0,0.0,0.0,0.0,2.0,0.0,0.0,2.0,2.0,2.0,0.0,2.0,1.0,2.0,1.0,0.0,0.0,2.0,1.0,1.0,1.0,2.0,0.0,2.0
1826,1.0,0.0,1.0,1.0,1.0,1.0,2.0,0.0,2.0,1.0,2.0,1.0,2.0,1.0,1.0,1.0,2.0,2.0,1.0,0.0,1.0,0.0,1.0,1.0,2.0,2.0,1.0,0.0,0.0,0.0,1.0,2.0,1.0,0.0,0.0,1.0,1.0,1.0,1.0,0.0,2.0,1.0,1.0,1.0,0.0,2.0,1.0,0.0,0.0,0.0,0.0,0.0,1.0,0.0,1.0,2.0,2.0,0.0,2.0,0.0,2.0,2.0,0.0,2.0,2.0,0.0,1.0,0.0,1.0,1.0,1.0,1.0,0.0,1.0,1.0,0.0,2.0,0.0,1.0,0.0,2.0,0.0,1.0,1.0,2.0,1.0,1.0,2.0,0.0,2.0,0.0,2.0,0.0,1.0,2.0,2.0,0.0,2.0,1.0,0.0
1827,1.0,0.0,1.0,1.0,0.0,0.0,2.0,0.0,2.0,1.0,1.0,0.0,1.0,2.0,2.0,1.0,2.0,1.0,1.0,2.0,1.0,0.0,0.0,1.0,2.0,1.0,1.0,1.0,2.0,1.0,0.0,2.0,1.0,0.0,2.0,0.0,1.0,1.0,0.0,2.0,1.0,2.0,2.0,0.0,2.0,0.0,2.0,1.0,2.0,1.0,1.0,0.0,2.0,0.0,2.0,0.0,2.0,0.0,2.0,2.0,0.0,1.0,0.0,0.0,2.0,0.0,1.0,2.0,0.0,1.0,2.0,1.0,0.0,1.0,2.0,0.0,0.0,0.0,0.0,0.0,1.0,1.0,1.0,0.0,2.0,2.0,1.0,2.0,1.0,2.0,1.0,1.0,0.0,2.0,1.0,2.0,2.0,2.0,0.0,2.0
1836,2.0,0.0,2.0,0.0,0.0,1.0,2.0,1.0,2.0,2.0,1.0,2.0,1.0,2.0,1.0,2.0,2.0,0.0,0.0,0.0,0.0,0.0,2.0,0.0,2.0,2.0,1.0,0.0,1.0,1.0,0.0,2.0,2.0,0.0,0.0,1.0,2.0,2.0,1.0,2.0,2.0,2.0,1.0,0.0,1.0,1.0,1.0,1.0,1.0,0.0,1.0,1.0,2.0,0.0,2.0,1.0,2.0,0.0,2.0,1.0,1.0,2.0,1.0,1.0,2.0,0.0,0.0,0.0,0.0,0.0,2.0,2.0,0.0,0.0,0.0,0.0,1.0,0.0,0.0,1.0,2.0,0.0,0.0,1.0,2.0,2.0,1.0,2.0,1.0,1.0,1.0,1.0,0.0,2.0,2.0,2.0,0.0,1.0,1.0,1.0
1842,0.0,0.0,2.0,1.0,1.0,0.0,1.0,0.0,2.0,0.0,0.0,1.0,1.0,2.0,1.0,2.0,2.0,0.0,1.0,1.0,1.0,0.0,1.0,1.0,2.0,1.0,1.0,0.0,1.0,0.0,0.0,2.0,1.0,1.0,1.0,2.0,1.0,2.0,0.0,2.0,2.0,2.0,1.0,0.0,0.0,2.0,2.0,1.0,1.0,1.0,1.0,1.0,2.0,0.0,1.0,2.0,2.0,0.0,2.0,1.0,1.0,2.0,1.0,2.0,2.0,0.0,1.0,1.0,1.0,0.0,2.0,2.0,0.0,0.0,0.0,0.0,2.0,0.0,0.0,0.0,2.0,1.0,0.0,2.0,2.0,0.0,0.0,2.0,2.0,1.0,2.0,1.0,0.0,2.0,1.0,2.0,2.0,2.0,1.0,1.0
1843,1.0,0.0,2.0,2.0,0.0,0.0,2.0,1.0,2.0,0.0,0.0,0.0,2.0,2.0,2.0,2.0,2.0,2.0,0.0,1.0,0.0,0.0,0.0,1.0,2.0,0.0,1.0,0.0,2.0,1.0,0.0,2.0,2.0,0.0,0.0,1.0,0.0,1.0,0.0,2.0,2.0,1.0,2.0,0.0,2.0,0.0,2.0,2.0,1.0,0.0,0.0,0.0,2.0,0.0,1.0,0.0,2.0,0.0,2.0,1.0,1.0,2.0,1.0,0.0,1.0,0.0,1.0,2.0,1.0,1.0,2.0,1.0,0.0,1.0,1.0,0.0,0.0,0.0,0.0,0.0,2.0,0.0,0.0,1.0,2.0,2.0,0.0,2.0,2.0,2.0,0.0,1.0,0.0,1.0,2.0,1.0,2.0,2.0,2.0,2.0
1845,1.0,1.0,2.0,2.0,1.0,1.0,1.0,1.0,2.0,0.0,0.0,0.0,1.0,2.0,1.0,2.0,2.0,1.0,1.0,1.0,0.0,0.0,0.0,0.0,2.0,1.0,1.0,1.0,1.0,1.0,0.0,2.0,2.0,0.0,0.0,1.0,2.0,2.0,0.0,2.0,2.0,1.0,1.0,1.0,0.0,1.0,2.0,1.0,2.0,1.0,1.0,0.0,2.0,0.0,2.0,2.0,2.0,0.0,2.0,2.0,1.0,2.0,2.0,2.0,2.0,0.0,1.0,1.0,0.0,0.0,2.0,2.0,0.0,0.0,1.0,0.0,0.0,0.0,0.0,1.0,2.0,1.0,1.0,2.0,2.0,2.0,2.0,2.0,1.0,1.0,0.0,2.0,0.0,2.0,2.0,1.0,1.0,2.0,1.0,0.0
1848,1.0,1.0,1.0,1.0,1.0,0.0,1.0,1.0,1.0,1.0,0.0,1.0,2.0,2.0,2.0,2.0,2.0,0.0,0.0,2.0,0.0,0.0,0.0,1.0,2.0,0.0,1.0,0.0,0.0,0.0,0.0,2.0,1.0,0.0,2.0,2.0,2.0,1.0,1.0,2.0,2.0,2.0,0.0,1.0,1.0,2.0,2.0,1.0,0.0,1.0,0.0,0.0,2.0,0.0,1.0,2.0,2.0,1.0,2.0,2.0,0.0,2.0,2.0,0.0,2.0,0.0,1.0,2.0,0.0,2.0,2.0,2.0,0.0,0.0,0.0,1.0,2.0,0.0,0.0,0.0,1.0,0.0,0.0,0.0,2.0,2.0,1.0,1.0,1.0,1.0,0.0,1.0,0.0,2.0,2.0,2.0,2.0,2.0,0.0,0.0
1849,1.0,1.0,1.0,0.0,1.0,0.0,2.0,1.0,2.0,0.0,1.0,1.0,2.0,2.0,1.0,2.0,2.0,0.0,0.0,2.0,0.0,0.0,1.0,1.0,2.0,0.0,0.0,0.0,0.0,0.0,0.0,2.0,1.0,0.0,2.0,1.0,2.0,2.0,1.0,2.0,1.0,2.0,2.0,1.0,0.0,1.0,2.0,1.0,1.0,1.0,0.0,0.0,2.0,0.0,0.0,1.0,2.0,1.0,2.0,2.0,0.0,1.0,2.0,1.0,0.0,0.0,1.0,2.0,1.0,2.0,1.0,2.0,0.0,0.0,1.0,0.0,2.0,0.0,0.0,0.0,1.0,0.0,0.0,1.0,2.0,1.0,1.0,1.0,0.0,1.0,0.0,0.0,0.0,1.0,2.0,2.0,2.0,2.0,0.0,2.0
1854,0.0,1.0,1.0,2.0,1.0,0.0,1.0,2.0,2.0,1.0,1.0,1.0,1.0,2.0,1.0,1.0,2.0,0.0,0.0,0.0,0.0,0.0,0.0,1.0,2.0,1.0,1.0,0.0,1.0,0.0,0.0,2.0,1.0,0.0,0.0,2.0,2.0,2.0,1.0,2.0,2.0,1.0,1.0,1.0,0.0,2.0,1.0,2.0,0.0,0.0,0.0,1.0,2.0,0.0,2.0,2.0,2.0,0.0,2.0,1.0,1.0,2.0,1.0,1.0,2.0,0.0,1.0,2.0,0.0,0.0,2.0,2.0,0.0,0.0,1.0,0.0,2.0,0.0,0.0,0.0,2.0,1.0,0.0,2.0,2.0,2.0,1.0,2.0,1.0,1.0,0.0,1.0,0.0,2.0,2.0,2.0,1.0,2.0,0.0,1.0
1859,1.0,0.0,1.0,2.0,0.0,0.0,2.0,1.0,2.0,2.0,1.0,0.0,2.0,2.0,1.0,0.0,1.0,1.0,2.0,2.0,1.0,0.0,0.0,0.0,2.0,1.0,0.0,0.0,0.0,1.0,0.0,2.0,0.0,0.0,0.0,1.0,0.0,1.0,1.0,1.0,2.0,2.0,2.0,1.0,1.0,1.0,2.0,2.0,0.0,1.0,0.0,0.0,2.0,0.0,2.0,1.0,2.0,0.0,2.0,1.0,1.0,2.0,2.0,2.0,1.0,0.0,1.0,2.0,2.0,1.0,2.0,2.0,0.0,1.0,0.0,1.0,2.0,0.0,1.0,0.0,2.0,0.0,0.0,1.0,1.0,0.0,2.0,2.0,0.0,1.0,0.0,0.0,0.0,1.0,2.0,2.0,2.0,2.0,1.0,1.0
1862,1.0,2.0,2.0,1.0,0.0,2.0,2.0,1.0,2.0,0.0,2.0,1.0,0.0,2.0,1.0,2.0,2.0,0.0,1.0,1.0,1.0,0.0,1.0,1.0,2.0,1.0,0.0,0.0,0.0,0.0,0.0,2.0,2.0,0.0,0.0,1.0,2.0,2.0,0.0,2.0,2.0,2.0,1.0,0.0,0.0,0.0,1.0,1.0,1.0,2.0,0.0,1.0,2.0,0.0,0.0,1.0,2.0,0.0,2.0,0.0,2.0,1.0,1.0,2.0,2.0,0.0,1.0,0.0,0.0,0.0,1.0,2.0,0.0,0.0,1.0,0.0,1.0,0.0,0.0,0.0,2.0,0.0,0.0,1.0,2.0,2.0,1.0,2.0,1.0,0.8,0.0,2.0,0.0,2.0,1.0,2.0,0.0,2.0,1.0,2.0
1865,0.0,2.0,0.0,0.0,1.0,0.0,2.0,1.0,1.0,0.0,0.0,0.0,1.0,2.0,1.0,1.0,2.0,0.0,1.0,2.0,1.0,0.0,0.0,0.0,2.0,0.0,1.0,1.0,1.0,1.0,0.0,2.0,1.0,0.0,2.0,2.0,2.0,2.0,0.0,2.0,2.0,0.0,2.0,0.0,0.0,1.0,1.0,1.0,1.0,1.0,0.0,0.0,2.0,0.0,1.0,1.0,2.0,0.0,2.0,2.0,0.0,2.0,0.0,2.0,2.0,0.0,0.0,2.0,1.0,1.0,1.0,2.0,0.0,0.0,2.0,0.0,1.0,0.0,0.0,0.0,2.0,0.0,0.0,2.0,2.0,2.0,1.0,2.0,1.0,0.0,0.0,1.0,0.0,2.0,2.0,2.0,2.0,2.0,1.0,0.0
1867,2.0,1.0,2.0,2.0,1.0,0.0,2.0,0.0,2.0,0.0,2.0,0.0,1.0,2.0,0.0,1.0,2.0,0.0,2.0,1.0,0.0,0.0,1.0,0.0,2.0,1.0,0.0,0.0,0.0,1.0,0.0,1.0,2.0,1.0,0.0,1.0,1.0,0.0,1.0,2.0,1.0,0.0,1.0,2.0,0.0,1.0,1.0,1.0,0.0,1.0,0.0,0.0,1.0,0.0,1.0,1.0,2.0,0.0,2.0,2.0,0.0,1.0,1.0,1.0,1.0,0.0,2.0,1.0,1.0,2.0,2.0,2.0,0.0,2.0,1.0,0.0,1.0,0.0,1.0,0.0,1.0,0.0,0.0,2.0,2.0,1.0,1.0,2.0,1.0,1.0,0.0,2.0,0.0,2.0,2.0,2.0,2.0,2.0,0.0,1.0
1869,1.0,2.0,1.0,1.0,2.0,0.0,2.0,0.0,2.0,1.0,1.0,1.0,2.0,2.0,2.0,2.0,1.0,2.0,1.0,1.0,1.0,0.0,1.0,0.0,2.0,0.0,2.0,0.0,0.0,1.0,1.0,2.0,1.0,0.0,0.0,0.0,1.0,1.0,0.0,2.0,1.0,1.0,2.0,1.0,2.0,1.0,2.0,1.0,1.85,0.0,0.0,0.0,2.0,0.0,2.0,2.0,2.0,0.0,2.0,2.0,1.0,2.0,1.0,2.0,1.0,0.0,2.0,0.0,2.0,2.0,2.0,2.0,1.0,1.0,2.0,0.0,0.0,0.0,0.0,0.0,2.0,0.0,0.0,1.0,2.0,2.0,1.0,2.0,0.0,1.0,0.0,1.0,0.0,1.0,2.0,2.0,1.0,2.0,1.0,0.0
1870,1.0,1.0,0.0,1.0,1.0,0.0,2.0,0.0,2.0,0.0,1.0,0.0,1.0,2.0,2.0,2.0,2.0,1.0,1.0,1.0,1.0,0.0,0.0,0.0,2.0,0.0,1.0,0.0,0.0,1.0,1.0,2.0,1.0,0.0,0.0,2.0,1.0,1.0,0.0,1.0,1.0,1.0,2.0,1.0,1.0,0.0,2.0,2.0,2.0,0.0,0.0,0.0,2.0,0.0,2.0,1.0,2.0,0.0,2.0,2.0,1.0,2.0,1.0,2.0,1.0,0.0,0.0,0.0,1.0,2.0,0.0,2.0,1.0,1.0,1.0,0.0,0.0,0.0,0.0,0.0,2.0,2.0,0.0,2.0,2.0,2.0,1.0,2.0,2.0,1.0,0.0,1.0,0.0,1.0,0.0,2.0,2.0,2.0,1.0,1.0
1876,0.0,1.0,0.0,2.0,0.0,0.0,2.0,2.0,2.0,1.0,1.0,1.0,0.0,2.0,1.0,2.0,1.0,1.0,0.0,1.0,1.0,0.0,0.0,1.0,2.0,0.0,1.0,0.0,0.0,0.0,0.0,2.0,1.0,1.0,1.0,1.0,1.0,0.0,1.0,2.0,2.0,1.0,2.0,2.0,1.0,2.0,2.0,1.0,1.0,1.0,0.0,0.0,2.0,0.0,1.0,2.0,2.0,0.0,2.0,2.0,0.0,1.0,2.0,2.0,2.0,0.0,1.0,1.0,2.0,2.0,1.0,2.0,0.0,2.0,0.0,1.0,2.0,0.0,0.0,0.0,2.0,0.0,0.0,2.0,2.0,1.0,2.0,1.0,1.0,0.0,1.0,1.0,0.0,0.0,2.0,2.0,2.0,2.0,0.0,2.0
1885,2.0,2.0,2.0,0.0,0.0,0.0,1.0,2.0,1.0,2.0,1.0,0.0,2.0,2.0,2.0,1.0,2.0,2.0,1.0,2.0,0.0,0.0,0.0,1.0,2.0,0.0,2.0,0.0,1.0,0.0,1.0,2.0,2.0,0.0,1.0,0.0,2.0,1.0,1.0,2.0,2.0,0.0,2.0,0.0,0.0,1.0,1.0,2.0,2.0,1.0,0.0,0.0,2.0,0.0,1.0,2.0,2.0,0.0,2.0,1.0,0.0,2.0,1.0,2.0,2.0,0.0,1.0,1.0,1.0,2.0,1.0,1.0,0.0,1.0,1.0,0.0,1.0,0.0,1.0,0.0,2.0,1.0,0.0,2.0,2.0,2.0,1.0,2.0,2.0,1.0,0.0,1.0,0.0,2.0,2.0,2.0,2.0,2.0,1.0,0.0
1886,1.0,1.0,2.0,2.0,1.0,0.0,2.0,1.0,2.0,2.0,0.0,2.0,0.0,2.0,2.0,2.0,2.0,1.0,0.0,1.0,0.0,0.0,1.0,2.0,2.0,0.0,0.0,0.0,1.0,0.0,0.0,2.0,1.0,0.0,0.0,0.0,1.0,1.0,1.0,1.0,1.0,1.0,2.0,2.0,0.0,1.0,2.0,1.0,1.0,1.0,0.0,0.0,2.0,0.0,0.0,1.0,2.0,0.0,1.0,1.0,1.0,2.0,0.0,0.0,1.0,0.0,2.0,2.0,0.0,1.0,2.0,2.0,0.0,1.0,2.0,0.0,1.0,0.0,0.0,0.0,2.0,0.0,0.0,0.0,2.0,2.0,2.0,2.0,0.0,2.0,0.0,2.0,0.0,0.0,2.0,2.0,1.0,2.0,1.0,2.0
1891,1.0,0.0,1.0,2.0,0.0,1.0,1.0,0.0,2.0,2.0,0.0,1.0,0.0,2.0,2.0,2.0,2.0,1.0,1.0,2.0,0.0,0.0,1.0,0.0,2.0,1.0,1.0,0.0,1.0,1.0,0.0,2.0,1.0,0.0,0.0,0.0,2.0,2.0,1.0,2.0,2.0,2.0,2.0,0.0,1.0,1.0,2.0,1.0,2.0,1.0,1.0,0.0,2.0,0.0,2.0,1.0,2.0,0.0,2.0,1.0,1.0,2.0,0.0,2.0,2.0,0.0,2.0,2.0,0.0,0.0,2.0,2.0,0.0,0.0,0.0,0.0,2.0,0.0,0.0,0.0,2.0,1.0,0.0,0.0,2.0,2.0,1.0,2.0,2.0,1.0,0.0,2.0,0.0,2.0,2.0,2.0,1.0,1.0,1.0,1.0
1892,1.0,0.0,1.0,1.0,0.0,0.0,2.0,2.0,2.0,2.0,1.0,0.0,2.0,2.0,2.0,1.0,1.0,0.0,1.0,2.0,1.0,0.0,0.0,0.0,2.0,1.0,0.0,0.0,0.0,2.0,0.0,2.0,1.0,1.0,0.0,1.0,2.0,1.0,1.0,2.0,2.0,1.0,1.0,0.0,1.0,1.0,2.0,1.0,1.0,1.0,0.0,0.0,1.0,0.0,2.0,1.0,2.0,0.0,2.0,1.0,0.0,2.0,1.0,1.0,1.0,0.0,0.0,1.0,0.0,1.0,2.0,2.0,0.0,1.0,0.0,1.0,1.0,0.0,1.0,0.0,2.0,1.0,0.0,1.0,2.0,2.0,1.0,2.0,1.0,1.0,0.0,0.0,1.0,1.0,2.0,2.0,1.0,2.0,0.0,0.0
1894,0.0,2.0,1.0,2.0,1.0,0.0,2.0,0.0,1.0,1.0,1.0,0.0,2.0,2.0,1.0,1.0,2.0,2.0,1.0,2.0,1.0,0.0,1.0,0.0,2.0,0.0,1.0,0.0,1.0,1.0,0.0,1.0,2.0,0.0,2.0,1.0,1.0,0.0,1.0,2.0,1.0,1.0,2.0,1.0,0.0,0.0,2.0,2.0,1.0,0.0,0.0,0.0,2.0,0.0,2.0,0.0,2.0,0.0,2.0,2.0,0.0,2.0,1.0,1.0,2.0,0.0,1.0,2.0,1.0,0.0,1.0,2.0,0.0,2.0,2.0,0.0,1.0,0.0,0.0,0.0,1.0,0.0,0.0,2.0,2.0,2.0,1.0,2.0,1.0,0.94,0.0,2.0,0.0,1.0,1.0,2.0,2.0,2.0,1.0,2.0
1899,1.0,2.0,1.0,2.0,0.0,1.0,1.0,1.0,1.0,1.0,2.0,1.0,0.0,2.0,1.0,1.0,2.0,0.0,2.0,2.0,1.0,0.0,1.0,1.0,2.0,1.0,1.0,0.0,1.0,0.0,0.0,2.0,1.0,0.0,0.0,1.0,1.0,1.0,0.0,2.0,2.0,1.0,2.0,0.0,0.0,2.0,2.0,0.0,1.0,0.0,1.0,0.0,2.0,0.0,1.0,2.0,2.0,0.0,2.0,2.0,1.0,2.0,2.0,0.0,1.0,0.0,1.0,0.0,0.0,2.0,2.0,2.0,0.0,1.0,0.0,0.0,1.0,0.0,1.0,0.0,2.0,0.0,1.0,1.0,2.0,1.0,2.0,2.0,0.0,1.0,1.0,1.0,0.0,2.0,2.0,1.0,1.0,2.0,1.0,1.0
1902,0.0,1.0,0.0,2.0,0.0,0.0,2.0,1.0,2.0,1.0,1.0,1.0,0.0,2.0,2.0,2.0,1.0,1.0,2.0,2.0,0.0,0.0,0.0,0.0,2.0,1.0,1.0,0.0,2.0,1.0,0.0,2.0,1.0,0.0,0.0,0.0,2.0,2.0,0.0,2.0,2.0,1.0,2.0,0.0,0.0,1.0,1.0,2.0,2.0,0.0,0.0,0.0,2.0,0.0,2.0,2.0,2.0,0.0,2.0,2.0,0.0,2.0,2.0,2.0,2.0,0.0,1.0,1.0,1.0,1.0,2.0,1.0,0.0,0.0,1.0,0.0,1.0,0.0,1.0,0.0,1.0,0.0,1.0,2.0,2.0,2.0,2.0,2.0,1.0,0.0,0.0,1.0,0.0,2.0,2.0,2.0,2.0,2.0,2.0,0.0
1903,1.0,1.0,1.0,0.0,1.0,1.0,1.0,1.0,1.0,0.0,0.0,1.0,1.0,2.0,1.0,1.0,2.0,2.0,1.0,2.0,0.0,0.0,0.0,0.0,2.0,0.0,2.0,0.0,2.0,1.0,1.0,2.0,2.0,0.0,0.0,0.0,1.0,1.0,0.0,2.0,2.0,0.0,1.0,1.0,1.0,1.0,0.0,2.0,1.0,1.0,0.0,0.0,2.0,0.0,1.0,1.0,2.0,0.0,2.0,2.0,0.0,2.0,1.0,2.0,2.0,0.0,1.0,1.0,2.0,1.0,1.0,1.0,1.0,1.0,2.0,0.0,1.0,0.0,1.0,0.0,2.0,1.0,0.0,2.0,2.0,2.0,0.0,2.0,2.0,0.0,1.0,1.0,0.0,2.0,2.0,2.0,2.0,2.0,2.0,1.0
1905,2.0,2.0,1.0,1.0,0.0,0.0,2.0,1.0,2.0,1.0,1.0,1.0,2.0,2.0,1.0,0.0,2.0,1.0,2.0,2.0,2.0,0.0,1.0,0.0,2.0,0.0,0.0,1.0,0.0,1.9,1.0,2.0,1.0,0.0,0.0,2.0,2.0,1.0,0.0,2.0,2.0,1.0,1.0,0.0,0.0,0.0,2.0,1.0,2.0,0.0,0.0,0.0,2.0,0.0,1.0,1.0,2.0,0.0,2.0,1.0,2.0,2.0,1.0,1.0,2.0,1.0,1.0,2.0,0.0,0.0,2.0,2.0,0.0,1.0,1.0,1.0,0.0,0.0,1.0,0.0,2.0,0.0,0.0,1.0,2.0,2.0,2.0,2.0,0.0,2.0,0.0,2.0,0.0,0.0,1.0,2.0,2.0,2.0,0.0,0.0
1911,2.0,0.0,1.0,0.0,0.0,0.0,1.0,2.0,2.0,0.0,1.0,1.0,1.0,1.0,2.0,2.0,1.0,1.0,1.0,0.0,0.0,0.0,0.0,0.0,2.0,0.0,1.0,0.0,0.0,1.0,2.0,2.0,0.0,0.0,1.0,2.0,2.0,1.0,1.0,2.0,1.0,0.0,1.0,1.0,0.0,0.0,2.0,2.0,1.0,1.0,0.0,0.0,2.0,0.0,2.0,0.0,2.0,0.0,2.0,2.0,0.0,2.0,1.0,2.0,1.0,0.0,0.0,1.0,0.0,1.0,1.0,2.0,0.0,1.0,0.0,0.0,1.0,0.0,0.0,0.0,2.0,1.0,0.0,1.0,2.0,1.0,1.0,2.0,1.0,0.0,0.0,1.0,0.0,1.0,2.0,2.0,1.0,2.0,0.0,0.0
1912,2.0,2.0,1.0,0.0,0.0,0.0,2.0,0.0,2.0,2.0,1.0,1.0,1.0,1.0,0.0,2.0,1.0,1.0,2.0,2.0,2.0,0.0,0.0,0.0,2.0,0.0,1.0,0.0,0.0,0.0,2.0,2.0,0.0,0.0,1.0,2.0,2.0,1.0,1.0,2.0,2.0,1.0,2.0,1.0,0.0,0.0,2.0,1.0,1.0,0.0,0.0,0.0,2.0,0.0,2.0,0.0,2.0,0.0,2.0,2.0,0.0,2.0,1.0,2.0,1.0,0.0,0.0,1.0,1.0,1.0,2.0,2.0,0.0,1.0,0.0,0.0,1.0,0.0,0.0,0.0,2.0,1.0,0.0,2.0,2.0,2.0,2.0,2.0,0.0,0.0,1.0,2.0,0.0,1.0,2.0,2.0,1.0,2.0,0.0,0.0
1915,2.0,0.0,1.0,0.0,1.0,0.0,1.0,1.0,2.0,2.0,1.0,0.0,1.0,2.0,2.0,1.0,0.0,0.0,1.0,1.0,1.0,0.0,0.0,1.0,2.0,0.0,1.0,1.0,1.0,1.0,1.0,2.0,1.0,0.0,0.0,2.0,1.0,1.0,1.0,1.0,2.0,1.0,1.0,0.0,1.0,2.0,2.0,1.0,2.0,0.0,0.0,1.0,2.0,0.0,2.0,1.0,2.0,0.0,2.0,1.0,2.0,1.0,2.0,1.0,2.0,0.0,0.0,1.0,0.0,0.0,2.0,2.0,0.0,1.0,1.0,0.0,1.0,0.0,0.0,0.0,2.0,1.0,0.0,2.0,2.0,2.0,0.0,2.0,0.0,2.0,1.0,1.0,0.0,1.0,2.0,1.0,1.0,2.0,1.0,0.0
1916,1.0,2.0,1.0,1.0,1.0,1.0,2.0,1.0,2.0,0.0,2.0,1.0,1.0,2.0,1.0,1.0,2.0,0.49,1.0,1.0,0.0,0.0,0.0,1.0,2.0,0.0,1.0,0.0,0.0,0.0,1.0,2.0,1.0,0.0,0.0,0.0,1.0,1.0,0.0,1.0,2.0,0.0,1.0,1.0,0.0,2.0,2.0,0.0,2.0,1.0,1.0,0.0,2.0,0.0,2.0,2.0,1.0,0.0,2.0,2.0,2.0,2.0,0.0,2.0,2.0,0.0,2.0,1.0,1.0,0.0,2.0,1.0,0.0,1.0,0.0,1.0,1.0,0.0,1.0,0.0,2.0,0.0,1.0,1.0,1.0,2.0,2.0,2.0,0.0,1.0,0.0,1.0,0.0,1.0,1.0,2.0,2.0,2.0,1.0,0.0
1922,1.0,2.0,1.0,1.0,1.0,1.0,2.0,0.0,2.0,1.0,0.0,1.0,1.0,1.0,1.0,1.0,1.0,2.0,1.0,2.0,0.0,0.0,0.0,0.0,2.0,0.93,1.0,1.0,0.0,0.0,0.0,2.0,0.0,0.0,0.0,2.0,2.0,2.0,0.0,2.0,2.0,2.0,2.0,1.0,1.0,2.0,1.0,0.0,0.84,1.0,0.0,0.0,2.0,0.0,2.0,2.0,2.0,0.0,2.0,2.0,0.0,2.0,2.0,1.0,2.0,0.0,1.0,2.0,1.0,1.0,2.0,1.0,0.0,0.0,1.0,0.0,0.0,0.0,1.0,0.0,1.0,1.0,0.68,2.0,2.0,1.0,2.0,2.0,0.0,1.0,0.0,1.0,0.0,2.0,2.0,2.0,2.0,2.0,0.0,2.0
1924,0.0,1.0,1.0,1.0,2.0,1.0,2.0,1.0,2.0,1.0,2.0,1.0,2.0,2.0,1.0,2.0,2.0,1.0,1.0,0.0,1.0,0.0,1.0,1.0,2.0,1.0,1.0,0.0,2.0,0.0,0.0,2.0,2.0,0.0,1.0,1.0,2.0,2.0,0.0,2.0,2.0,1.0,1.0,1.0,0.0,2.0,0.0,0.0,0.0,0.0,0.0,0.0,2.0,0.0,1.0,2.0,2.0,0.0,2.0,1.0,1.0,2.0,1.0,2.0,2.0,0.0,1.0,2.0,0.0,0.0,2.0,2.0,0.0,0.0,1.0,0.0,0.0,0.0,0.0,0.0,2.0,0.0,0.0,1.0,2.0,0.0,2.0,2.0,1.0,1.0,1.0,1.0,0.0,2.0,1.0,1.0,2.0,2.0,1.0,1.0
1932,1.0,1.0,2.0,0.0,1.0,0.0,1.0,1.0,2.0,2.0,2.0,0.0,2.0,2.0,2.0,2.0,1.0,1.0,0.0,2.0,1.0,0.0,1.0,1.0,2.0,1.0,2.0,1.0,1.0,1.0,1.0,2.0,1.0,0.0,0.0,1.0,1.0,2.0,2.0,2.0,2.0,1.0,1.0,1.0,1.0,1.0,2.0,2.0,2.0,0.0,0.0,1.0,2.0,1.0,2.0,1.0,1.0,0.0,2.0,1.0,2.0,2.0,2.0,1.0,1.0,0.0,0.0,2.0,1.0,0.0,2.0,1.0,0.0,0.0,2.0,0.0,1.0,0.0,0.0,0.0,2.0,1.0,0.0,2.0,1.0,2.0,0.0,2.0,0.0,1.0,1.0,2.0,0.0,1.0,2.0,2.0,1.0,2.0,2.0,0.0
1934,2.0,2.0,2.0,1.0,0.0,0.0,2.0,1.0,2.0,2.0,2.0,1.0,2.0,2.0,2.0,1.0,1.0,1.0,0.0,0.0,1.0,0.0,1.0,1.0,2.0,1.0,1.0,1.0,0.0,1.0,0.0,2.0,1.0,0.0,0.0,1.0,2.0,2.0,1.0,2.0,2.0,1.0,1.0,1.0,0.0,1.0,2.0,1.0,2.0,0.0,0.0,0.0,2.0,0.0,2.0,1.0,2.0,0.0,2.0,1.0,1.0,1.0,1.0,0.0,2.0,0.0,0.0,1.0,0.0,0.0,2.0,2.0,0.0,0.0,2.0,0.0,1.0,0.0,0.0,0.0,2.0,2.0,0.0,2.0,1.0,1.0,0.0,2.0,0.0,1.48,1.0,2.0,0.0,1.0,2.0,1.0,1.0,2.0,2.0,1.0
1937,0.0,2.0,0.0,2.0,1.0,0.0,2.0,0.0,1.0,0.0,1.0,1.0,2.0,2.0,1.0,1.0,2.0,2.0,1.0,1.0,1.0,0.0,1.0,0.0,2.0,0.0,0.0,1.0,1.0,1.0,0.0,2.0,1.0,0.0,0.0,1.0,1.0,1.0,0.0,2.0,1.0,0.0,2.0,1.0,1.0,1.0,2.0,1.0,2.0,1.0,0.0,0.0,2.0,0.0,1.0,1.0,2.0,0.0,2.0,1.0,0.0,1.0,0.0,1.0,2.0,0.0,0.0,2.0,1.0,1.0,2.0,2.0,0.0,0.0,2.0,2.0,1.0,0.0,0.0,0.0,2.0,0.0,1.0,1.0,1.0,1.0,1.0,2.0,1.0,2.0,1.0,2.0,1.0,0.0,2.0,1.0,2.0,2.0,1.0,1.0
1938,1.0,1.0,1.0,2.0,2.0,0.0,2.0,2.0,2.0,1.0,1.0,1.0,1.0,2.0,2.0,2.0,1.0,2.0,1.0,1.0,1.0,0.0,0.0,0.0,2.0,0.0,1.0,1.0,2.0,0.0,0.0,2.0,1.0,0.0,0.0,1.0,1.0,1.0,1.0,1.0,2.0,1.0,2.0,1.0,2.0,0.0,2.0,0.0,1.0,0.0,0.0,0.0,1.0,0.0,1.0,0.0,2.0,1.0,2.0,1.0,0.0,2.0,1.0,1.0,2.0,0.0,1.0,2.0,0.0,2.0,2.0,1.0,0.0,0.0,2.0,0.0,1.0,0.0,2.0,0.0,2.0,0.0,0.0,2.0,2.0,2.0,0.0,2.0,1.0,1.0,0.0,1.0,0.0,1.0,2.0,2.0,2.0,2.0,1.0,2.0
1939,1.0,2.0,1.0,2.0,0.0,0.0,2.0,2.0,2.0,1.0,0.0,0.0,1.0,2.0,2.0,1.0,2.0,2.0,1.0,1.0,1.0,0.0,1.0,1.0,1.0,1.0,0.0,0.0,1.0,0.0,0.0,2.0,1.0,0.0,0.0,1.0,2.0,1.0,2.0,1.0,2.0,1.0,1.0,0.0,0.0,1.0,2.0,0.0,2.0,0.0,1.0,0.0,2.0,0.0,2.0,1.0,2.0,0.0,2.0,1.0,1.0,2.0,1.0,2.0,2.0,0.0,1.0,2.0,0.0,0.0,2.0,2.0,0.0,1.0,1.0,0.0,0.0,0.0,1.0,0.0,2.0,0.0,1.0,1.0,2.0,2.0,2.0,2.0,0.0,1.0,1.0,0.0,0.0,1.0,2.0,2.0,1.0,2.0,1.0,1.0
1944,1.0,2.0,2.0,1.0,1.0,1.0,2.0,1.0,1.0,1.0,0.0,1.0,2.0,2.0,1.0,2.0,1.0,1.0,1.0,2.0,1.0,0.0,0.0,0.0,2.0,0.0,1.0,0.0,1.0,1.0,0.0,1.0,1.0,0.0,0.0,0.0,2.0,1.0,1.0,2.0,1.0,1.0,1.0,1.0,0.0,1.0,1.0,0.0,2.0,1.0,0.0,0.0,2.0,0.0,2.0,0.0,2.0,0.0,2.0,2.0,0.0,2.0,1.0,2.0,1.0,0.0,1.0,1.0,0.0,0.0,2.0,2.0,0.0,0.0,1.0,0.0,1.0,0.0,0.0,0.0,2.0,1.0,0.0,1.0,2.0,2.0,2.0,2.0,1.0,1.0,1.0,1.0,0.0,2.0,2.0,2.0,0.0,2.0,1.0,1.0
1945,1.0,1.0,0.0,2.0,0.0,0.0,2.0,0.0,2.0,1.0,1.0,2.0,2.0,2.0,2.0,2.0,2.0,1.0,2.0,1.0,1.0,0.0,2.0,0.0,2.0,0.0,2.0,0.0,0.0,1.0,0.0,2.0,0.0,0.0,1.0,1.0,0.0,1.0,0.0,2.0,2.0,1.0,2.0,1.0,2.0,2.0,2.0,1.0,0.0,0.0,0.0,0.0,2.0,0.0,1.0,1.0,2.0,0.0,2.0,1.0,1.0,2.0,1.0,1.0,2.0,0.0,2.0,2.0,0.0,0.0,2.0,2.0,0.0,1.0,2.0,1.0,0.0,0.0,0.0,1.0,2.0,0.0,0.0,2.0,2.0,1.0,0.0,2.0,1.0,2.0,0.0,1.0,1.0,1.0,2.0,2.0,2.0,2.0,1.0,2.0
1946,1.0,2.0,1.0,2.0,1.0,1.0,2.0,1.0,1.0,1.0,1.0,0.0,1.0,2.0,1.0,1.0,2.0,0.0,0.0,2.0,1.0,0.0,0.0,0.0,2.0,0.0,1.0,0.0,0.0,1.0,0.0,2.0,1.0,1.0,0.0,1.0,2.0,1.0,0.0,1.0,2.0,0.0,2.0,1.0,0.0,0.0,2.0,1.0,2.0,0.0,0.0,0.0,1.0,0.0,1.0,0.0,2.0,0.0,2.0,2.0,0.0,2.0,2.0,2.0,1.0,0.0,1.0,0.0,0.0,1.0,2.0,2.0,0.0,0.0,2.0,0.0,1.0,0.0,1.0,0.0,2.0,1.0,1.0,2.0,2.0,1.0,2.0,2.0,0.0,2.0,0.0,1.0,1.0,2.0,2.0,2.0,1.0,2.0,1.0,0.0
1948,1.0,2.0,2.0,1.0,0.0,0.0,1.0,2.0,1.0,2.0,2.0,2.0,1.0,2.0,2.0,2.0,0.0,1.0,1.0,1.0,1.0,0.0,0.0,0.0,2.0,0.0,1.0,1.0,0.0,1.0,0.0,2.0,0.0,0.0,0.0,0.0,2.0,0.0,1.0,2.0,2.0,1.0,1.0,1.0,1.0,1.0,1.0,0.0,1.0,1.0,0.0,0.0,2.0,0.0,2.0,1.0,2.0,0.0,2.0,1.0,1.0,2.0,2.0,1.0,2.0,0.0,2.0,1.0,1.0,1.0,2.0,2.0,0.0,2.0,1.0,0.0,1.0,0.0,0.0,1.0,2.0,0.0,1.0,2.0,2.0,1.0,1.0,2.0,0.0,1.0,0.0,1.0,1.0,1.0,2.0,2.0,2.0,2.0,0.0,1.0
1950,2.0,1.0,1.0,0.0,1.0,1.0,1.0,1.0,2.0,0.0,0.0,0.0,2.0,2.0,1.0,2.0,1.0,0.0,1.0,1.0,1.0,0.0,0.0,1.0,2.0,0.0,1.0,0.0,2.0,1.0,1.0,2.0,1.0,1.0,1.0,1.0,2.0,2.0,1.0,1.0,2.0,0.0,2.0,1.0,0.0,0.0,2.0,1.0,1.35,0.0,0.0,0.0,1.0,0.0,2.0,0.0,2.0,0.0,2.0,1.0,2.0,2.0,2.0,1.0,2.0,0.0,2.0,1.0,0.0,1.0,2.0,2.0,0.0,0.0,1.0,0.0,1.0,0.0,1.0,1.0,2.0,0.0,0.0,0.0,2.0,0.0,0.0,2.0,0.0,1.0,0.0,0.0,1.0,2.0,2.0,2.0,1.0,2.0,1.0,0.0
1952,2.0,0.0,1.0,1.0,1.0,0.0,1.0,2.0,2.0,2.0,1.0,0.0,2.0,2.0,2.0,2.0,2.0,1.0,0.0,1.0,2.0,0.0,0.0,0.0,2.0,1.0,2.0,1.0,2.0,1.0,1.0,2.0,2.0,1.0,1.0,2.0,1.0,2.0,0.0,2.0,2.0,0.0,2.0,0.0,0.0,0.0,2.0,1.0,2.0,1.0,1.0,0.0,2.0,0.0,2.0,0.0,2.0,0.0,2.0,2.0,1.0,2.0,1.0,1.0,2.0,0.0,0.0,1.0,0.0,1.0,2.0,0.0,0.0,0.0,1.0,0.0,1.0,0.0,0.0,1.0,2.0,1.0,1.0,2.0,2.0,1.0,1.0,2.0,1.0,2.0,0.0,1.0,0.0,2.0,1.0,0.0,2.0,2.0,1.0,1.0
1956,0.0,1.0,0.0,2.0,1.0,0.0,1.0,0.0,2.0,1.0,2.0,0.0,0.0,2.0,2.0,2.0,1.0,0.0,2.0,2.0,1.0,0.0,1.0,0.0,2.0,0.0,2.0,0.0,1.0,0.0,0.0,1.0,0.0,0.0,1.0,0.0,1.0,0.0,1.0,2.0,2.0,2.0,2.0,0.0,1.0,1.0,2.0,1.0,2.0,0.0,0.0,0.0,2.0,0.0,2.0,2.0,2.0,0.0,2.0,2.0,1.0,1.0,1.0,1.0,2.0,0.0,1.0,1.0,0.0,1.0,2.0,2.0,1.0,1.0,1.0,0.0,1.0,0.0,0.0,0.0,1.0,0.0,0.0,2.0,2.0,2.0,1.0,2.0,0.0,1.0,0.0,0.0,0.0,2.0,1.0,2.0,1.0,2.0,1.0,0.0
1961,1.0,0.0,1.0,2.0,1.0,0.0,2.0,1.0,1.0,2.0,2.0,1.0,1.0,2.0,2.0,2.0,1.0,2.0,1.0,2.0,1.0,0.0,0.0,1.0,2.0,1.0,2.0,0.0,1.0,1.0,0.0,2.0,1.0,0.0,1.0,1.0,0.0,1.0,1.0,2.0,2.0,2.0,2.0,0.0,2.0,0.0,2.0,0.0,2.0,1.0,1.0,0.0,1.0,0.0,2.0,0.0,2.0,0.0,2.0,1.0,0.0,2.0,1.0,1.0,2.0,0.0,1.0,2.0,0.0,2.0,2.0,1.0,0.0,1.0,2.0,0.0,1.0,0.0,1.0,0.0,2.0,1.0,1.0,1.0,2.0,2.0,0.0,2.0,1.0,2.0,1.0,1.0,0.0,2.0,1.0,2.0,2.0,2.0,0.0,1.0
1968,2.0,2.0,1.0,1.0,1.0,1.0,1.0,1.0,2.0,2.0,1.0,1.0,2.0,2.0,2.0,2.0,2.0,0.0,0.0,1.0,1.0,0.0,0.0,0.0,1.0,0.0,1.0,1.0,1.0,0.0,0.0,2.0,2.0,0.0,1.0,1.0,2.0,2.0,1.0,1.0,2.0,1.0,2.0,1.0,0.0,0.0,2.0,0.0,0.0,0.0,1.0,0.0,2.0,0.0,2.0,0.0,2.0,1.0,2.0,1.0,1.0,1.0,1.0,2.0,1.0,0.0,1.0,1.0,2.0,0.0,2.0,2.0,0.0,0.0,1.0,0.0,2.0,1.0,0.0,0.0,2.0,0.0,0.0,1.0,2.0,1.0,1.0,2.0,1.0,2.0,1.0,0.0,0.0,2.0,2.0,2.0,2.0,2.0,0.0,1.0
1978,0.0,2.0,1.0,1.0,1.0,0.0,1.0,0.0,2.0,0.0,1.0,1.0,1.0,2.0,2.0,2.0,2.0,0.0,0.0,2.0,0.0,0.0,0.0,0.0,2.0,0.0,1.0,0.0,0.0,0.0,0.0,2.0,1.0,0.0,1.0,0.0,1.0,1.0,1.0,2.0,0.0,2.0,2.0,1.0,0.0,0.0,2.0,1.0,1.0,1.0,0.0,0.0,2.0,0.0,1.0,1.0,2.0,1.0,2.0,2.0,1.0,1.0,2.0,2.0,1.0,0.0,2.0,1.0,1.0,1.0,2.0,2.0,0.0,1.0,2.0,0.0,2.0,0.0,0.0,0.0,1.0,0.0,0.0,1.0,2.0,1.0,0.0,2.0,0.0,1.0,1.0,0.0,0.0,2.0,2.0,2.0,2.0,2.0,1.0,1.0
1980,0.0,1.0,1.0,1.0,2.0,0.0,2.0,2.0,2.0,0.0,1.0,1.0,1.0,2.0,1.0,2.0,2.0,1.0,0.0,2.0,0.0,0.0,2.0,0.0,2.0,0.0,1.0,0.0,1.0,0.0,0.0,1.0,1.0,0.0,1.0,1.0,1.0,1.0,1.0,2.0,1.0,2.0,2.0,0.0,0.0,1.0,1.0,1.0,2.0,0.0,0.0,0.0,2.0,0.0,1.0,1.0,2.0,0.0,2.0,2.0,1.0,1.0,1.0,2.0,1.0,0.0,1.0,1.0,1.0,1.0,1.0,2.0,1.0,1.0,2.0,0.0,1.0,0.0,0.0,0.0,0.0,0.0,0.0,2.0,2.0,1.0,0.0,2.0,0.0,0.0,1.0,0.0,0.0,2.0,2.0,2.0,2.0,2.0,0.0,1.0
1983,1.0,0.0,2.0,1.0,1.0,0.0,1.0,0.0,2.0,2.0,0.0,0.0,0.0,2.0,2.0,1.0,1.0,1.0,1.0,2.0,0.0,0.0,0.0,2.0,2.0,0.0,1.0,1.0,2.0,0.0,0.0,1.0,0.0,0.0,1.0,1.0,1.0,1.0,1.0,2.0,1.0,1.0,2.0,1.0,2.0,0.0,2.0,1.0,2.0,1.0,0.0,0.0,1.0,0.0,2.0,1.0,2.0,0.0,2.0,2.0,0.0,0.0,1.0,1.0,2.0,0.0,1.0,2.0,0.0,2.0,1.0,2.0,0.0,1.0,2.0,0.0,1.0,0.0,1.0,0.0,1.0,1.0,1.0,1.0,2.0,1.0,0.0,2.0,2.0,2.0,1.0,0.0,0.0,2.0,2.0,2.0,2.0,2.0,1.0,1.0
1985,1.0,1.0,1.0,1.0,2.0,0.0,2.0,1.0,2.0,1.0,1.0,2.0,1.0,2.0,1.0,2.0,2.0,1.0,1.0,1.0,2.0,0.0,2.0,0.0,2.0,1.0,1.0,0.0,2.0,1.0,1.0,2.0,1.0,0.0,2.0,0.0,0.0,2.0,2.0,1.0,2.0,1.0,1.0,1.0,1.0,1.0,2.0,0.0,1.0,0.0,0.0,0.0,1.0,0.0,2.0,1.0,2.0,0.0,1.0,1.0,0.0,2.0,1.0,2.0,2.0,0.0,1.0,1.0,0.0,1.0,2.0,2.0,1.0,0.0,2.0,0.0,1.0,0.0,1.0,0.0,1.0,0.0,1.0,1.0,2.0,2.0,0.0,2.0,1.0,2.0,0.0,1.0,0.0,1.0,2.0,2.0,2.0,2.0,0.0,0.0
1993,1.0,0.0,2.0,0.0,0.0,0.0,2.0,1.0,2.0,1.0,2.0,1.0,0.0,1.0,2.0,1.0,2.0,2.0,0.0,1.0,2.0,0.0,0.0,1.0,2.0,1.0,0.0,1.0,2.0,1.0,0.0,2.0,1.0,1.0,1.0,0.0,2.0,2.0,1.0,2.0,2.0,2.0,2.0,0.0,1.0,0.0,2.0,0.0,2.0,2.0,1.0,0.0,2.0,0.0,2.0,1.0,2.0,0.0,2.0,2.0,0.0,2.0,0.0,1.0,2.0,0.0,2.0,2.0,1.0,0.0,2.0,0.0,0.0,0.0,2.0,0.0,0.0,0.0,0.0,0.0,2.0,0.0,0.0,0.0,2.0,1.0,1.0,2.0,2.0,2.0,1.0,1.0,0.0,2.0,1.0,2.0,2.0,2.0,0.0,2.0
1995,1.0,1.0,2.0,1.0,2.0,0.0,1.0,0.0,2.0,2.0,1.0,1.0,2.0,2.0,0.0,2.0,2.0,1.0,1.0,2.0,1.0,0.0,1.0,0.0,2.0,0.0,2.0,0.0,1.0,1.0,1.0,2.0,1.0,0.0,1.0,0.0,1.0,2.0,2.0,1.0,2.0,2.0,1.0,0.0,1.0,0.0,1.0,1.0,2.0,1.0,0.0,0.0,1.0,0.0,1.0,0.0,2.0,0.0,2.0,2.0,0.0,2.0,1.0,1.0,1.0,0.0,1.0,2.0,0.0,2.0,2.0,2.0,0.0,0.0,2.0,0.0,1.0,0.0,1.0,0.0,2.0,0.0,0.0,1.0,2.0,1.0,0.0,2.0,1.0,1.0,0.0,1.0,0.0,2.0,2.0,2.0,2.0,2.0,1.0,1.0
1999,0.0,1.0,1.0,1.0,1.0,1.0,1.0,0.0,1.0,0.0,2.0,2.0,2.0,1.0,2.0,0.0,2.0,2.0,2.0,2.0,0.0,0.0,1.0,1.0,2.0,0.0,1.0,0.0,1.0,0.0,0.0,1.0,0.0,0.0,0.0,1.0,1.0,2.0,1.0,0.0,1.0,0.0,1.0,1.0,0.0,1.0,2.0,0.0,1.0,0.0,0.0,0.0,2.0,0.0,1.0,1.0,2.0,1.0,2.0,2.0,0.0,1.0,0.0,0.0,2.0,0.0,0.0,0.0,0.0,2.0,2.0,2.0,0.0,0.0,0.0,0.0,2.0,0.0,0.0,0.0,2.0,0.0,0.0,1.0,2.0,1.0,1.0,2.0,0.0,2.0,1.0,0.0,0.0,1.0,2.0,2.0,1.0,2.0,1.0,1.0
2013,1.0,1.0,2.0,1.0,0.0,1.0,0.0,1.0,2.0,0.0,2.0,0.0,0.0,2.0,2.0,2.0,2.0,1.0,1.0,2.0,1.0,0.0,0.0,0.0,2.0,0.0,2.0,0.0,1.0,1.0,1.0,1.0,1.0,1.0,1.0,0.0,1.0,0.0,0.0,2.0,1.0,2.0,2.0,0.0,0.0,1.0,1.0,1.0,2.0,0.0,0.0,0.0,2.0,0.0,1.0,2.0,2.0,0.0,2.0,2.0,1.0,2.0,2.0,2.0,2.0,0.0,1.0,1.0,0.0,0.0,2.0,2.0,0.0,2.0,2.0,1.0,0.0,0.0,0.0,0.0,1.0,1.0,0.0,2.0,1.0,2.0,1.0,2.0,1.0,1.0,1.0,1.0,0.0,1.0,2.0,2.0,2.0,2.0,2.0,1.0
2017,1.0,1.0,1.0,1.0,1.0,0.0,2.0,2.0,1.0,0.0,1.0,1.0,2.0,2.0,2.0,2.0,2.0,2.0,1.0,0.0,2.0,0.0,0.0,0.0,2.0,2.0,2.0,1.0,1.0,1.0,0.0,2.0,1.0,0.0,0.0,0.0,1.0,2.0,2.0,1.0,2.0,1.0,1.0,2.0,0.0,0.0,1.0,1.0,1.0,2.0,0.0,0.0,2.0,0.0,2.0,0.0,1.0,0.0,2.0,1.0,1.0,2.0,0.0,2.0,2.0,0.0,2.0,1.0,0.0,1.0,1.0,1.0,0.0,0.0,2.0,0.0,1.0,0.0,0.0,0.0,2.0,1.0,1.0,2.0,2.0,2.0,2.0,2.0,0.0,2.0,2.0,1.0,0.0,2.0,1.0,2.0,0.0,2.0,1.0,1.0
2021,1.0,0.0,1.0,0.0,0.0,0.0,0.0,2.0,2.0,0.0,1.0,0.0,2.0,1.0,2.0,2.0,2.0,0.0,1.0,1.0,0.0,0.0,0.0,1.0,2.0,1.0,2.0,1.0,2.0,1.0,0.0,1.0,1.0,0.0,1.0,2.0,2.0,2.0,1.0,1.0,1.0,1.0,2.0,0.0,0.0,1.0,2.0,2.0,1.0,1.0,0.0,0.0,2.0,0.0,2.0,0.0,0.0,0.0,2.0,1.0,1.0,2.0,0.0,1.0,2.0,1.0,2.0,1.0,1.0,0.0,2.0,1.0,0.0,0.0,0.0,0.0,0.0,0.0,0.0,0.0,2.0,0.0,0.0,2.0,2.0,0.0,2.0,2.0,0.0,2.0,1.0,2.0,0.0,2.0,2.0,1.0,0.0,2.0,2.0,1.0
2024,1.0,1.0,1.0,1.0,1.0,0.0,1.0,2.0,2.0,0.0,1.0,1.0,2.0,2.0,2.0,2.0,2.0,2.0,1.0,1.0,2.0,0.0,2.0,0.0,2.0,2.0,1.0,1.0,1.0,0.0,0.0,1.0,0.0,0.0,0.0,2.0,1.0,2.0,0.0,0.0,2.0,1.0,0.0,1.0,0.0,1.0,2.0,1.0,2.0,2.0,0.0,0.0,2.0,1.0,2.0,1.0,2.0,0.0,2.0,2.0,1.0,2.0,2.0,0.0,2.0,0.0,0.0,1.0,2.0,0.0,1.0,2.0,1.0,1.0,1.0,0.0,1.0,0.0,2.0,0.0,1.0,1.0,1.0,1.0,2.0,1.0,2.0,2.0,0.0,2.0,0.0,1.0,1.0,2.0,1.0,1.0,1.0,2.0,0.0,1.0
2026,2.0,1.0,2.0,0.0,1.0,0.0,2.0,2.0,1.0,1.0,2.0,0.0,1.0,2.0,2.0,1.0,2.0,1.0,0.0,1.0,2.0,0.0,1.0,1.0,2.0,1.0,2.0,1.0,0.0,1.0,0.0,2.0,1.0,0.0,1.0,2.0,2.0,1.0,2.0,2.0,2.0,1.0,2.0,1.0,0.0,0.0,2.0,1.0,1.0,1.0,0.0,0.0,2.0,0.0,2.0,0.0,1.0,0.0,2.0,1.0,0.0,2.0,1.0,0.0,2.0,0.0,1.0,1.0,1.0,1.0,2.0,2.0,1.0,1.0,1.0,0.0,1.0,0.0,0.0,0.0,0.0,0.0,1.0,1.0,2.0,1.0,2.0,0.0,1.0,2.0,2.0,2.0,0.0,2.0,2.0,2.0,1.0,2.0,0.0,0.0
2028,1.0,1.0,0.0,1.0,0.0,0.0,0.0,0.0,0.0,1.0,1.0,2.0,2.0,2.0,2.0,2.0,2.0,0.0,2.0,2.0,2.0,0.0,1.0,2.0,2.0,0.0,2.0,0.0,2.0,1.0,0.0,1.0,1.0,0.0,1.0,1.0,1.0,2.0,0.0,2.0,2.0,2.0,1.0,2.0,0.0,0.0,2.0,2.0,2.0,1.0,0.0,0.0,2.0,0.0,2.0,1.0,0.0,0.0,2.0,2.0,0.0,1.0,0.0,1.0,2.0,0.0,0.0,1.0,1.0,0.0,1.0,2.0,0.0,1.0,0.0,1.0,0.0,0.0,1.0,0.0,1.0,1.0,0.0,1.0,2.0,1.0,1.0,2.0,0.0,2.0,1.0,2.0,0.0,2.0,0.0,2.0,2.0,2.0,0.0,0.0
2031,2.0,1.0,2.0,1.0,0.0,1.0,1.0,1.0,1.0,0.0,0.0,0.0,0.0,2.0,2.0,2.0,2.0,2.0,1.0,1.0,2.0,0.0,2.0,0.0,2.0,0.0,2.0,2.0,1.0,1.0,0.0,2.0,1.0,0.0,1.0,1.0,2.0,2.0,2.0,2.0,2.0,2.0,1.0,0.0,0.0,0.0,2.0,2.0,1.0,2.0,0.0,0.0,2.0,0.0,2.0,1.0,1.0,0.0,2.0,1.0,2.0,2.0,0.0,1.0,2.0,0.0,1.0,1.0,2.0,2.0,2.0,2.0,0.0,0.0,1.0,0.0,1.0,0.0,0.0,0.0,2.0,0.0,0.0,1.0,2.0,0.0,1.0,0.0,1.0,2.0,0.0,2.0,0.0,2.0,2.0,2.0,0.0,2.0,1.0,0.0
2037,2.0,1.0,1.0,1.0,0.0,0.0,1.0,2.0,1.0,1.0,1.0,2.0,1.0,2.0,1.0,2.0,2.0,2.0,1.0,0.0,2.0,1.0,0.0,1.0,2.0,1.0,1.0,0.0,2.0,2.0,0.0,2.0,1.0,1.0,0.0,2.0,2.0,1.0,1.0,1.0,2.0,1.0,2.0,1.0,0.0,2.0,0.0,1.0,1.0,0.0,0.0,0.0,2.0,0.0,2.0,0.0,1.0,0.0,1.0,2.0,1.0,2.0,0.0,2.0,2.0,0.0,1.0,0.0,1.0,1.0,1.0,2.0,0.0,1.0,0.0,1.0,1.0,0.0,0.0,0.0,1.0,0.0,0.0,0.0,2.0,0.0,2.0,1.0,1.0,2.0,2.0,1.0,0.0,1.0,2.0,2.0,0.0,2.0,1.0,1.0
2041,2.0,0.0,1.0,0.0,1.0,0.0,2.0,2.0,2.0,0.0,1.0,1.0,1.0,1.0,2.0,2.0,2.0,2.0,2.0,1.0,2.0,0.0,2.0,1.0,2.0,0.0,0.0,2.0,2.0,2.0,0.0,2.0,1.0,0.0,0.0,1.0,2.0,2.0,1.0,2.0,2.0,1.0,1.0,0.0,0.0,1.0,2.0,1.0,1.0,2.0,0.0,0.0,2.0,0.0,1.0,2.0,2.0,0.0,2.0,2.0,1.0,2.0,1.0,1.0,2.0,1.0,0.0,2.0,2.0,0.0,2.0,2.0,0.0,0.0,0.0,0.0,1.0,0.0,0.0,0.0,1.0,0.0,0.0,0.0,2.0,0.0,2.0,2.0,0.0,2.0,1.0,2.0,0.0,2.0,1.0,2.0,2.0,2.0,1.0,0.0
2042,2.0,0.0,0.0,0.0,1.0,0.0,2.0,1.0,1.0,1.0,2.0,0.0,1.0,1.0,1.0,2.0,2.0,2.0,2.0,1.0,2.0,0.0,1.0,1.0,2.0,0.0,1.0,2.0,1.0,1.0,0.0,2.0,0.0,0.0,1.0,2.0,2.0,2.0,1.0,1.0,2.0,1.0,2.0,0.0,0.0,1.0,2.0,1.0,2.0,2.0,0.0,0.0,2.0,0.0,1.0,1.0,2.0,0.0,2.0,2.0,2.0,2.0,0.0,2.0,2.0,1.0,2.0,1.0,2.0,1.0,2.0,2.0,0.0,0.0,0.0,0.0,0.0,0.0,0.0,0.0,1.0,1.0,0.0,0.0,2.0,0.0,1.0,1.0,1.0,2.0,1.0,2.0,0.0,2.0,1.0,2.0,0.0,2.0,0.0,0.0
2045,2.0,1.0,2.0,1.0,0.0,0.0,1.0,1.0,1.0,1.0,1.0,0.0,2.0,2.0,1.0,2.0,2.0,1.0,1.0,1.0,2.0,0.0,1.0,0.0,2.0,1.0,2.0,2.0,2.0,1.0,0.0,2.0,1.0,0.0,0.0,1.0,1.0,1.0,0.0,2.0,2.0,2.0,2.0,2.0,0.0,0.0,2.0,0.0,2.0,1.0,0.0,0.0,2.0,0.0,1.0,0.0,2.0,0.0,2.0,1.0,0.0,1.0,0.0,2.0,2.0,0.0,2.0,1.0,2.0,1.0,2.0,2.0,0.0,1.0,0.0,1.0,0.0,0.0,1.0,0.0,2.0,0.0,0.0,2.0,2.0,1.0,1.0,2.0,0.0,2.0,1.0,2.0,1.0,2.0,1.0,2.0,1.0,2.0,0.0,0.0
2050,2.0,0.0,2.0,0.0,1.0,0.0,1.0,2.0,2.0,0.0,0.0,1.0,0.0,2.0,2.0,2.0,2.0,1.0,1.0,1.0,1.0,0.0,1.0,0.0,2.0,0.0,1.0,1.0,1.0,2.0,0.0,2.0,1.0,0.0,0.0,1.0,2.0,1.0,1.0,2.0,2.0,0.0,2.0,0.0,0.0,1.0,2.0,2.0,1.0,1.0,0.0,0.0,2.0,0.0,2.0,0.0,1.0,0.0,2.0,2.0,0.0,2.0,0.0,2.0,2.0,0.0,1.0,1.0,2.0,0.0,2.0,2.0,0.0,0.0,0.0,0.0,0.0,0.0,1.0,0.0,1.0,1.0,1.0,0.0,2.0,2.0,1.0,2.0,0.0,2.0,2.0,2.0,0.0,2.0,2.0,1.0,1.0,2.0,0.0,0.0
2053,2.0,1.0,2.0,0.0,1.0,0.0,1.0,2.0,2.0,0.0,0.0,0.0,0.0,2.0,2.0,2.0,2.0,1.0,1.0,1.0,1.0,0.0,1.0,1.0,2.0,0.0,1.0,1.0,1.0,2.0,0.0,2.0,2.0,0.0,0.0,1.0,2.0,1.0,1.0,2.0,2.0,0.0,2.0,0.0,0.0,0.0,2.0,2.0,1.0,2.0,0.0,0.0,2.0,0.0,2.0,2.0,2.0,0.0,2.0,2.0,1.0,2.0,0.0,2.0,2.0,0.0,1.0,1.0,1.0,2.0,2.0,2.0,0.0,1.0,0.0,1.0,0.0,0.0,1.0,0.0,2.0,1.0,1.0,0.0,2.0,1.0,1.0,1.0,0.0,2.0,0.0,2.0,0.0,2.0,1.0,1.0,1.0,2.0,1.0,1.0
2056,1.0,0.0,2.0,1.0,1.0,1.0,2.0,2.0,1.0,1.0,0.0,1.0,1.0,2.0,2.0,2.0,2.0,0.0,1.0,1.0,2.0,0.0,2.0,0.0,2.0,0.0,2.0,2.0,2.0,2.0,0.0,2.0,1.0,1.0,0.0,1.0,2.0,2.0,1.0,2.0,2.0,0.0,2.0,1.0,0.0,2.0,1.0,1.0,1.0,0.0,0.0,0.0,2.0,0.0,1.0,0.0,1.0,0.0,1.0,1.0,0.0,2.0,0.0,2.0,2.0,0.0,1.0,0.0,2.0,1.0,2.0,1.0,1.0,0.0,1.0,1.0,1.0,0.0,0.0,0.0,2.0,0.0,0.0,0.0,2.0,0.0,1.0,1.0,2.0,2.0,2.0,2.0,0.0,2.0,2.0,1.0,0.0,2.0,1.0,0.0
2058,2.0,0.0,0.0,1.0,0.0,0.0,2.0,2.0,2.0,0.0,1.0,0.0,1.0,1.0,2.0,2.0,2.0,0.0,1.0,1.0,2.0,0.0,0.0,0.0,2.0,2.0,2.0,1.0,1.0,2.0,0.0,2.0,1.0,0.0,0.0,1.0,1.0,2.0,2.0,2.0,2.0,1.0,0.0,2.0,0.0,0.0,1.0,2.0,2.0,1.0,0.0,0.0,2.0,0.0,2.0,1.0,2.0,0.0,2.0,1.0,0.0,2.0,0.0,2.0,2.0,1.0,2.0,2.0,1.0,0.0,1.0,2.0,0.0,0.0,2.0,0.0,1.0,0.0,0.0,0.0,2.0,0.0,1.0,1.0,2.0,0.0,2.0,2.0,1.0,2.0,1.0,2.0,0.0,2.0,0.0,2.0,1.0,2.0,1.0,0.0
2065,0.0,0.0,0.0,0.0,1.0,0.0,1.0,2.0,2.0,0.0,1.0,2.0,0.0,2.0,2.0,2.0,2.0,2.0,1.0,0.0,1.0,1.0,1.0,0.0,2.0,1.0,1.0,0.0,1.0,2.0,0.0,1.0,1.0,0.0,0.0,1.0,2.0,1.0,1.0,1.0,2.0,1.0,1.0,0.0,0.0,0.0,2.0,2.0,2.0,0.0,0.0,0.0,2.0,0.0,2.0,2.0,2.0,0.0,2.0,2.0,1.0,2.0,0.0,1.0,2.0,0.0,1.0,2.0,2.0,1.0,2.0,2.0,0.0,1.0,1.0,0.0,0.0,0.0,0.0,0.0,2.0,1.0,1.0,0.0,2.0,1.0,1.0,0.0,1.0,2.0,1.0,1.0,0.0,2.0,2.0,2.0,1.0,1.0,0.0,1.0
2077,2.0,0.0,1.0,1.0,1.0,0.0,2.0,1.0,2.0,1.0,0.0,0.0,1.0,2.0,1.0,2.0,2.0,2.0,1.0,1.0,1.0,0.0,2.0,0.0,2.0,1.0,1.0,1.0,1.0,2.0,0.0,2.0,1.0,0.0,2.0,1.0,1.0,0.0,1.0,2.0,2.0,1.0,2.0,0.0,0.0,1.0,1.0,2.0,1.0,1.0,0.0,0.0,2.0,0.0,2.0,2.0,2.0,0.0,2.0,2.0,0.0,2.0,1.0,1.0,2.0,0.0,2.0,1.0,1.0,1.0,2.0,2.0,0.0,1.0,1.0,0.0,1.0,0.0,0.0,0.0,2.0,1.0,2.0,1.0,1.0,0.0,1.0,0.0,2.0,2.0,2.0,2.0,0.0,1.0,1.0,2.0,0.0,2.0,0.0,0.0
2112,1.0,1.0,1.0,1.0,2.0,0.0,0.0,2.0,2.0,0.0,0.0,0.0,2.0,1.0,2.0,2.0,2.0,2.0,0.0,1.0,1.0,0.0,2.0,0.0,2.0,0.0,2.0,1.0,1.0,2.0,0.0,2.0,1.0,0.0,0.0,1.0,1.0,2.0,1.0,1.0,2.0,0.0,2.0,1.0,0.0,0.0,2.0,0.0,1.0,1.0,1.0,0.0,2.0,0.0,1.0,0.0,0.0,0.0,2.0,1.0,1.0,1.0,0.0,1.0,2.0,0.0,2.0,2.0,1.0,1.0,2.0,2.0,1.0,0.0,1.0,0.0,2.0,0.0,1.0,0.0,2.0,0.0,1.0,1.0,2.0,0.0,2.0,1.0,0.0,2.0,1.0,2.0,0.0,2.0,2.0,2.0,0.0,2.0,0.0,0.0
2137,1.0,1.0,0.0,1.0,1.0,0.0,1.0,1.0,0.0,1.0,1.0,1.0,1.0,2.0,1.0,2.0,2.0,1.0,2.0,1.0,2.0,0.0,2.0,2.0,2.0,0.0,2.0,1.0,2.0,1.0,0.0,1.0,1.0,0.0,1.0,0.0,1.0,2.0,0.0,2.0,2.0,2.0,1.0,1.0,0.0,0.0,2.0,2.0,1.0,0.0,0.0,0.0,2.0,0.0,2.0,2.0,1.0,0.0,2.0,1.0,1.0,1.0,0.0,1.0,2.0,1.0,0.0,1.0,1.0,1.0,2.0,2.0,0.0,0.0,1.0,1.0,0.0,0.0,0.0,0.0,1.0,1.0,0.0,2.0,2.0,2.0,2.0,1.0,0.0,2.0,0.0,1.0,0.0,2.0,1.0,2.0,1.0,2.0,0.0,0.0
2139,2.0,2.0,1.0,0.0,1.0,0.0,2.0,1.0,0.0,2.0,0.0,0.0,2.0,2.0,1.0,2.0,2.0,2.0,2.0,0.0,2.0,0.0,1.0,1.0,2.0,1.0,2.0,2.0,2.0,2.0,0.0,2.0,1.0,0.0,0.0,1.0,2.0,2.0,0.0,2.0,2.0,2.0,2.0,1.0,0.0,0.0,2.0,0.0,1.0,1.0,0.0,0.0,2.0,0.0,1.0,1.0,2.0,0.0,2.0,1.0,0.0,2.0,0.0,2.0,2.0,1.0,1.0,0.0,2.0,0.0,2.0,2.0,0.0,0.0,1.0,0.0,0.0,0.0,1.0,0.0,1.0,0.0,0.0,2.0,2.0,1.0,1.0,2.0,0.0,2.0,1.0,2.0,0.0,2.0,0.0,2.0,1.0,2.0,1.0,0.0
2147,2.0,1.0,2.0,0.0,1.0,1.0,0.0,2.0,1.0,0.0,0.0,0.0,1.0,2.0,2.0,2.0,2.0,2.0,1.0,1.0,1.0,0.0,2.0,0.0,2.0,1.0,2.0,1.0,2.0,0.0,0.0,2.0,1.0,0.0,1.0,2.0,2.0,2.0,1.0,2.0,2.0,2.0,1.0,0.0,0.0,0.0,2.0,2.0,2.0,1.0,0.0,0.0,2.0,0.0,1.0,0.0,1.0,0.0,2.0,1.0,2.0,1.0,0.0,0.0,2.0,0.0,2.0,1.0,2.0,1.0,2.0,2.0,0.0,0.0,0.0,1.0,0.0,0.0,1.0,0.0,1.0,0.0,1.0,1.0,2.0,0.0,1.0,1.0,2.0,2.0,0.0,2.0,0.0,2.0,1.0,2.0,1.0,2.0,0.0,0.0
2179,1.0,0.0,2.0,0.0,0.0,0.0,2.0,2.0,1.0,0.0,1.0,0.0,0.0,2.0,2.0,2.0,2.0,2.0,0.0,1.0,1.0,1.0,0.0,0.0,2.0,2.0,2.0,2.0,2.0,1.0,0.0,1.0,1.0,0.0,1.0,1.0,2.0,2.0,0.0,1.0,1.0,0.0,1.0,0.0,0.0,1.0,2.0,0.0,2.0,0.0,0.0,0.0,2.0,0.0,2.0,1.0,2.0,0.0,1.0,2.0,1.0,2.0,0.0,2.0,2.0,0.0,1.0,1.0,0.0,0.0,2.0,2.0,0.0,0.0,1.0,0.0,0.0,0.0,1.0,0.0,2.0,0.0,1.0,0.0,2.0,0.0,1.0,1.0,2.0,2.0,1.0,2.0,0.0,2.0,0.0,1.0,1.0,2.0,0.0,0.0
2191,2.0,0.0,2.0,0.0,1.0,1.0,1.0,2.0,1.0,0.0,0.0,0.0,1.0,1.0,2.0,2.0,2.0,2.0,1.0,1.0,2.0,0.0,1.0,1.0,2.0,0.0,1.0,2.0,1.0,1.0,0.0,2.0,2.0,0.0,0.0,2.0,2.0,2.0,1.0,2.0,2.0,0.0,2.0,1.0,0.0,1.0,2.0,2.0,0.0,0.0,0.0,0.0,2.0,0.0,2.0,0.0,1.0,0.0,2.0,2.0,2.0,2.0,0.0,1.0,2.0,0.0,2.0,0.0,0.0,1.0,2.0,2.0,0.0,0.0,0.0,2.0,1.0,0.0,0.0,0.0,2.0,0.0,0.0,1.0,2.0,0.0,2.0,2.0,0.0,2.0,2.0,2.0,0.0,2.0,2.0,2.0,1.0,2.0,1.0,0.0
2194,2.0,1.0,2.0,0.0,1.0,1.0,1.0,2.0,2.0,1.0,1.0,0.0,0.0,1.0,0.0,2.0,2.0,1.0,2.0,0.0,1.0,0.0,0.0,0.0,2.0,1.0,1.0,2.0,1.0,1.0,0.0,2.0,1.0,0.0,2.0,1.0,2.0,2.0,2.0,2.0,2.0,0.0,1.0,2.0,0.0,1.0,2.0,0.0,2.0,2.0,0.0,0.0,2.0,0.0,2.0,0.0,1.0,0.0,2.0,1.0,1.0,2.0,0.0,2.0,2.0,0.0,0.0,0.0,1.0,1.0,2.0,1.0,0.0,0.0,0.0,0.0,1.0,0.0,0.0,0.0,2.0,1.0,0.0,0.0,2.0,0.0,1.0,2.0,0.0,2.0,2.0,1.0,0.0,1.0,2.0,2.0,1.0,2.0,1.0,1.0
2200,2.0,0.0,2.0,0.0,1.0,1.0,2.0,2.0,2.0,1.0,0.0,1.0,0.0,2.0,1.0,2.0,2.0,1.0,1.0,0.0,1.0,0.0,2.0,0.0,2.0,0.0,2.0,2.0,2.0,2.0,0.0,2.0,1.0,0.0,1.0,0.0,2.0,1.0,1.0,2.0,2.0,0.0,2.0,1.0,0.0,1.0,2.0,2.0,1.8,0.0,0.0,0.0,2.0,0.0,1.0,1.0,2.0,0.0,1.0,2.0,0.0,2.0,0.0,1.0,2.0,0.0,1.0,1.0,1.0,1.0,2.0,1.0,1.0,0.0,1.0,1.0,1.0,0.0,0.0,0.0,2.0,0.0,1.0,0.0,2.0,0.0,0.0,0.0,2.0,2.0,2.0,2.0,0.0,2.0,1.0,2.0,0.0,2.0,0.0,0.0
2204,2.0,1.0,1.0,0.0,2.0,1.0,1.0,2.0,0.0,1.0,1.0,1.0,2.0,2.0,1.0,2.0,2.0,2.0,1.0,1.0,2.0,1.0,1.0,0.0,2.0,1.0,1.0,1.0,2.0,1.0,0.0,2.0,1.0,1.0,0.0,1.0,2.0,2.0,1.0,1.0,2.0,1.0,2.0,0.0,0.0,0.0,2.0,2.0,0.0,0.0,0.0,0.0,2.0,0.0,2.0,0.0,2.0,0.0,2.0,1.0,1.0,2.0,0.0,2.0,2.0,0.0,2.0,1.0,1.0,0.0,2.0,2.0,2.0,0.0,0.0,1.0,1.0,0.0,1.0,0.0,1.0,0.0,0.0,2.0,2.0,0.0,1.0,1.0,1.0,2.0,1.0,2.0,0.0,1.0,1.0,2.0,0.0,2.0,0.0,2.0
2207,2.0,0.0,1.0,2.0,1.0,1.0,1.0,2.0,1.0,0.0,0.0,0.0,2.0,1.0,1.0,2.0,2.0,0.0,2.0,0.0,0.0,0.0,2.0,2.0,2.0,1.0,2.0,1.0,1.0,1.0,0.0,1.0,0.0,1.0,2.0,0.0,1.0,2.0,2.0,1.0,2.0,2.0,2.0,1.0,0.0,1.0,2.0,0.0,2.0,1.0,0.0,0.0,2.0,0.0,2.0,2.0,1.0,0.0,2.0,2.0,0.0,2.0,0.0,2.0,2.0,0.0,0.0,0.0,1.0,0.0,2.0,2.0,0.0,0.0,0.0,0.0,1.0,0.0,0.0,0.0,2.0,0.0,0.0,1.0,2.0,1.0,2.0,2.0,1.0,2.0,1.0,2.0,0.0,2.0,1.0,2.0,0.0,2.0,1.0,0.0
2210,2.0,0.0,1.0,2.0,2.0,1.0,2.0,2.0,2.0,1.0,0.0,0.0,0.0,2.0,2.0,1.0,2.0,0.0,2.0,1.0,2.0,0.0,1.0,1.0,2.0,2.0,2.0,2.0,2.0,0.0,0.0,2.0,1.0,0.0,2.0,0.0,1.0,2.0,1.0,2.0,2.0,0.0,2.0,1.0,0.0,0.0,2.0,0.0,2.0,0.0,0.0,0.0,2.0,0.0,1.0,0.0,1.0,1.0,2.0,1.0,0.0,2.0,0.0,2.0,2.0,0.0,0.0,2.0,0.0,1.0,2.0,2.0,1.0,0.0,1.0,0.0,0.0,0.0,1.0,0.0,2.0,1.0,1.0,1.0,2.0,1.0,1.0,2.0,0.0,2.0,1.0,1.0,1.0,1.0,2.0,2.0,0.0,2.0,1.0,0.0
2211,2.0,0.0,0.0,1.0,1.0,0.0,1.0,1.0,2.0,1.0,1.0,2.0,1.0,2.0,2.0,2.0,2.0,1.0,0.0,1.0,1.0,0.0,1.0,1.0,2.0,0.0,2.0,0.0,1.0,0.0,0.0,1.0,1.0,0.0,0.0,1.0,1.0,0.0,2.0,2.0,2.0,1.0,2.0,0.0,0.0,0.0,2.0,2.0,0.0,0.0,0.0,0.0,2.0,0.0,2.0,1.0,2.0,0.0,2.0,1.0,1.0,2.0,0.0,2.0,2.0,1.0,2.0,2.0,1.0,1.0,1.0,1.0,0.0,2.0,0.0,0.0,1.0,0.0,0.0,0.0,1.0,1.0,1.0,1.0,2.0,2.0,1.0,0.0,1.0,2.0,0.0,1.0,0.0,2.0,1.0,2.0,2.0,1.0,0.0,0.0
2218,2.0,0.0,2.0,1.0,0.0,0.0,2.0,2.0,2.0,2.0,0.0,0.0,1.0,2.0,2.0,2.0,2.0,1.0,1.0,2.0,1.0,0.0,1.0,1.0,2.0,0.0,2.0,2.0,1.0,0.0,0.0,2.0,2.0,0.0,0.0,1.0,1.0,1.0,1.0,2.0,2.0,1.0,2.0,1.0,0.0,2.0,2.0,2.0,2.0,1.0,0.0,0.0,2.0,0.0,1.0,1.0,1.0,0.0,2.0,2.0,0.0,2.0,0.0,1.0,2.0,1.0,1.0,1.0,1.0,1.0,2.0,2.0,0.0,0.0,1.0,1.0,1.0,0.0,0.0,0.0,2.0,0.0,0.0,1.0,2.0,0.0,2.0,0.0,1.0,2.0,1.0,2.0,0.0,2.0,1.0,2.0,2.0,2.0,1.0,0.0
2311,2.0,1.0,0.0,1.0,1.0,0.0,0.0,2.0,1.0,0.0,1.0,0.0,1.0,2.0,2.0,2.0,2.0,1.0,1.0,0.0,2.0,0.0,2.0,0.0,2.0,0.0,1.0,0.0,1.0,1.0,0.0,2.0,0.0,0.0,0.0,1.0,2.0,2.0,1.0,1.0,2.0,1.0,2.0,1.0,0.0,1.0,2.0,1.0,1.0,1.0,0.0,0.0,2.0,0.0,2.0,1.0,2.0,0.0,2.0,2.0,0.0,1.0,0.0,1.0,2.0,0.0,1.0,2.0,2.0,2.0,2.0,2.0,1.0,0.0,1.0,0.0,1.0,0.0,0.0,0.0,1.0,0.0,0.0,2.0,2.0,0.0,1.0,1.0,1.0,2.0,1.0,1.0,0.0,2.0,1.0,2.0,1.0,2.0,1.0,1.0
2315,1.0,0.0,1.0,1.0,1.0,0.0,1.0,2.0,1.0,0.0,1.0,0.0,0.0,2.0,1.0,2.0,2.0,1.0,2.0,1.0,1.0,0.0,2.0,0.0,2.0,0.0,2.0,1.0,0.0,1.0,0.0,2.0,0.0,1.0,1.0,1.0,1.0,2.0,2.0,2.0,2.0,1.0,2.0,0.0,0.0,1.0,1.0,1.0,1.0,2.0,0.0,0.0,2.0,0.0,1.0,1.0,1.0,0.0,2.0,1.0,1.0,1.0,0.0,1.0,2.0,1.0,1.0,0.0,2.0,1.0,2.0,2.0,1.0,0.0,1.0,0.0,0.0,0.0,0.0,0.0,1.0,0.0,0.0,1.0,2.0,0.0,1.0,1.0,0.0,2.0,2.0,1.0,0.0,2.0,1.0,2.0,0.0,2.0,2.0,0.0
2357,1.0,1.0,1.0,0.0,0.0,0.0,1.0,1.0,1.0,0.0,0.0,0.0,1.0,1.0,2.0,2.0,2.0,1.0,1.0,0.0,2.0,0.0,2.0,0.0,2.0,1.0,2.0,1.0,2.0,1.0,0.0,2.0,0.0,0.0,0.0,1.0,2.0,1.0,2.0,0.0,2.0,1.0,1.0,1.0,0.0,1.0,2.0,2.0,1.0,2.0,0.0,0.0,2.0,0.0,1.0,1.0,2.0,0.0,2.0,2.0,1.0,2.0,0.0,1.0,2.0,0.0,2.0,1.0,1.0,1.0,2.0,2.0,0.0,1.0,0.0,0.0,2.0,0.0,0.0,0.0,2.0,1.0,0.0,0.0,2.0,1.0,1.0,1.0,1.0,2.0,1.0,2.0,0.0,2.0,1.0,1.0,1.0,1.0,2.0,1.0
2370,2.0,0.0,1.0,0.0,1.0,0.0,1.0,1.0,1.0,1.0,1.0,1.0,1.0,1.0,2.0,2.0,2.0,1.0,1.0,0.0,2.0,0.0,1.0,1.0,2.0,1.0,2.0,1.0,2.0,1.0,0.0,2.0,0.0,0.0,1.0,2.0,2.0,2.0,2.0,0.0,2.0,2.0,2.0,1.0,0.0,1.0,1.0,2.0,2.0,2.0,0.0,0.0,2.0,1.0,1.0,0.0,2.0,0.0,2.0,2.0,2.0,1.0,0.0,2.0,2.0,0.0,2.0,0.0,1.0,0.0,2.0,2.0,0.0,0.0,1.0,0.0,1.0,0.0,0.0,0.0,1.0,0.0,1.0,1.0,2.0,1.0,1.0,2.0,0.0,2.0,2.0,1.0,0.0,2.0,1.0,2.0,1.0,2.0,1.0,1.0
2373,1.0,0.0,2.0,0.0,1.0,0.0,1.0,2.0,2.0,1.0,1.0,1.0,2.0,2.0,1.0,2.0,2.0,2.0,2.0,1.0,1.0,0.0,1.0,0.0,2.0,1.0,2.0,2.0,1.0,1.0,0.0,2.0,2.0,1.0,0.0,2.0,2.0,1.0,1.0,2.0,2.0,2.0,2.0,1.0,0.0,1.0,2.0,1.0,2.0,0.0,0.0,0.0,2.0,0.0,1.0,0.0,1.0,0.0,2.0,2.0,0.0,2.0,0.0,2.0,2.0,0.0,0.0,0.0,1.0,0.0,2.0,1.0,0.0,0.0,1.0,2.0,0.0,0.0,1.0,0.0,2.0,0.0,0.0,2.0,2.0,1.0,1.0,2.0,1.0,2.0,2.0,2.0,0.0,2.0,1.0,2.0,1.0,2.0,0.0,0.0
2376,2.0,0.0,2.0,0.0,1.0,0.0,1.0,1.0,2.0,0.0,1.0,0.0,1.0,2.0,2.0,2.0,2.0,1.0,2.0,1.0,1.0,0.0,2.0,0.0,2.0,0.0,1.0,2.0,1.0,1.0,0.0,1.0,2.0,0.0,0.0,2.0,2.0,1.0,1.0,2.0,2.0,0.0,1.0,1.0,0.0,0.0,2.0,0.0,2.0,0.0,0.0,0.0,2.0,0.0,2.0,1.0,1.0,0.0,2.0,2.0,1.0,2.0,0.0,2.0,2.0,0.0,2.0,0.0,0.0,0.0,2.0,0.0,0.0,2.0,1.0,0.0,0.0,0.0,1.0,0.0,2.0,1.0,0.0,2.0,2.0,1.0,1.0,1.0,1.0,2.0,2.0,1.0,0.0,2.0,0.0,2.0,1.0,2.0,0.0,0.0
2378,2.0,0.0,1.0,1.0,0.0,0.0,0.0,2.0,2.0,1.0,0.0,1.0,2.0,1.0,2.0,2.0,2.0,2.0,0.0,1.0,1.0,0.0,2.0,0.0,2.0,0.0,2.0,2.0,0.0,2.0,0.0,1.0,1.0,0.0,1.0,2.0,1.0,1.0,2.0,1.0,2.0,1.0,2.0,2.0,0.0,1.0,2.0,2.0,1.0,0.0,0.0,0.0,2.0,0.0,2.0,0.0,2.0,0.0,2.0,2.0,2.0,2.0,0.0,1.0,2.0,1.0,1.0,2.0,2.0,0.0,2.0,1.0,0.0,1.0,0.0,1.0,1.0,0.0,0.0,0.0,2.0,0.0,0.0,1.0,2.0,1.0,1.0,2.0,0.0,2.0,1.0,2.0,0.0,2.0,1.0,2.0,0.0,2.0,1.0,1.0
2388,2.0,1.0,1.0,2.0,0.0,0.0,1.0,2.0,1.0,0.0,1.0,0.0,1.0,2.0,1.0,2.0,2.0,2.0,2.0,0.0,1.0,0.0,2.0,0.0,2.0,2.0,2.0,1.0,0.0,1.0,0.0,2.0,1.0,0.0,1.0,2.0,0.0,1.0,2.0,1.0,2.0,1.0,2.0,0.0,0.0,1.0,1.0,2.0,2.0,0.0,0.0,0.0,2.0,0.0,2.0,0.0,0.0,0.0,2.0,2.0,1.0,2.0,0.0,2.0,2.0,2.0,1.0,0.0,1.0,1.0,2.0,1.0,0.0,1.0,2.0,1.0,1.0,0.0,0.0,0.0,2.0,1.0,0.0,1.0,2.0,1.0,2.0,2.0,0.0,2.0,1.0,1.0,0.0,2.0,1.0,2.0,1.0,2.0,1.0,1.0
2391,2.0,0.0,2.0,0.0,1.0,0.0,0.0,2.0,2.0,0.0,0.0,0.0,1.0,2.0,2.0,2.0,2.0,1.0,1.0,1.0,2.0,0.0,2.0,1.0,2.0,0.0,2.0,1.0,1.0,2.0,0.0,0.0,1.0,0.0,2.0,0.0,2.0,1.0,1.0,2.0,2.0,2.0,0.0,2.0,0.0,0.0,2.0,1.0,1.0,0.0,0.0,0.0,2.0,0.0,2.0,0.0,2.0,0.0,2.0,2.0,0.0,2.0,0.0,2.0,2.0,1.0,1.0,1.0,1.0,1.0,2.0,2.0,0.0,1.0,1.0,0.0,0.0,0.0,0.0,0.0,2.0,0.0,2.0,1.0,2.0,1.0,2.0,2.0,0.0,2.0,1.0,2.0,0.0,2.0,1.0,2.0,1.0,2.0,1.0,2.0
2392,2.0,0.0,2.0,1.0,1.0,0.0,0.0,2.0,2.0,0.0,1.0,0.0,0.0,2.0,2.0,2.0,2.0,1.0,2.0,1.0,1.0,0.0,2.0,0.0,2.0,2.0,1.0,0.0,2.0,1.0,0.0,1.0,1.0,0.0,0.0,0.0,1.0,1.0,0.0,2.0,2.0,1.0,0.0,1.0,0.0,0.0,2.0,2.0,2.0,0.0,0.0,0.0,2.0,1.0,2.0,0.0,1.0,0.0,2.0,2.0,0.0,2.0,0.0,1.0,2.0,1.0,1.0,1.0,1.0,0.0,2.0,2.0,0.0,1.0,1.0,0.0,1.0,0.0,2.0,0.0,2.0,1.0,0.0,0.0,1.0,1.0,2.0,1.0,1.0,2.0,1.0,1.0,0.0,2.0,0.0,2.0,0.0,2.0,1.0,1.0
2405,2.0,0.0,2.0,0.0,1.0,0.0,1.0,1.0,2.0,0.0,2.0,0.0,1.0,2.0,0.0,2.0,2.0,1.0,1.0,1.0,2.0,0.0,1.0,0.0,2.0,1.0,1.0,2.0,2.0,1.0,0.0,2.0,1.0,0.0,1.0,2.0,2.0,1.0,1.0,1.0,2.0,1.0,2.0,1.0,0.0,0.0,1.0,0.0,1.0,1.0,0.0,0.0,2.0,0.0,1.0,1.0,0.0,0.0,2.0,1.0,0.0,1.0,0.0,1.0,2.0,0.0,1.0,2.0,1.0,0.0,1.0,1.0,0.0,1.0,1.0,0.0,1.0,0.0,1.0,0.0,1.0,2.0,0.0,1.0,2.0,1.0,1.0,0.0,1.0,2.0,0.0,1.0,0.0,2.0,2.0,1.0,1.0,2.0,1.0,0.0
2415,2.0,0.0,0.0,0.0,2.0,0.0,1.0,2.0,1.0,0.0,0.0,1.0,0.0,1.0,1.0,1.0,2.0,1.0,2.0,1.0,2.0,0.0,1.0,0.0,2.0,1.0,2.0,0.0,2.0,1.0,0.0,1.0,0.0,0.0,0.0,2.0,2.0,2.0,1.0,1.0,2.0,1.0,1.0,0.0,0.0,0.0,1.0,1.0,1.0,1.0,0.0,0.0,2.0,0.0,2.0,0.0,2.0,0.0,2.0,0.0,0.0,2.0,0.0,2.0,2.0,0.0,1.0,1.0,1.0,1.0,2.0,2.0,1.0,1.0,1.0,1.0,1.0,0.0,1.0,0.0,2.0,0.0,0.0,1.0,2.0,1.0,1.0,1.0,2.0,2.0,1.0,2.0,0.0,2.0,1.0,2.0,0.0,2.0,0.0,0.0
2416,2.0,1.0,2.0,2.0,1.0,0.0,0.0,2.0,2.0,0.0,0.0,0.0,1.0,1.0,1.0,2.0,2.0,1.0,2.0,2.0,2.0,0.0,2.0,1.0,2.0,1.0,1.0,2.0,2.0,0.0,0.0,2.0,1.0,0.0,0.0,2.0,1.0,2.0,1.0,2.0,2.0,0.0,1.0,2.0,0.0,1.0,1.0,1.0,1.0,1.0,0.0,0.0,2.0,0.0,2.0,2.0,1.0,0.0,2.0,2.0,0.0,2.0,1.0,2.0,2.0,0.0,1.0,1.0,1.0,1.0,2.0,1.0,0.0,0.0,0.0,0.0,0.0,0.0,0.0,0.0,2.0,0.0,0.0,1.0,2.0,0.0,2.0,1.0,2.0,2.0,1.0,2.0,1.0,2.0,1.0,2.0,0.0,2.0,0.0,1.0
2435,2.0,0.0,1.0,1.0,0.0,0.0,2.0,1.0,1.0,1.0,1.0,0.0,1.0,2.0,2.0,2.0,1.0,1.0,2.0,1.0,1.0,0.0,0.0,0.0,2.0,1.0,2.0,1.0,2.0,0.0,0.0,0.0,1.0,0.0,0.0,1.0,1.0,2.0,0.0,1.0,2.0,2.0,2.0,0.0,0.0,0.0,2.0,1.0,2.0,0.0,0.0,0.0,2.0,0.0,2.0,0.0,1.0,0.0,2.0,2.0,0.0,2.0,1.0,1.0,2.0,0.0,1.0,2.0,2.0,0.0,2.0,1.0,0.0,0.0,1.0,1.0,1.0,0.0,2.0,0.0,1.0,0.0,0.0,2.0,2.0,0.0,1.0,2.0,2.0,2.0,2.0,1.0,0.0,2.0,1.0,2.0,1.0,2.0,1.0,1.0
2437,2.0,0.0,2.0,1.0,1.0,0.0,1.0,2.0,2.0,2.0,0.0,0.0,2.0,1.0,2.0,2.0,2.0,2.0,1.0,2.0,1.0,0.0,1.0,0.0,2.0,0.0,1.0,2.0,1.0,0.0,0.0,1.0,1.0,0.0,0.0,2.0,1.0,2.0,0.0,1.0,2.0,1.0,2.0,1.0,0.0,2.0,2.0,2.0,2.0,0.0,0.0,0.0,2.0,0.0,1.0,2.0,1.0,0.0,2.0,2.0,0.0,2.0,0.0,2.0,2.0,1.0,0.0,2.0,2.0,0.0,2.0,2.0,1.0,0.0,0.0,1.0,2.0,0.0,1.0,0.0,2.0,0.0,0.0,1.0,2.0,1.0,2.0,1.0,0.0,2.0,1.0,2.0,0.0,2.0,1.0,2.0,1.0,2.0,1.0,0.0
2444,1.0,0.0,2.0,1.0,0.0,0.0,1.0,2.0,2.0,0.0,1.0,1.0,2.0,1.0,1.0,2.0,2.0,1.0,1.0,2.0,1.0,0.0,1.0,0.0,2.0,1.0,2.0,0.0,0.0,1.0,0.0,1.0,2.0,1.0,0.0,1.0,1.0,1.0,1.0,2.0,2.0,0.0,2.0,1.0,0.0,1.0,2.0,2.0,1.0,0.0,0.0,0.0,2.0,0.0,2.0,2.0,1.0,0.0,2.0,2.0,0.0,2.0,0.0,1.0,2.0,1.0,0.0,2.0,2.0,0.0,2.0,2.0,0.0,0.0,1.0,1.0,1.0,0.0,0.0,0.0,2.0,1.0,0.0,0.0,2.0,0.0,1.0,1.0,2.0,2.0,1.0,2.0,0.0,2.0,2.0,1.0,2.0,2.0,1.0,0.0
2461,2.0,0.0,2.0,1.0,0.0,1.0,1.0,2.0,2.0,0.0,1.0,1.0,1.0,2.0,1.0,2.0,2.0,0.0,0.0,2.0,1.0,0.0,2.0,0.0,2.0,1.0,2.0,1.0,1.0,0.0,0.0,2.0,2.0,1.0,1.0,2.0,1.0,1.0,2.0,2.0,2.0,0.0,1.0,1.0,0.0,1.0,2.0,2.0,1.0,2.0,0.0,0.0,2.0,0.0,2.0,0.0,1.0,0.0,2.0,2.0,0.0,2.0,0.0,2.0,2.0,0.0,0.0,1.0,2.0,0.0,2.0,2.0,0.0,1.0,0.0,0.0,2.0,0.0,0.0,0.0,2.0,0.0,0.0,1.0,2.0,1.0,2.0,0.0,0.0,2.0,1.0,2.0,0.0,2.0,2.0,2.0,0.0,2.0,1.0,1.0
2477,2.0,0.0,2.0,1.0,2.0,0.0,1.0,2.0,1.0,0.0,0.0,0.0,0.0,1.0,1.0,2.0,2.0,1.0,2.0,0.0,1.0,0.0,0.0,2.0,2.0,1.0,2.0,2.0,2.0,0.0,0.0,2.0,2.0,0.0,0.0,2.0,1.0,1.0,1.0,2.0,2.0,0.0,2.0,2.0,0.0,0.0,2.0,1.0,2.0,0.0,0.0,0.0,2.0,0.0,2.0,1.0,2.0,0.0,2.0,1.0,0.0,2.0,0.0,2.0,2.0,0.0,0.0,1.0,1.0,2.0,2.0,2.0,0.0,0.0,0.0,0.0,0.0,0.0,1.0,0.0,2.0,2.0,1.0,0.0,2.0,1.0,2.0,2.0,1.0,2.0,1.0,2.0,0.0,2.0,1.0,1.0,1.0,2.0,0.0,0.0
2496,0.0,0.0,1.0,0.0,2.0,0.0,1.0,1.0,2.0,0.0,2.0,0.0,2.0,1.0,2.0,2.0,2.0,2.0,2.0,0.0,2.0,0.0,1.0,0.0,2.0,1.0,2.0,0.0,2.0,1.0,0.0,2.0,1.0,0.0,1.0,2.0,1.0,2.0,1.0,2.0,2.0,0.0,0.0,0.0,0.0,0.0,1.0,2.0,0.0,2.0,0.0,0.0,2.0,0.0,2.0,0.0,1.0,0.0,2.0,2.0,0.0,2.0,0.0,1.0,2.0,0.0,2.0,1.0,2.0,2.0,2.0,2.0,1.0,0.0,0.0,0.0,1.0,0.0,1.0,0.0,2.0,1.0,0.0,2.0,2.0,1.0,2.0,2.0,1.0,2.0,0.0,1.0,0.0,2.0,2.0,1.0,0.0,2.0,1.0,1.0
2509,2.0,0.0,0.0,0.0,0.0,1.0,1.0,2.0,1.0,0.0,0.0,1.0,1.0,2.0,2.0,2.0,2.0,1.0,1.0,0.0,2.0,0.0,0.0,1.0,2.0,0.0,1.0,1.0,1.0,1.0,0.0,2.0,1.0,0.0,0.0,2.0,2.0,2.0,2.0,1.0,2.0,1.0,1.0,0.0,0.0,1.0,1.0,1.0,0.0,0.0,1.0,0.0,2.0,0.0,2.0,1.0,2.0,0.0,2.0,2.0,1.0,2.0,1.0,2.0,2.0,1.0,1.0,0.0,1.0,0.0,2.0,2.0,0.0,0.0,1.0,0.0,1.0,0.0,0.0,0.0,2.0,0.0,0.0,1.0,2.0,1.0,2.0,2.0,1.0,2.0,2.0,2.0,0.0,2.0,2.0,2.0,0.0,2.0,1.0,1.0
2518,2.0,0.0,2.0,1.0,1.0,0.0,1.0,2.0,1.0,1.0,1.0,1.0,0.0,2.0,2.0,1.0,1.0,1.67,2.0,1.0,2.0,0.0,1.0,0.0,2.0,1.0,1.0,1.0,1.0,1.0,0.0,2.0,0.0,0.0,1.0,1.0,2.0,1.0,0.0,2.0,2.0,1.0,2.0,2.0,0.0,1.0,2.0,0.0,0.0,1.0,0.0,0.0,2.0,0.0,1.0,1.0,2.0,0.0,2.0,1.0,1.0,2.0,1.0,1.0,2.0,1.0,1.0,2.0,0.0,1.0,2.0,2.0,0.0,1.0,0.0,0.0,2.0,0.0,0.0,0.0,2.0,1.0,0.0,1.0,2.0,1.0,2.0,1.0,1.0,2.0,1.0,1.0,0.0,2.0,2.0,2.0,2.0,2.0,1.0,1.0
2522,2.0,0.0,2.0,2.0,1.0,1.0,0.0,1.0,2.0,0.0,1.0,0.0,2.0,0.0,1.0,2.0,2.0,2.0,2.0,0.0,1.0,0.0,2.0,0.0,2.0,1.0,2.0,1.0,2.0,1.0,0.0,2.0,1.0,0.0,1.0,1.0,1.0,2.0,2.0,2.0,2.0,1.0,0.0,2.0,0.0,2.0,1.0,2.0,1.0,1.0,0.0,0.0,2.0,0.0,2.0,1.0,2.0,0.0,2.0,1.0,1.0,2.0,0.0,2.0,2.0,0.0,2.0,0.0,1.0,0.0,2.0,2.0,0.0,0.0,0.0,1.0,1.0,0.0,0.0,0.0,1.0,0.0,0.0,2.0,2.0,1.0,2.0,2.0,0.0,2.0,0.0,2.0,0.0,2.0,1.0,2.0,0.0,2.0,0.0,2.0
2526,2.0,0.0,2.0,0.0,1.0,0.0,2.0,2.0,1.0,0.0,1.0,0.0,0.0,2.0,2.0,2.0,2.0,2.0,1.0,1.0,2.0,0.0,2.0,0.0,2.0,0.0,2.0,2.0,1.0,1.0,0.0,2.0,1.0,0.0,0.0,2.0,2.0,1.0,2.0,2.0,2.0,1.0,2.0,1.0,0.0,1.0,2.0,2.0,1.0,1.0,0.0,0.0,2.0,0.0,1.0,1.0,1.0,0.0,2.0,1.0,1.0,2.0,0.0,1.0,2.0,0.0,1.0,1.0,2.0,0.0,2.0,2.0,0.0,1.0,0.0,0.0,0.0,0.0,0.0,0.0,1.0,0.0,1.0,2.0,2.0,0.0,1.0,0.0,0.0,2.0,2.0,1.0,0.0,2.0,1.0,2.0,1.0,2.0,0.0,0.0
2539,2.0,1.0,2.0,0.0,2.0,0.0,1.0,2.0,1.0,0.0,1.0,0.0,0.0,2.0,1.0,2.0,2.0,2.0,0.0,2.0,1.0,0.0,1.0,0.0,2.0,1.0,2.0,1.0,2.0,0.0,0.0,2.0,1.0,0.0,2.0,2.0,2.0,1.0,1.0,2.0,2.0,1.0,2.0,1.0,0.0,0.0,2.0,2.0,2.0,1.0,0.0,0.0,2.0,0.0,1.0,0.0,2.0,0.0,2.0,2.0,2.0,1.0,0.0,1.0,2.0,0.0,1.0,0.0,2.0,1.0,2.0,2.0,0.0,1.0,0.0,1.0,0.0,0.0,1.0,0.0,1.0,0.0,1.0,1.0,2.0,0.0,2.0,0.0,1.0,2.0,1.0,2.0,0.0,1.0,1.0,1.0,2.0,2.0,0.0,0.0
2560,2.0,1.0,2.0,0.0,2.0,0.0,1.0,1.0,1.0,1.0,2.0,0.0,0.0,2.0,2.0,2.0,2.0,1.0,1.0,2.0,2.0,1.0,2.0,0.0,2.0,2.0,2.0,1.0,2.0,1.0,0.0,0.0,1.0,1.0,0.0,2.0,2.0,1.0,1.0,2.0,2.0,1.0,1.0,1.0,0.0,0.0,2.0,1.0,1.0,0.0,0.0,0.0,2.0,0.0,2.0,0.0,2.0,0.0,2.0,0.0,1.0,2.0,1.0,2.0,2.0,0.0,2.0,2.0,2.0,0.0,2.0,2.0,1.0,1.0,0.0,1.0,1.0,0.0,0.0,0.0,2.0,0.0,0.0,0.0,1.0,0.0,2.0,1.0,0.0,2.0,2.0,2.0,1.0,1.0,0.0,1.0,1.0,2.0,1.0,1.0
2563,1.0,0.0,0.0,0.0,0.0,0.0,2.0,1.0,1.0,0.0,0.0,1.0,1.0,2.0,1.0,2.0,2.0,1.0,1.0,1.0,1.0,0.0,1.0,0.0,2.0,0.0,2.0,1.0,2.0,1.0,0.0,0.0,1.0,0.0,1.0,0.0,2.0,2.0,2.0,1.0,2.0,1.0,1.0,1.0,0.0,0.0,2.0,1.0,0.0,1.0,0.0,0.0,2.0,0.0,2.0,1.0,2.0,0.0,2.0,1.0,0.0,2.0,0.0,2.0,2.0,0.0,1.0,2.0,2.0,0.0,2.0,2.0,0.0,0.0,0.0,0.0,1.0,0.0,0.0,0.0,2.0,0.0,1.0,1.0,2.0,0.0,1.0,2.0,0.0,2.0,1.0,2.0,0.0,2.0,1.0,2.0,0.0,2.0,1.0,1.0
2564,1.0,0.0,1.0,1.0,1.0,1.0,2.0,2.0,2.0,0.0,1.0,0.0,1.0,2.0,0.0,2.0,1.0,2.0,2.0,0.0,0.0,0.0,1.0,0.0,2.0,1.0,2.0,1.0,2.0,1.0,0.0,0.0,1.0,0.0,1.0,1.0,1.0,2.0,2.0,1.0,2.0,1.0,2.0,2.0,0.0,0.0,2.0,2.0,0.0,1.0,0.0,0.0,2.0,0.0,2.0,1.0,2.0,0.0,2.0,1.0,0.0,1.0,0.0,2.0,2.0,0.0,1.0,2.0,2.0,1.0,1.0,2.0,1.0,0.0,1.0,0.0,0.0,0.0,0.0,0.0,2.0,0.0,0.0,1.0,2.0,0.0,0.0,2.0,1.0,2.0,2.0,2.0,0.0,2.0,1.0,2.0,1.0,2.0,1.0,1.0
2576,1.0,0.0,1.0,1.0,2.0,0.0,2.0,1.0,1.0,2.0,2.0,1.0,2.0,2.0,1.0,1.0,2.0,1.0,0.0,0.0,2.0,0.0,1.0,0.0,2.0,0.0,1.0,1.0,2.0,2.0,0.0,1.0,1.0,0.0,0.0,2.0,2.0,1.0,0.0,1.0,2.0,1.0,2.0,2.0,0.0,2.0,2.0,0.0,1.0,0.0,0.0,0.0,2.0,0.0,1.0,2.0,2.0,0.0,2.0,1.0,1.0,2.0,0.0,2.0,2.0,0.0,1.0,1.0,2.0,1.0,2.0,1.0,1.0,0.0,1.0,0.0,1.0,0.0,1.0,0.0,2.0,1.0,0.0,1.0,2.0,1.0,2.0,2.0,0.0,2.0,0.0,1.0,0.0,1.0,1.0,2.0,1.0,2.0,0.0,2.0
2582,1.0,2.0,2.0,1.0,0.0,0.0,2.0,0.0,2.0,0.0,1.0,1.0,2.0,2.0,2.0,2.0,2.0,0.0,2.0,0.0,0.0,0.0,0.0,0.0,2.0,0.0,0.0,0.0,1.0,1.0,0.0,1.0,0.0,0.0,0.0,1.0,2.0,1.0,1.0,2.0,2.0,0.0,2.0,0.0,2.0,1.0,2.0,1.0,1.0,0.0,0.0,0.0,2.0,0.0,2.0,2.0,2.0,1.0,2.0,0.0,0.0,1.0,1.0,1.0,2.0,0.0,2.0,1.0,2.0,2.0,2.0,1.0,0.0,1.0,1.0,0.0,1.0,0.0,0.0,0.0,2.0,1.0,1.0,1.0,2.0,0.0,2.0,2.0,0.0,2.0,1.0,0.0,0.0,1.0,2.0,2.0,2.0,2.0,0.0,1.0
2587,2.0,2.0,1.0,2.0,1.0,0.0,2.0,1.0,2.0,2.0,0.0,1.0,1.0,2.0,2.0,1.0,1.0,1.0,1.0,1.0,1.0,0.0,0.0,0.0,2.0,2.0,2.0,1.0,1.0,1.0,0.0,2.0,1.0,0.0,0.0,1.0,1.0,2.0,1.0,2.0,1.0,1.0,2.0,0.0,0.0,1.0,2.0,1.0,1.0,0.0,1.0,0.0,2.0,0.0,2.0,1.0,2.0,0.0,2.0,1.0,1.0,2.0,1.0,2.0,2.0,0.0,2.0,1.0,0.0,0.0,2.0,2.0,0.0,0.0,1.0,0.0,1.0,0.0,0.0,0.0,2.0,0.0,0.0,0.0,2.0,1.0,1.0,1.0,1.0,2.0,1.0,0.0,0.0,2.0,1.0,2.0,1.0,2.0,1.0,0.0
2596,1.0,1.0,2.0,0.0,0.0,0.0,1.0,1.0,2.0,0.0,0.0,1.0,0.0,2.0,2.0,2.0,2.0,1.0,2.0,1.0,1.0,0.0,1.0,0.0,2.0,1.0,2.0,1.0,1.0,0.0,0.0,1.0,1.0,0.0,1.0,0.0,2.0,0.0,1.0,1.0,2.0,1.0,2.0,0.0,0.0,0.0,2.0,2.0,2.0,1.0,0.0,0.0,2.0,0.0,2.0,0.0,0.0,0.0,2.0,2.0,0.0,2.0,0.0,1.0,2.0,0.0,1.0,1.0,2.0,0.0,1.0,1.0,0.0,2.0,1.0,0.0,0.0,0.0,1.0,0.0,2.0,0.0,0.0,1.0,2.0,1.0,0.0,2.0,1.0,2.0,1.0,1.0,0.0,2.0,2.0,2.0,1.0,2.0,1.0,1.0
2597,1.0,1.0,1.0,1.0,0.0,1.0,2.0,1.0,1.0,1.0,1.0,0.0,0.0,2.0,2.0,1.0,2.0,0.0,2.0,2.0,2.0,0.0,0.0,0.0,2.0,1.0,0.0,0.0,2.0,0.0,0.0,2.0,2.0,0.0,1.0,1.0,2.0,1.0,1.0,2.0,2.0,2.0,1.0,0.0,1.0,0.0,2.0,2.0,1.0,0.0,1.0,0.0,2.0,0.0,1.0,0.0,2.0,0.0,2.0,2.0,1.0,1.0,0.0,1.0,2.0,0.0,0.0,1.0,0.0,0.0,2.0,1.0,0.0,1.0,2.0,0.0,1.0,0.0,0.0,0.0,2.0,1.0,0.0,1.0,2.0,1.0,1.0,2.0,1.0,1.0,1.0,0.0,0.0,2.0,1.0,2.0,1.0,2.0,0.0,1.0
2601,2.0,0.0,2.0,1.0,0.0,0.0,2.0,2.0,2.0,0.0,2.0,1.0,1.0,2.0,2.0,1.0,2.0,0.0,2.0,0.0,2.0,0.0,1.0,0.0,2.0,1.0,2.0,2.0,2.0,1.0,0.0,1.0,1.0,0.0,0.0,1.0,2.0,2.0,1.0,1.0,2.0,0.0,2.0,1.0,0.0,1.0,2.0,0.0,1.0,1.0,0.0,0.0,2.0,0.0,2.0,1.0,2.0,0.0,2.0,2.0,0.0,2.0,0.0,2.0,2.0,0.0,1.0,1.0,1.0,1.0,2.0,2.0,0.0,0.0,0.0,0.0,1.0,0.0,1.0,0.0,2.0,0.0,1.0,2.0,2.0,1.0,1.0,1.0,0.0,2.0,2.0,0.0,1.0,2.0,1.0,2.0,1.0,2.0,1.0,1.0
2608,1.0,2.0,1.0,2.0,1.0,1.0,1.0,0.0,2.0,0.0,1.0,1.0,1.0,2.0,1.0,2.0,2.0,1.0,0.0,1.0,1.0,0.0,1.0,1.0,2.0,1.0,1.0,0.0,1.0,1.0,0.0,2.0,0.0,0.0,1.0,0.0,1.0,2.0,1.0,2.0,1.0,2.0,1.0,0.0,1.0,1.0,1.0,2.0,1.0,1.0,0.0,0.0,1.0,0.0,2.0,1.0,2.0,0.0,2.0,2.0,1.0,2.0,0.0,2.0,2.0,0.0,2.0,1.0,0.0,0.0,2.0,2.0,0.0,0.0,1.0,0.0,1.0,0.0,1.0,0.0,2.0,1.0,0.0,0.0,2.0,1.0,1.0,2.0,2.0,1.0,1.0,0.0,1.0,2.0,2.0,2.0,1.0,1.0,1.0,1.0
2610,2.0,1.0,2.0,1.0,0.0,1.0,1.0,2.0,0.0,0.0,1.0,1.0,2.0,2.0,1.0,2.0,2.0,1.0,1.0,2.0,2.0,0.0,1.0,0.0,2.0,0.0,2.0,2.0,1.0,1.0,0.0,2.0,1.0,0.0,0.0,1.0,2.0,2.0,1.0,1.0,2.0,1.0,2.0,0.0,0.0,1.0,2.0,2.0,0.0,1.0,0.0,0.0,2.0,0.0,2.0,1.0,2.0,0.0,2.0,2.0,0.0,2.0,0.0,2.0,2.0,0.0,1.0,0.0,2.0,1.0,2.0,2.0,0.0,0.0,0.0,1.0,2.0,0.0,0.0,0.0,1.0,1.0,0.0,1.0,2.0,0.0,2.0,0.0,1.0,2.0,1.0,2.0,0.0,2.0,2.0,2.0,0.0,2.0,0.0,1.0
2626,1.0,2.0,2.0,0.0,0.0,1.0,2.0,1.0,2.0,2.0,1.0,2.0,1.0,2.0,2.0,1.0,2.0,0.0,0.0,1.0,1.0,0.0,0.0,0.0,2.0,1.0,0.0,1.0,1.0,1.0,1.0,1.0,0.0,0.0,1.0,1.0,2.0,1.0,0.0,1.0,2.0,1.0,1.0,1.0,0.0,1.0,0.0,0.0,1.0,0.0,0.0,0.0,2.0,0.0,2.0,1.0,2.0,0.0,1.0,2.0,1.0,2.0,0.0,1.0,1.0,0.0,2.0,1.0,2.0,2.0,1.0,0.0,0.0,1.0,0.0,1.0,0.0,0.0,1.0,0.0,2.0,0.0,0.0,2.0,2.0,0.0,2.0,1.0,2.0,2.0,1.0,1.0,0.0,1.0,2.0,2.0,1.0,2.0,0.0,1.0
2632,2.0,2.0,0.0,0.0,0.0,0.0,2.0,2.0,2.0,1.0,1.0,0.0,2.0,1.0,1.0,0.0,2.0,1.0,0.0,1.0,0.0,1.0,0.0,0.0,2.0,0.0,1.0,0.0,0.0,0.0,2.0,2.0,1.0,1.0,0.0,1.0,1.0,1.0,2.0,2.0,2.0,1.0,2.0,0.0,0.0,2.0,2.0,1.0,2.0,0.0,0.0,0.0,2.0,0.0,2.0,2.0,2.0,0.0,2.0,1.0,0.0,2.0,1.0,1.0,2.0,0.0,1.0,2.0,1.0,1.0,1.0,1.0,0.0,1.0,1.0,0.0,0.0,1.0,0.0,0.0,2.0,1.0,0.0,1.0,2.0,2.0,0.0,2.0,1.0,1.0,1.0,0.0,0.0,2.0,2.0,2.0,2.0,2.0,1.0,0.0
2634,1.0,2.0,2.0,2.0,0.0,0.0,1.0,1.0,2.0,0.0,1.0,0.0,2.0,2.0,2.0,1.0,2.0,2.0,2.0,2.0,2.0,0.0,0.0,1.0,2.0,0.0,1.0,1.0,1.0,2.0,0.0,2.0,2.0,0.0,1.0,1.0,2.0,1.0,0.0,2.0,2.0,1.0,2.0,1.0,0.0,0.0,2.0,1.0,2.0,0.0,0.0,0.0,2.0,0.0,1.0,2.0,2.0,0.0,2.0,2.0,1.0,2.0,0.0,0.0,2.0,1.0,1.0,1.0,0.0,0.0,2.0,2.0,0.0,1.0,0.0,0.0,0.0,0.0,0.0,0.0,2.0,0.0,0.0,0.0,2.0,2.0,2.0,2.0,1.0,2.0,0.0,2.0,0.0,1.0,1.0,1.0,2.0,2.0,1.0,0.0
2637,2.0,0.0,1.0,0.0,1.0,0.0,1.0,2.0,2.0,0.0,2.0,1.0,1.0,2.0,1.0,2.0,1.0,2.0,2.0,0.0,1.0,0.0,2.0,0.0,2.0,2.0,2.0,1.0,1.0,2.0,0.0,1.0,1.0,0.0,0.0,1.0,2.0,2.0,2.0,1.0,2.0,0.0,2.0,0.0,0.0,2.0,2.0,1.0,2.0,1.0,1.0,0.0,2.0,0.0,2.0,1.0,1.0,0.0,2.0,2.0,0.0,2.0,0.0,2.0,2.0,0.0,2.0,2.0,2.0,0.0,2.0,2.0,0.0,0.0,0.0,0.0,0.0,0.0,0.0,0.0,1.0,0.0,1.0,2.0,2.0,1.0,1.0,2.0,1.0,2.0,2.0,2.0,0.0,1.0,0.0,2.0,2.0,2.0,1.0,0.0
2640,0.0,2.0,0.0,2.0,0.0,0.0,2.0,1.0,2.0,1.0,1.0,0.0,1.0,2.0,1.0,1.0,2.0,0.0,0.0,1.0,1.0,0.0,0.0,0.0,2.0,1.0,1.0,0.0,1.0,0.0,0.0,2.0,1.0,0.0,1.0,1.0,2.0,2.0,1.0,2.0,2.0,2.0,2.0,2.0,1.0,1.0,1.0,1.0,1.0,0.0,0.0,0.0,2.0,0.0,2.0,1.0,2.0,0.0,2.0,2.0,1.0,2.0,0.0,1.0,2.0,0.0,2.0,1.0,0.0,0.0,2.0,2.0,0.0,0.0,0.0,0.0,2.0,0.0,0.0,0.0,2.0,1.0,0.0,1.0,2.0,1.0,2.0,2.0,0.0,0.0,1.0,1.0,0.0,2.0,1.0,1.0,1.0,2.0,1.0,0.0
2658,1.0,0.0,1.0,0.0,2.0,1.0,1.0,1.0,2.0,1.0,2.0,0.0,1.0,2.0,2.0,1.0,1.0,0.0,0.0,2.0,1.0,0.0,1.0,2.0,2.0,1.0,1.0,0.0,0.0,2.0,2.0,2.0,1.0,0.0,0.0,1.0,1.0,2.0,1.0,2.0,2.0,1.0,1.0,0.0,1.0,1.0,2.0,1.0,2.0,0.0,0.0,0.0,2.0,0.0,2.0,1.0,2.0,0.0,2.0,2.0,2.0,2.0,2.0,1.0,2.0,0.0,0.0,1.0,1.0,1.0,2.0,1.0,0.0,0.0,1.0,0.0,1.0,0.0,0.0,0.0,2.0,2.0,0.0,1.0,1.0,1.0,1.0,2.0,0.0,1.0,1.0,2.0,0.0,1.0,2.0,2.0,0.0,2.0,2.0,1.0
2671,2.0,2.0,2.0,1.0,1.0,0.0,2.0,1.0,2.0,1.0,1.0,1.0,2.0,2.0,0.0,2.0,2.0,1.0,0.0,1.0,0.0,0.0,2.0,0.0,2.0,1.0,1.0,0.0,1.0,0.0,0.0,2.0,0.0,0.0,1.0,0.0,2.0,2.0,2.0,2.0,2.0,2.0,1.0,0.0,0.0,1.0,2.0,0.0,1.0,1.0,0.0,0.0,2.0,0.0,1.0,1.0,2.0,0.0,2.0,2.0,1.0,1.0,2.0,1.0,0.0,0.0,1.0,2.0,1.0,1.0,1.0,1.0,0.0,0.0,1.0,0.0,2.0,0.0,0.0,0.0,1.0,1.0,0.0,0.0,2.0,1.0,1.0,1.0,1.0,0.0,0.0,1.0,0.0,1.0,2.0,2.0,1.0,1.0,1.0,2.0
2673,2.0,0.0,0.0,2.0,1.0,0.0,2.0,2.0,1.0,1.0,0.0,1.0,1.0,2.0,2.0,2.0,2.0,1.0,0.0,1.0,2.0,0.0,0.0,1.0,2.0,1.0,2.0,0.0,1.0,0.0,0.0,1.0,0.0,0.0,1.0,0.0,1.0,1.0,0.0,0.0,2.0,1.0,2.0,1.0,0.0,0.0,2.0,0.0,1.0,1.0,0.0,0.0,2.0,0.0,2.0,1.0,2.0,0.0,2.0,1.0,1.0,2.0,0.0,2.0,2.0,0.0,0.0,1.0,2.0,0.0,2.0,2.0,1.0,1.0,1.0,0.0,1.0,0.0,0.0,0.0,2.0,0.0,0.0,1.0,2.0,0.0,1.0,2.0,1.0,2.0,1.0,1.0,0.0,1.0,1.0,2.0,2.0,2.0,1.0,1.0
2675,1.0,1.0,1.0,0.0,2.0,0.0,2.0,2.0,2.0,1.0,0.0,0.0,1.0,1.0,2.0,2.0,2.0,2.0,2.0,2.0,2.0,0.0,1.0,1.0,2.0,2.0,2.0,0.0,2.0,0.0,0.0,2.0,2.0,0.0,1.0,0.0,2.0,1.0,0.0,2.0,2.0,0.0,2.0,0.0,0.0,0.0,2.0,1.0,2.0,0.0,0.0,0.0,2.0,0.0,2.0,0.0,1.0,0.0,2.0,2.0,0.0,2.0,0.0,2.0,2.0,0.0,1.0,1.0,2.0,2.0,2.0,1.0,0.0,1.0,1.0,0.0,0.0,0.0,1.0,0.0,1.0,0.0,0.0,1.0,2.0,1.0,2.0,2.0,0.0,2.0,1.0,2.0,1.0,2.0,2.0,2.0,1.0,2.0,0.0,0.0
2679,0.0,0.0,2.0,1.0,0.0,0.0,2.0,1.0,2.0,1.0,2.0,0.0,1.0,2.0,1.0,2.0,1.0,0.0,0.0,2.0,0.0,0.0,0.0,1.0,2.0,1.0,1.0,1.0,1.0,0.0,0.0,2.0,1.0,0.0,0.0,1.0,1.0,2.0,2.0,2.0,2.0,1.0,1.0,2.0,1.0,1.0,2.0,1.0,1.0,0.0,0.0,0.0,2.0,1.0,2.0,1.0,1.0,0.0,2.0,1.0,2.0,2.0,2.0,1.0,1.0,0.0,1.0,1.0,0.0,0.0,2.0,1.0,0.0,0.0,1.0,0.0,2.0,0.0,0.0,0.0,2.0,1.0,1.0,1.0,1.0,1.0,0.0,2.0,0.0,1.0,0.0,1.0,0.0,1.0,2.0,2.0,1.0,2.0,2.0,0.0
2701,2.0,1.0,1.0,1.0,0.0,0.0,1.0,2.0,2.0,1.0,2.0,0.0,2.0,1.0,2.0,2.0,2.0,2.0,2.0,1.0,1.0,0.0,1.0,1.0,2.0,1.0,2.0,0.0,2.0,0.0,0.0,2.0,2.0,0.0,1.0,1.0,1.0,1.0,1.0,2.0,2.0,2.0,2.0,0.0,0.0,0.0,1.0,0.0,0.0,0.0,0.0,0.0,2.0,0.0,2.0,1.0,1.0,0.0,1.0,2.0,1.0,2.0,0.0,2.0,2.0,1.0,0.0,2.0,2.0,2.0,1.0,1.0,0.0,0.0,0.0,0.0,0.0,0.0,0.0,0.0,1.0,1.0,1.0,1.0,2.0,1.0,2.0,2.0,1.0,2.0,1.0,2.0,0.0,2.0,2.0,2.0,0.0,2.0,0.0,0.0
2702,2.0,2.0,1.0,2.0,0.0,1.0,1.0,1.0,2.0,0.0,0.0,2.0,1.0,1.0,1.0,2.0,1.0,1.0,1.0,1.0,2.0,0.0,1.0,1.0,2.0,2.0,2.0,1.0,2.0,0.0,0.0,2.0,0.0,1.0,1.0,0.0,1.0,1.0,2.0,1.0,2.0,0.0,0.0,0.0,1.0,1.0,0.0,0.0,1.0,0.0,0.0,0.0,2.0,1.0,1.0,0.0,2.0,1.0,1.0,2.0,0.0,2.0,2.0,2.0,2.0,1.0,0.0,1.0,1.0,2.0,1.0,1.0,0.0,1.0,0.0,1.0,0.0,0.0,0.0,0.0,1.0,1.0,1.0,1.0,2.0,0.0,1.0,2.0,1.0,2.0,2.0,1.0,1.0,2.0,2.0,2.0,1.0,2.0,1.0,0.0
2704,1.0,1.0,2.0,1.0,2.0,0.0,1.0,2.0,2.0,0.0,1.0,1.0,1.0,1.0,0.0,1.0,2.0,1.0,1.0,2.0,2.0,0.0,1.0,0.0,2.0,2.0,2.0,0.0,2.0,0.0,0.0,2.0,2.0,0.0,1.0,0.0,2.0,2.0,0.0,2.0,2.0,1.0,0.0,2.0,0.0,2.0,2.0,1.0,1.0,1.0,0.0,0.0,2.0,0.0,1.0,1.0,1.0,0.0,1.0,2.0,0.0,2.0,0.0,1.0,2.0,0.0,2.0,1.0,2.0,1.0,2.0,1.0,0.0,0.0,0.0,0.0,0.0,0.0,2.0,0.0,2.0,0.0,1.0,1.0,2.0,1.0,2.0,2.0,0.0,2.0,0.0,2.0,1.0,1.0,2.0,1.0,0.0,2.0,0.0,0.0
2706,1.0,1.0,1.0,0.0,1.0,1.0,2.0,2.0,2.0,0.0,2.0,1.0,0.0,2.0,1.0,1.0,2.0,1.0,1.0,1.0,1.0,0.0,1.0,0.0,2.0,0.0,0.0,0.0,0.0,0.0,2.0,2.0,1.0,0.0,0.0,1.0,1.0,2.0,0.0,2.0,2.0,1.0,1.0,1.0,1.0,0.0,1.0,0.0,1.0,0.0,0.0,0.0,2.0,1.0,1.0,0.0,2.0,0.0,2.0,2.0,1.0,2.0,1.0,2.0,2.0,0.0,2.0,1.0,0.0,1.0,2.0,1.0,0.0,0.0,1.0,0.0,2.0,0.0,0.0,0.0,2.0,0.0,0.0,1.0,2.0,1.0,1.0,2.0,1.0,1.0,1.0,0.0,0.0,2.0,2.0,1.0,1.0,2.0,1.0,2.0
2707,2.0,1.0,1.0,1.0,1.0,0.0,0.0,2.0,1.0,0.0,0.0,0.0,1.0,2.0,1.0,2.0,2.0,0.0,1.0,0.0,1.0,0.0,2.0,0.0,2.0,0.0,2.0,1.0,0.0,1.0,0.0,2.0,1.0,1.0,0.0,1.0,2.0,2.0,2.0,2.0,2.0,0.0,1.0,1.0,0.0,1.0,2.0,1.0,1.0,1.0,0.0,0.0,2.0,0.0,2.0,1.0,1.0,0.0,2.0,2.0,1.0,2.0,0.0,2.0,2.0,0.0,0.0,1.0,1.0,0.0,2.0,2.0,0.0,0.0,1.0,0.0,1.0,0.0,0.0,0.0,1.0,0.0,0.0,1.0,2.0,1.0,2.0,2.0,1.0,2.0,2.0,1.0,0.0,2.0,1.0,2.0,1.0,2.0,1.0,0.0
2708,2.0,0.0,1.0,1.0,1.0,1.0,1.0,2.0,2.0,0.0,1.0,0.0,2.0,1.0,1.0,2.0,2.0,1.0,0.0,2.0,1.0,0.0,1.0,0.0,2.0,1.0,2.0,0.0,1.0,1.0,0.0,2.0,1.0,0.0,0.0,1.0,2.0,1.0,2.0,2.0,2.0,0.0,1.0,1.0,0.0,1.0,2.0,1.0,1.0,1.0,0.0,0.0,2.0,0.0,2.0,1.0,2.0,0.0,2.0,2.0,1.0,2.0,0.0,2.0,2.0,0.0,0.0,0.0,2.0,1.0,2.0,2.0,0.0,1.0,0.0,0.0,1.0,0.0,0.0,0.0,1.0,0.0,0.0,1.0,2.0,1.0,2.0,1.0,1.0,2.0,2.0,1.0,0.0,2.0,0.0,2.0,0.0,2.0,1.0,1.0
2711,1.0,2.0,1.0,1.0,1.0,0.0,2.0,1.0,2.0,1.0,1.0,0.0,0.0,2.0,2.0,2.0,2.0,1.0,2.0,1.0,1.0,0.0,0.0,1.0,2.0,0.0,1.0,1.0,1.0,1.0,0.0,1.0,1.0,0.0,1.0,0.0,1.0,1.0,1.0,2.0,2.0,0.0,2.0,0.0,0.0,1.0,2.0,2.0,2.0,0.0,0.0,0.0,2.0,0.0,2.0,1.0,2.0,0.0,2.0,1.0,1.0,2.0,0.0,2.0,2.0,0.0,1.0,1.0,0.0,1.0,1.0,1.0,1.0,1.0,1.0,0.0,1.0,0.0,0.0,0.0,1.0,1.0,0.0,2.0,2.0,2.0,0.0,2.0,0.0,1.0,1.0,0.0,0.0,2.0,1.0,2.0,2.0,2.0,1.0,0.0
2715,2.0,1.0,2.0,2.0,1.0,0.0,1.0,1.0,2.0,1.0,0.0,0.0,1.0,2.0,2.0,2.0,2.0,1.0,2.0,1.0,1.0,0.0,0.0,0.0,2.0,1.0,1.0,0.0,1.0,1.0,0.0,1.0,1.0,0.0,0.0,2.0,1.0,2.0,1.0,1.0,2.0,0.0,1.0,0.0,0.0,0.0,2.0,1.0,1.0,0.0,0.0,0.0,2.0,0.0,2.0,1.0,1.0,0.0,2.0,2.0,1.0,2.0,0.0,2.0,2.0,1.0,1.0,2.0,2.0,0.0,2.0,1.0,0.0,1.0,0.0,1.0,1.0,0.0,1.0,0.0,2.0,1.0,0.0,1.0,2.0,2.0,2.0,1.0,0.0,2.0,1.0,2.0,0.0,2.0,1.0,2.0,0.0,2.0,1.0,0.0
2716,2.0,1.0,1.0,2.0,1.0,1.0,1.0,2.0,2.0,0.0,0.0,0.0,2.0,2.0,1.0,2.0,2.0,0.0,0.0,1.0,2.0,0.0,2.0,1.0,2.0,2.0,2.0,0.0,1.0,0.0,0.0,2.0,1.0,1.0,0.0,2.0,2.0,1.0,1.0,1.0,2.0,0.0,1.0,1.0,0.0,0.0,1.0,0.0,0.0,0.0,0.0,0.0,2.0,0.0,2.0,1.0,2.0,0.0,2.0,2.0,1.0,2.0,0.0,1.0,2.0,0.0,1.0,2.0,1.0,0.0,2.0,0.0,0.0,2.0,0.0,1.0,1.0,0.0,0.0,0.0,2.0,0.0,0.0,1.0,2.0,1.0,2.0,1.0,0.0,2.0,1.0,2.0,0.0,2.0,1.0,2.0,0.0,2.0,0.0,1.0
2724,0.0,1.0,0.0,2.0,0.0,1.0,2.0,1.0,2.0,0.0,2.0,1.0,0.0,2.0,2.0,0.0,1.0,0.0,0.0,2.0,1.0,0.0,0.0,1.0,2.0,1.0,1.0,0.0,2.0,2.0,0.0,2.0,1.0,0.0,1.0,1.0,0.0,0.0,1.0,2.0,1.0,1.0,2.0,1.0,1.0,1.0,1.0,1.0,2.0,1.0,1.0,0.0,2.0,0.0,1.0,1.0,2.0,0.0,2.0,2.0,0.0,2.0,1.0,1.0,2.0,0.0,2.0,2.0,0.0,1.0,1.0,2.0,0.0,2.0,1.0,0.0,0.0,0.0,0.0,0.0,1.0,0.0,0.0,1.0,2.0,2.0,0.0,2.0,2.0,2.0,0.0,2.0,0.0,2.0,1.0,2.0,2.0,2.0,1.0,1.0
2726,1.0,1.0,1.0,0.0,1.0,1.0,1.0,2.0,2.0,0.0,0.0,0.0,1.0,1.0,1.0,2.0,2.0,1.0,0.0,2.0,2.0,0.0,1.0,1.0,2.0,1.0,1.0,0.0,1.0,0.0,0.0,2.0,1.0,1.0,0.0,1.0,2.0,1.0,1.0,2.0,2.0,1.0,2.0,1.0,0.0,1.0,1.0,1.0,1.0,1.0,0.0,0.0,2.0,0.0,2.0,1.0,2.0,0.0,2.0,2.0,0.0,2.0,0.0,2.0,2.0,0.0,1.0,0.0,2.0,1.0,2.0,1.0,0.0,1.0,1.0,0.0,1.0,0.0,0.0,0.0,1.0,0.0,0.0,1.0,2.0,1.0,2.0,2.0,0.0,2.0,1.0,2.0,0.0,2.0,2.0,1.0,0.0,2.0,1.0,0.0
2729,2.0,1.0,0.0,1.0,0.0,0.0,0.0,2.0,2.0,0.0,2.0,0.0,1.0,2.0,1.0,1.0,2.0,2.0,1.0,1.0,2.0,0.0,2.0,0.0,2.0,1.0,1.0,1.0,1.0,2.0,0.0,2.0,0.0,0.0,0.0,0.0,2.0,1.0,0.0,1.0,2.0,0.0,2.0,2.0,0.0,0.0,2.0,1.0,0.0,1.0,0.0,0.0,2.0,0.0,1.0,2.0,2.0,0.0,2.0,2.0,1.0,1.0,0.0,0.0,2.0,0.0,1.0,1.0,2.0,2.0,2.0,2.0,0.0,1.0,1.0,0.0,1.0,0.0,0.0,0.0,1.0,1.0,0.0,2.0,2.0,0.0,1.0,1.0,0.0,2.0,1.0,1.0,1.0,2.0,2.0,2.0,2.0,2.0,0.0,0.0
2732,1.0,1.0,2.0,0.0,1.0,0.0,1.0,2.0,1.0,0.0,0.0,0.0,1.0,2.0,2.0,2.0,2.0,2.0,2.0,1.0,2.0,0.0,0.0,1.0,2.0,1.0,1.0,1.0,1.0,1.0,0.0,2.0,1.0,0.0,2.0,2.0,2.0,1.0,0.0,2.0,1.0,0.0,1.0,2.0,0.0,2.0,2.0,2.0,1.0,1.0,0.0,0.0,2.0,0.0,2.0,1.0,2.0,0.0,2.0,2.0,1.0,2.0,0.0,1.0,2.0,0.0,1.0,0.0,2.0,0.0,2.0,2.0,0.0,1.0,0.0,0.0,1.0,0.0,0.0,0.0,1.0,1.0,0.0,0.0,2.0,2.0,2.0,1.0,1.0,2.0,0.0,2.0,0.0,2.0,0.0,2.0,1.0,1.0,1.0,1.0
2735,2.0,1.0,2.0,0.0,0.0,0.0,0.0,1.0,1.0,0.0,0.0,0.0,1.0,2.0,2.0,2.0,2.0,2.0,1.0,0.0,1.0,0.0,0.0,1.0,2.0,2.0,2.0,1.0,2.0,1.0,0.0,2.0,1.0,0.0,1.0,1.0,2.0,2.0,1.0,1.0,2.0,1.0,2.0,2.0,0.0,1.0,2.0,1.0,2.0,1.0,0.0,0.0,2.0,0.0,1.0,1.0,2.0,0.0,2.0,2.0,1.0,2.0,0.0,1.0,2.0,0.0,2.0,0.0,2.0,1.0,2.0,2.0,0.0,0.0,0.0,0.0,2.0,0.0,0.0,0.0,1.0,0.0,0.0,0.0,2.0,2.0,2.0,1.0,1.0,2.0,2.0,2.0,0.0,2.0,0.0,1.0,2.0,1.0,2.0,1.0
2742,1.0,1.0,2.0,1.0,0.0,1.0,1.0,1.0,2.0,1.0,2.0,1.0,2.0,2.0,1.0,1.0,2.0,0.0,2.0,1.0,2.0,0.0,1.0,1.0,2.0,0.0,0.0,0.0,0.0,1.0,0.0,2.0,0.0,0.0,0.0,2.0,2.0,2.0,0.0,2.0,2.0,1.0,1.0,0.0,1.0,0.0,1.0,2.0,1.0,1.0,1.0,0.0,2.0,1.0,2.0,0.0,2.0,0.0,2.0,2.0,0.0,2.0,2.0,2.0,2.0,0.0,1.0,0.0,0.0,2.0,2.0,0.0,0.0,0.0,1.0,0.0,1.0,0.0,0.0,0.0,2.0,1.0,1.0,1.0,2.0,2.0,2.0,2.0,1.0,1.0,1.0,0.0,0.0,2.0,1.0,0.0,1.0,2.0,1.0,1.0
2747,2.0,1.0,1.0,0.0,0.0,0.0,1.0,2.0,2.0,0.0,0.0,1.0,1.0,2.0,1.0,2.0,2.0,1.0,2.0,1.0,1.0,0.0,1.0,0.0,2.0,1.0,0.0,1.0,2.0,2.0,0.0,1.0,0.0,0.0,2.0,0.0,2.0,1.0,1.0,2.0,2.0,1.0,2.0,2.0,0.0,1.0,2.0,1.0,1.5,1.0,0.0,0.0,2.0,0.0,2.0,2.0,2.0,0.0,2.0,2.0,0.0,1.0,0.0,2.0,2.0,0.0,0.0,1.0,2.0,0.0,2.0,2.0,0.0,1.0,0.0,0.0,1.0,0.0,0.0,0.0,2.0,0.0,0.0,1.0,2.0,1.0,1.0,2.0,0.0,2.0,1.0,2.0,0.0,2.0,1.0,2.0,1.0,2.0,0.0,1.0
2752,2.0,2.0,1.0,0.0,1.0,0.0,1.0,2.0,2.0,0.0,0.0,0.0,1.0,2.0,2.0,1.0,2.0,1.0,1.0,0.0,2.0,0.0,2.0,0.0,2.0,0.0,2.0,1.0,1.0,2.0,0.0,2.0,0.0,0.0,0.0,2.0,2.0,1.0,2.0,1.0,2.0,0.0,2.0,2.0,0.0,1.0,2.0,1.0,0.0,1.0,0.0,0.0,2.0,0.0,2.0,1.0,2.0,0.0,2.0,2.0,0.0,1.0,0.0,2.0,2.0,0.0,1.0,1.0,2.0,2.0,2.0,2.0,1.0,1.0,0.0,0.0,0.0,0.0,0.0,0.0,1.0,0.0,1.0,1.0,2.0,0.0,1.0,0.0,1.0,2.0,1.0,0.0,0.0,2.0,1.0,2.0,1.0,1.0,1.0,2.0
2754,1.0,0.0,2.0,1.0,1.0,0.0,0.0,2.0,1.0,1.0,0.0,0.0,1.0,2.0,2.0,2.0,2.0,1.0,1.0,1.0,2.0,0.0,1.0,1.0,2.0,1.0,2.0,1.0,2.0,2.0,0.0,2.0,1.0,0.0,1.0,2.0,2.0,1.0,2.0,2.0,2.0,0.0,2.0,1.0,0.0,0.0,2.0,2.0,2.0,1.0,0.0,0.0,2.0,0.0,2.0,1.0,2.0,0.0,2.0,2.0,2.0,2.0,0.0,2.0,2.0,0.0,1.0,0.0,1.0,0.0,2.0,2.0,0.0,1.0,0.0,1.0,0.0,0.0,0.0,0.0,2.0,0.0,0.0,0.0,2.0,0.0,2.0,2.0,0.0,2.0,1.0,2.0,0.0,2.0,0.0,2.0,0.0,2.0,1.0,0.0
2769,1.0,2.0,1.0,1.0,0.0,1.0,2.0,1.0,2.0,1.0,0.0,1.0,0.0,2.0,2.0,2.0,2.0,1.0,0.0,2.0,2.0,0.0,1.0,0.0,2.0,0.0,0.0,0.0,1.0,0.0,1.0,2.0,1.0,0.0,1.0,2.0,2.0,2.0,1.0,2.0,1.0,0.0,2.0,1.0,0.0,1.0,1.0,1.0,2.0,0.0,0.0,0.0,1.0,0.0,2.0,1.0,2.0,0.0,2.0,2.0,2.0,2.0,1.0,2.0,2.0,0.0,1.0,1.0,0.0,1.0,2.0,1.0,0.0,0.0,1.0,0.0,0.0,0.0,1.0,0.0,2.0,0.0,1.0,0.0,2.0,1.0,2.0,2.0,1.0,1.0,0.0,0.0,0.0,2.0,1.0,2.0,1.0,2.0,2.0,1.0
2772,2.0,1.0,2.0,0.0,0.0,0.0,2.0,2.0,2.0,1.0,0.0,0.0,1.0,2.0,2.0,2.0,2.0,0.0,1.0,1.0,1.0,0.0,1.0,1.0,2.0,0.0,2.0,2.0,1.0,0.0,0.0,1.0,2.0,0.0,0.0,0.0,2.0,1.0,2.0,2.0,2.0,1.0,1.0,0.0,0.0,1.0,2.0,1.0,2.0,0.0,0.0,0.0,2.0,0.0,2.0,0.0,2.0,0.0,2.0,2.0,0.0,2.0,0.0,2.0,2.0,0.0,2.0,0.0,2.0,1.0,2.0,1.0,0.0,0.0,0.0,0.0,0.0,0.0,0.0,0.0,2.0,0.0,0.0,2.0,2.0,1.0,2.0,0.0,2.0,2.0,0.0,1.0,0.0,2.0,0.0,2.0,2.0,2.0,1.0,1.0
2776,2.0,0.0,2.0,1.0,0.0,0.0,1.0,2.0,1.0,0.0,1.0,0.0,1.0,1.0,1.0,2.0,2.0,0.0,1.0,1.0,2.0,0.0,0.0,0.0,2.0,1.0,1.0,1.0,1.0,1.0,0.0,2.0,1.0,0.0,0.0,2.0,2.0,2.0,2.0,1.0,1.0,2.0,2.0,1.0,0.0,0.0,2.0,1.0,2.0,2.0,0.0,0.0,2.0,0.0,2.0,1.0,0.0,1.0,2.0,2.0,0.0,2.0,1.0,2.0,2.0,0.0,2.0,1.0,2.0,1.0,1.0,2.0,0.0,0.0,0.0,0.0,1.0,0.0,0.0,0.0,2.0,0.0,0.0,0.0,2.0,2.0,1.0,2.0,0.0,2.0,2.0,0.0,0.0,2.0,2.0,2.0,2.0,2.0,0.0,0.0
2780,2.0,1.0,2.0,1.0,0.0,0.0,2.0,0.0,2.0,2.0,1.0,2.0,2.0,1.0,2.0,2.0,1.0,2.0,0.0,1.0,1.0,0.0,2.0,1.0,2.0,0.0,1.0,0.0,1.0,1.0,0.0,1.0,0.0,0.0,1.0,1.0,1.0,1.0,1.0,2.0,1.0,0.0,1.0,1.0,1.0,1.0,2.0,1.0,2.0,1.0,0.0,0.0,2.0,0.0,2.0,1.0,2.0,0.0,2.0,2.0,2.0,2.0,1.0,2.0,2.0,0.0,1.0,2.0,1.0,1.0,2.0,2.0,0.0,1.0,1.0,0.0,0.0,0.0,0.0,0.0,2.0,1.0,0.0,1.0,1.0,1.0,1.0,2.0,1.0,1.0,0.0,0.0,0.0,1.0,1.0,2.0,2.0,2.0,2.0,1.0
2793,2.0,1.0,2.0,1.0,1.0,0.0,0.0,2.0,0.0,0.0,1.0,0.0,2.0,1.0,1.0,2.0,2.0,2.0,1.0,1.0,2.0,0.0,1.0,0.0,2.0,1.0,2.0,0.0,1.0,1.0,0.0,2.0,1.0,0.0,0.0,1.0,1.0,1.0,2.0,1.0,2.0,1.0,2.0,2.0,0.0,1.0,1.0,1.0,2.0,0.0,0.0,0.0,2.0,0.0,2.0,0.0,2.0,0.0,2.0,2.0,1.0,2.0,0.0,2.0,2.0,1.0,1.0,1.0,1.0,2.0,2.0,2.0,0.0,0.0,0.0,0.0,1.0,0.0,0.0,0.0,1.0,1.0,0.0,2.0,2.0,0.0,2.0,2.0,0.0,2.0,2.0,2.0,1.0,2.0,1.0,2.0,0.0,2.0,1.0,0.0
2794,2.0,0.0,1.0,2.0,0.0,1.0,1.0,2.0,2.0,1.0,1.0,0.0,2.0,2.0,2.0,2.0,2.0,2.0,2.0,1.0,1.0,0.0,1.0,0.0,2.0,1.0,1.0,2.0,1.0,1.0,0.0,1.0,1.0,0.0,1.0,1.0,1.0,1.0,2.0,1.0,2.0,1.0,2.0,1.0,0.0,0.0,0.0,1.0,2.0,1.0,0.0,0.0,2.0,0.0,2.0,0.0,2.0,0.0,2.0,2.0,0.0,2.0,0.0,2.0,2.0,1.0,0.0,0.0,2.0,1.0,0.0,2.0,0.0,0.0,0.0,0.0,1.0,0.0,0.0,0.0,2.0,1.0,0.0,2.0,2.0,2.0,2.0,1.0,2.0,2.0,1.0,2.0,1.0,1.0,1.0,2.0,0.0,2.0,1.0,0.0
2798,2.0,0.0,1.0,0.0,2.0,0.0,2.0,1.0,2.0,1.0,2.0,0.0,2.0,2.0,1.0,2.0,2.0,1.0,0.0,1.0,2.0,0.0,0.0,0.0,2.0,2.0,1.0,2.0,2.0,0.0,0.0,1.0,2.0,0.0,1.0,1.0,2.0,2.0,0.0,2.0,2.0,1.0,2.0,2.0,0.0,0.0,1.0,1.0,2.0,1.0,0.0,0.0,2.0,0.0,1.0,0.0,1.0,0.0,2.0,2.0,0.0,2.0,0.0,1.0,2.0,0.0,1.0,1.0,1.0,0.0,0.0,1.0,0.0,0.0,1.0,0.0,0.0,0.0,2.0,0.0,2.0,1.0,0.0,0.0,2.0,0.0,1.0,0.0,0.0,2.0,0.0,1.0,0.0,2.0,1.0,2.0,1.0,2.0,1.0,1.0
2816,1.0,0.0,1.0,0.0,1.0,0.0,2.0,0.0,1.0,1.0,1.0,1.0,0.0,2.0,1.0,0.0,2.0,0.0,1.0,0.0,2.0,0.0,1.0,0.0,2.0,1.0,1.0,0.0,0.0,0.0,2.0,2.0,1.0,0.0,0.0,1.0,1.0,2.0,1.0,2.0,2.0,0.0,2.0,2.0,2.0,1.0,0.0,1.0,2.0,0.0,0.0,0.0,2.0,0.0,2.0,1.0,2.0,0.0,2.0,1.0,2.0,2.0,2.0,2.0,2.0,0.0,1.0,0.0,0.0,1.0,2.0,2.0,0.0,0.0,1.0,0.0,1.0,0.0,0.0,0.0,2.0,0.0,0.0,2.0,2.0,2.0,1.0,2.0,1.0,1.0,0.0,2.0,0.0,2.0,1.0,2.0,2.0,2.0,1.0,0.0
2817,1.0,2.0,0.0,0.0,1.0,0.0,2.0,2.0,1.0,1.0,2.0,0.0,0.0,2.0,1.0,0.0,1.0,1.0,1.0,1.0,2.0,0.0,0.0,1.0,2.0,1.0,1.0,0.0,1.0,0.0,2.0,2.0,1.0,0.0,1.0,1.0,1.0,2.0,1.0,2.0,2.0,0.0,2.0,2.0,0.0,0.0,0.0,1.0,2.0,0.0,0.0,1.0,2.0,0.0,2.0,0.0,2.0,0.0,2.0,1.0,1.0,2.0,2.0,2.0,2.0,0.0,0.0,0.0,0.0,1.0,2.0,2.0,1.0,0.0,1.0,0.0,1.0,0.0,0.0,0.0,2.0,0.0,0.0,2.0,2.0,1.0,0.0,2.0,0.0,0.0,1.0,1.0,0.0,2.0,1.0,2.0,2.0,2.0,1.0,0.0
2826,1.0,1.08,2.0,0.0,0.0,1.0,2.0,2.0,2.0,1.0,2.0,0.0,1.0,2.0,1.0,2.0,1.0,1.0,1.0,2.0,1.0,0.0,1.0,2.0,2.0,1.0,1.0,1.0,1.0,0.0,0.0,2.0,0.0,0.0,0.0,0.0,2.0,2.0,1.0,1.0,2.0,1.0,1.0,0.0,2.0,0.0,2.0,2.0,2.0,1.0,1.0,0.0,2.0,0.0,2.0,0.0,1.0,0.0,2.0,1.0,1.0,2.0,2.0,2.0,1.0,0.0,0.0,2.0,2.0,0.0,1.0,2.0,0.0,1.0,2.0,0.0,2.0,0.0,0.0,0.0,2.0,0.0,0.0,1.0,1.0,1.0,1.0,2.0,0.0,2.0,1.0,2.0,0.0,2.0,2.0,2.0,2.0,2.0,2.0,0.0
2827,0.0,0.0,2.0,0.0,1.0,0.0,2.0,1.0,2.0,2.0,2.0,0.0,2.0,2.0,2.0,1.0,1.0,1.0,1.0,2.0,0.0,0.0,0.0,1.0,2.0,0.0,1.0,0.0,2.0,0.0,2.0,2.0,0.0,0.0,0.0,1.0,1.0,1.0,2.0,2.0,2.0,1.0,2.0,0.0,0.0,0.0,2.0,2.0,2.0,0.0,0.0,1.0,2.0,0.0,2.0,0.0,1.0,0.0,2.0,1.0,2.0,2.0,2.0,1.0,1.0,0.0,0.0,2.0,2.0,1.0,2.0,1.0,0.0,1.0,2.0,0.0,0.0,0.0,0.0,0.0,2.0,0.0,0.0,1.0,1.0,2.0,0.0,2.0,1.0,1.0,2.0,1.0,0.0,1.0,2.0,2.0,2.0,2.0,2.0,1.0
2829,2.0,1.0,1.0,0.0,0.0,0.0,1.0,2.0,2.0,0.0,0.0,1.0,2.0,2.0,1.0,2.0,2.0,0.0,2.0,1.0,1.29,0.0,1.0,0.0,1.0,1.0,2.0,1.0,1.0,1.0,0.0,0.0,1.0,1.0,0.0,0.0,2.0,1.0,1.0,1.0,2.0,0.0,1.0,1.0,0.0,0.0,2.0,0.0,2.0,0.0,0.0,0.0,2.0,0.0,2.0,0.0,1.0,1.0,2.0,1.0,1.0,1.0,0.0,1.0,2.0,0.0,2.0,1.0,2.0,1.0,2.0,1.0,0.0,0.0,0.0,0.0,0.0,0.0,0.0,0.0,2.0,0.0,1.0,0.0,2.0,0.0,1.0,0.0,1.0,2.0,1.0,1.0,0.0,2.0,1.0,1.0,1.0,2.0,1.0,0.0
2831,2.0,0.0,2.0,0.0,0.0,1.0,2.0,2.0,1.0,1.0,0.0,0.0,0.0,1.0,2.0,2.0,2.0,0.0,2.0,1.0,2.0,0.0,1.0,2.0,2.0,1.0,2.0,2.0,2.0,1.0,0.0,1.0,0.0,0.0,1.0,2.0,2.0,0.0,0.0,0.0,2.0,1.0,2.0,1.0,0.0,0.0,2.0,2.0,0.0,0.0,0.0,0.0,2.0,0.0,1.0,0.0,1.0,0.0,2.0,2.0,1.0,2.0,1.0,0.0,2.0,0.0,1.0,2.0,0.0,2.0,2.0,1.0,0.0,2.0,1.0,1.0,0.0,0.0,2.0,0.0,2.0,1.0,0.0,0.0,2.0,1.0,0.0,2.0,0.0,2.0,1.0,1.0,0.0,2.0,0.0,2.0,0.0,2.0,0.0,1.0
2839,1.0,0.0,2.0,1.0,1.0,0.0,1.0,2.0,1.0,0.0,0.0,0.0,0.0,1.0,2.0,2.0,2.0,0.0,1.0,0.0,2.0,0.0,1.0,0.0,2.0,1.0,2.0,1.0,2.0,1.0,0.0,1.0,1.0,0.0,0.0,1.0,1.0,1.0,1.0,0.0,2.0,0.0,2.0,2.0,0.0,0.0,1.0,1.0,2.0,0.0,0.0,0.0,2.0,0.0,2.0,2.0,2.0,0.0,2.0,1.0,0.0,1.0,0.0,2.0,2.0,0.0,0.0,1.0,0.0,2.0,2.0,2.0,0.0,1.0,0.0,0.0,0.0,0.0,0.0,0.0,2.0,0.0,0.0,2.0,2.0,1.0,2.0,2.0,0.0,2.0,1.0,2.0,0.0,1.0,0.0,2.0,0.0,1.0,1.0,1.0
2848,2.0,0.0,1.0,2.0,0.0,1.0,1.0,1.0,2.0,1.0,1.0,1.0,2.0,1.0,2.0,2.0,2.0,2.0,0.0,2.0,2.0,0.0,1.0,0.0,2.0,2.0,1.0,2.0,1.0,1.0,0.0,1.0,0.0,0.0,0.0,1.0,1.0,1.0,2.0,1.0,2.0,0.0,1.0,2.0,0.0,0.0,1.0,1.0,1.0,0.0,0.0,0.0,2.0,0.0,2.0,0.0,2.0,0.0,2.0,2.0,1.0,2.0,0.0,2.0,2.0,1.0,1.0,1.0,2.0,1.0,1.0,1.0,0.0,0.0,0.0,0.0,2.0,0.0,0.0,0.0,2.0,0.0,0.0,1.0,1.0,1.0,2.0,0.0,0.0,2.0,1.0,1.0,1.0,1.0,0.0,2.0,0.0,2.0,0.0,1.0
2849,1.0,0.0,0.0,1.0,1.0,1.0,0.0,2.0,2.0,1.0,0.0,0.0,0.0,2.0,1.0,2.0,2.0,2.0,1.0,0.0,1.0,0.0,1.0,0.0,2.0,2.0,2.0,0.0,1.0,2.0,0.0,2.0,1.0,1.0,0.0,0.0,2.0,2.0,1.0,1.0,2.0,1.0,2.0,0.0,0.0,0.0,2.0,1.0,2.0,0.0,0.0,0.0,2.0,0.0,2.0,1.0,2.0,0.0,2.0,2.0,0.0,2.0,0.0,0.0,2.0,0.0,1.0,0.0,1.0,0.0,2.0,2.0,0.0,0.0,2.0,0.0,1.0,0.0,1.0,0.0,0.0,0.0,1.0,1.0,2.0,0.0,1.0,1.0,0.0,2.0,2.0,1.0,0.0,1.0,0.0,2.0,0.0,2.0,1.0,1.0
2869,2.0,0.53,1.0,0.0,1.0,1.0,1.0,2.0,1.0,1.0,0.0,1.0,1.0,2.0,1.0,2.0,1.0,0.0,1.0,1.0,2.0,1.0,0.0,0.0,2.0,0.0,2.0,1.0,1.0,1.06,0.0,1.0,1.0,0.0,0.0,1.0,2.0,2.0,1.0,1.0,2.0,2.0,2.0,0.0,0.0,1.0,2.0,0.0,1.0,0.0,1.0,0.0,2.0,0.0,2.0,0.0,2.0,0.0,2.0,1.0,1.0,1.0,1.0,2.0,2.0,0.0,1.0,1.0,2.0,1.0,2.0,2.0,1.0,0.0,0.0,0.0,0.0,0.0,1.0,0.0,1.5,1.0,0.0,2.0,2.0,1.0,0.0,2.0,1.0,2.0,2.0,2.0,0.0,2.0,1.0,2.0,1.0,2.0,0.0,1.0
2875,1.0,0.0,2.0,1.0,1.0,0.0,2.0,2.0,2.0,0.0,1.0,2.0,1.0,2.0,2.0,2.0,2.0,1.0,1.0,1.0,0.8,0.0,2.0,1.0,2.0,1.0,2.0,1.0,0.0,1.0,0.0,2.0,1.0,0.0,1.0,2.0,1.0,2.0,1.0,1.0,2.0,0.0,2.0,2.0,0.0,1.0,2.0,1.0,0.0,0.0,0.0,0.0,2.0,0.0,2.0,1.0,2.0,0.0,2.0,2.0,0.0,2.0,0.0,0.0,2.0,1.0,0.0,2.0,2.0,1.0,2.0,2.0,0.0,0.0,1.0,1.0,1.0,0.0,0.0,0.0,2.0,2.0,0.0,0.0,2.0,0.0,2.0,1.0,1.0,2.0,0.0,1.0,0.0,2.0,2.0,2.0,2.0,2.0,1.0,0.0
2877,0.0,0.0,0.0,2.0,1.0,0.0,1.0,1.0,2.0,0.0,1.0,0.0,0.0,2.0,2.0,1.0,2.0,1.0,2.0,2.0,1.0,0.0,1.0,1.0,2.0,1.0,2.0,1.0,0.0,0.0,0.0,2.0,1.0,0.0,2.0,1.0,1.0,1.0,1.0,1.0,1.0,1.0,2.0,0.0,1.0,0.0,2.0,2.0,2.0,0.0,0.0,0.0,2.0,0.0,1.0,1.0,2.0,0.0,2.0,2.0,1.0,2.0,1.0,2.0,1.0,0.0,1.0,1.0,1.0,1.0,1.0,2.0,0.0,1.0,0.0,1.0,2.0,0.0,0.0,0.0,2.0,0.0,0.0,2.0,2.0,1.0,0.0,2.0,0.0,0.0,2.0,1.0,1.0,2.0,1.0,2.0,2.0,2.0,0.0,1.0
2889,1.0,0.0,1.0,1.0,0.0,0.0,2.0,1.0,2.0,0.0,0.0,1.0,0.0,2.0,2.0,2.0,2.0,1.0,0.0,1.0,1.0,0.0,0.0,0.0,2.0,0.0,2.0,1.0,2.0,1.0,0.0,1.0,2.0,0.0,0.0,0.0,1.0,1.0,1.0,2.0,2.0,2.0,2.0,1.0,0.0,0.0,2.0,1.0,2.0,1.0,1.0,0.0,2.0,0.0,2.0,1.0,2.0,0.0,2.0,2.0,1.0,1.0,0.0,2.0,2.0,0.0,1.0,1.0,1.0,1.0,2.0,2.0,0.0,1.0,2.0,0.0,1.0,0.0,2.0,0.0,1.0,1.0,0.0,1.0,2.0,1.0,2.0,1.0,0.0,2.0,1.0,2.0,0.0,1.0,1.0,2.0,0.0,2.0,1.0,1.0
2890,1.0,1.0,1.0,1.0,1.0,0.0,0.0,2.0,2.0,0.0,0.0,0.0,1.0,2.0,1.0,2.0,2.0,1.0,1.0,1.0,2.0,0.0,1.0,0.0,2.0,0.0,2.0,0.0,2.0,1.0,0.0,2.0,2.0,0.0,0.0,0.0,1.0,1.0,0.0,2.0,2.0,1.0,2.0,1.0,0.0,0.0,2.0,1.0,2.0,1.0,1.0,0.0,2.0,0.0,2.0,1.0,1.0,0.0,2.0,1.0,1.0,1.0,0.0,1.0,2.0,0.0,1.0,1.0,2.0,0.0,2.0,2.0,0.0,1.0,1.0,0.0,1.0,0.0,2.0,0.0,1.0,1.0,1.0,1.0,2.0,1.0,1.0,2.0,0.0,2.0,2.0,2.0,0.0,1.0,1.0,2.0,0.0,1.0,0.0,2.0
2893,2.0,0.0,2.0,2.0,2.0,0.0,0.0,2.0,2.0,0.0,2.0,1.0,1.0,1.0,1.0,1.0,2.0,2.0,0.0,1.0,2.0,0.0,1.0,0.0,2.0,1.0,2.0,1.0,1.0,2.0,0.0,1.0,0.0,0.0,2.0,2.0,2.0,2.0,1.0,2.0,2.0,0.0,1.0,1.0,0.0,0.0,2.0,2.0,2.0,0.0,0.0,0.0,2.0,0.0,2.0,0.0,1.0,1.0,2.0,1.0,2.0,2.0,0.0,2.0,2.0,0.0,0.0,1.0,0.0,2.0,2.0,2.0,1.0,0.0,0.0,2.0,1.0,0.0,0.0,0.0,2.0,2.0,1.0,1.0,1.0,1.0,1.0,2.0,1.0,2.0,1.0,2.0,0.0,2.0,1.0,2.0,0.0,2.0,0.0,0.0
2894,0.0,2.0,0.0,2.0,2.0,0.0,1.0,0.0,2.0,1.0,1.0,0.0,0.0,2.0,2.0,2.0,1.0,0.0,1.0,2.0,1.0,0.0,0.0,0.0,2.0,0.0,2.0,0.0,1.0,0.0,0.0,0.0,0.0,0.0,1.0,0.0,1.0,1.0,1.0,2.0,1.0,2.0,2.0,1.0,1.0,2.0,0.0,1.0,2.0,1.0,1.0,0.0,2.0,0.0,1.0,2.0,2.0,0.0,2.0,2.0,1.0,1.0,2.0,1.0,1.0,0.0,1.0,1.0,0.0,0.0,1.0,2.0,1.0,0.0,1.0,0.0,1.0,0.0,0.0,0.0,1.0,1.0,0.0,2.0,2.0,1.0,0.0,2.0,0.0,1.0,0.0,1.0,0.0,2.0,0.0,2.0,2.0,2.0,1.0,1.0
2895,1.0,0.0,1.0,1.0,1.0,0.0,2.0,0.0,2.0,0.0,0.0,2.0,2.0,2.0,0.0,1.0,2.0,0.0,0.0,1.0,1.0,0.0,1.0,1.0,2.0,1.0,1.0,1.0,0.0,0.0,1.0,2.0,1.0,0.0,0.0,1.0,2.0,1.0,2.0,2.0,2.0,1.0,2.0,1.0,1.0,1.0,1.0,1.0,2.0,0.0,0.0,1.0,2.0,0.0,0.0,1.0,2.0,0.0,2.0,2.0,2.0,2.0,2.0,1.0,1.0,0.0,1.0,1.0,0.0,1.0,1.0,2.0,0.0,0.0,0.0,0.0,2.0,0.0,0.0,0.0,1.0,0.0,0.0,2.0,2.0,1.0,0.0,2.0,0.0,2.0,0.0,1.0,0.0,1.0,2.0,1.0,2.0,2.0,0.0,0.0
2896,2.0,0.0,0.0,1.0,0.0,1.0,1.0,2.0,1.0,0.0,1.0,0.0,0.0,2.0,1.0,2.0,2.0,2.0,1.0,1.0,2.0,0.0,0.0,0.0,2.0,2.0,2.0,1.0,2.0,1.0,0.0,1.0,1.0,0.0,0.0,2.0,2.0,2.0,1.0,1.0,2.0,1.0,2.0,1.0,0.0,0.0,2.0,2.0,1.0,1.0,0.0,0.0,2.0,0.0,2.0,1.0,2.0,0.0,2.0,2.0,1.0,2.0,0.0,0.0,2.0,0.0,1.0,1.0,0.0,1.0,2.0,2.0,0.0,0.0,1.0,1.0,1.0,0.0,1.0,0.0,2.0,1.0,0.0,2.0,2.0,0.0,1.0,0.0,0.0,2.0,0.0,2.0,0.0,1.0,2.0,2.0,0.0,1.0,0.0,1.0
2897,2.0,0.0,0.0,1.0,0.0,1.0,1.0,2.0,2.0,0.0,1.0,0.0,0.0,2.0,1.0,1.0,2.0,2.0,0.0,2.0,2.0,0.0,0.0,0.0,2.0,1.0,2.0,1.0,2.0,1.0,0.0,1.0,2.0,1.0,1.0,2.0,2.0,2.0,1.0,2.0,2.0,1.0,2.0,0.0,0.0,0.0,2.0,2.0,1.0,1.0,0.0,0.0,2.0,0.0,2.0,1.0,2.0,0.0,2.0,2.0,2.0,2.0,0.0,1.0,2.0,0.0,1.0,1.0,1.0,1.0,2.0,2.0,0.0,0.0,1.0,1.0,1.0,0.0,1.0,0.0,1.0,1.0,0.0,1.0,2.0,1.0,1.0,1.0,0.0,2.0,0.0,2.0,1.0,1.0,2.0,1.0,0.0,1.0,0.0,1.0
2898,2.0,0.0,0.0,1.0,2.0,2.0,2.0,2.0,1.0,0.0,1.0,0.0,0.0,2.0,2.0,1.0,2.0,1.0,1.0,1.0,2.0,0.0,1.0,0.0,2.0,1.0,2.0,1.0,2.0,1.0,0.0,2.0,2.0,0.0,1.0,1.0,1.0,2.0,2.0,2.0,2.0,1.0,2.0,1.0,0.0,0.0,2.0,1.0,2.0,1.0,0.0,0.0,2.0,0.0,2.0,1.0,2.0,0.0,2.0,2.0,1.0,2.0,0.0,1.0,2.0,0.0,1.0,2.0,1.0,1.0,2.0,2.0,0.0,0.0,1.0,1.0,1.0,0.0,0.0,0.0,0.0,1.0,0.0,1.0,2.0,0.0,2.0,0.0,0.0,2.0,0.0,2.0,1.0,2.0,2.0,1.0,0.0,1.0,1.0,1.0
2901,0.0,2.0,1.0,1.0,0.0,0.0,2.0,0.0,2.0,1.0,1.0,0.0,1.0,2.0,1.0,2.0,2.0,0.0,1.0,1.0,2.0,0.0,0.0,0.0,2.0,1.0,1.0,0.0,0.0,0.0,1.0,2.0,2.0,0.0,1.0,1.0,2.0,2.0,1.0,1.0,2.0,0.0,2.0,1.0,1.0,1.0,1.0,0.0,1.0,0.0,1.0,1.0,2.0,0.0,2.0,1.0,2.0,0.0,2.0,2.0,1.0,1.0,1.0,1.0,2.0,0.0,0.0,0.0,1.0,1.0,2.0,2.0,0.0,0.0,0.0,0.0,1.0,0.0,0.0,0.0,2.0,0.0,0.0,1.0,2.0,2.0,1.0,2.0,0.0,2.0,1.0,1.0,0.0,2.0,1.0,2.0,2.0,2.0,0.0,0.0
2906,2.0,0.0,1.0,2.0,1.0,0.0,2.0,2.0,2.0,0.0,0.0,0.0,1.0,1.0,2.0,2.0,1.0,1.0,1.0,0.0,2.0,0.0,1.0,1.0,2.0,0.0,2.0,2.0,1.0,1.0,0.0,1.0,1.0,0.0,0.0,2.0,0.0,1.0,2.0,2.0,1.0,0.0,1.0,1.0,0.0,0.0,2.0,1.0,1.0,1.0,0.0,0.0,2.0,0.0,1.0,1.0,0.0,0.0,2.0,2.0,1.0,1.0,1.0,1.0,2.0,0.0,0.0,0.0,1.0,1.0,2.0,2.0,0.0,1.0,0.0,0.0,0.0,0.0,0.0,0.0,1.0,1.0,0.0,1.0,2.0,1.0,2.0,2.0,0.0,2.0,0.0,0.0,0.0,2.0,1.0,2.0,1.0,2.0,1.0,0.0
2907,2.0,0.0,2.0,2.0,1.0,0.0,2.0,2.0,2.0,0.0,0.0,0.0,1.0,0.0,2.0,2.0,2.0,1.0,1.0,1.0,2.0,0.0,1.0,0.0,2.0,0.0,1.0,2.0,2.0,1.0,0.0,2.0,1.0,0.0,0.0,2.0,0.0,1.0,2.0,1.0,1.0,0.0,1.0,1.0,0.0,0.0,2.0,1.0,1.0,1.0,0.0,0.0,2.0,0.0,2.0,1.0,1.0,0.0,2.0,2.0,1.0,2.0,0.0,1.0,2.0,0.0,0.0,0.0,1.0,0.0,2.0,2.0,0.0,1.0,1.0,1.0,0.0,0.0,0.0,0.0,0.0,0.0,0.0,1.0,2.0,1.0,2.0,2.0,0.0,2.0,1.0,1.0,0.0,2.0,1.0,2.0,1.0,2.0,1.0,1.0
2908,2.0,0.0,2.0,1.0,0.0,0.0,1.0,2.0,2.0,0.0,1.0,0.0,0.0,1.0,1.0,2.0,2.0,1.0,1.0,0.0,1.0,0.0,1.0,1.0,2.0,0.0,2.0,2.0,1.0,2.0,0.0,1.0,1.0,0.0,1.0,1.0,2.0,1.0,1.0,1.0,1.0,1.0,2.0,0.0,0.0,0.0,2.0,2.0,1.0,2.0,0.0,0.0,2.0,0.0,1.0,1.0,2.0,0.0,2.0,2.0,2.0,1.0,1.0,0.0,2.0,0.0,0.0,1.0,1.0,1.0,2.0,2.0,0.0,1.0,0.0,1.0,1.0,0.0,0.0,0.0,1.0,2.0,0.0,1.0,2.0,0.0,1.0,1.0,1.0,2.0,1.0,0.0,0.0,2.0,1.0,2.0,2.0,2.0,0.0,1.0
2914,1.0,0.0,1.0,1.0,2.0,0.0,1.0,2.0,2.0,0.0,1.0,0.0,1.0,2.0,1.0,2.0,2.0,2.0,2.0,0.0,2.0,0.0,2.0,0.0,2.0,2.0,2.0,1.0,2.0,2.0,0.0,1.0,0.0,0.0,0.0,0.0,2.0,1.0,1.0,0.0,2.0,2.0,2.0,0.0,0.0,0.0,2.0,1.0,2.0,0.0,0.0,0.0,2.0,0.0,2.0,0.0,2.0,0.0,2.0,2.0,1.0,2.0,0.0,0.0,2.0,0.0,1.0,1.0,2.0,1.0,2.0,1.0,0.0,0.0,0.0,0.0,0.0,0.0,1.0,0.0,2.0,1.0,0.0,1.0,2.0,1.0,1.0,2.0,1.0,2.0,1.0,1.0,0.0,2.0,1.0,2.0,0.0,2.0,0.0,1.0
2917,2.0,1.0,2.0,0.0,0.0,0.0,2.0,2.0,2.0,1.0,0.0,0.0,0.0,1.0,2.0,2.0,2.0,1.0,0.0,1.0,1.0,0.0,0.0,0.0,2.0,1.0,2.0,2.0,1.0,2.0,0.0,2.0,0.0,1.0,1.0,2.0,2.0,1.0,1.0,1.0,1.0,2.0,2.0,1.0,0.0,0.0,2.0,2.0,1.0,1.0,0.0,0.0,2.0,0.0,1.0,1.0,1.0,0.0,2.0,1.0,2.0,2.0,0.0,0.0,2.0,0.0,1.0,2.0,0.0,1.0,2.0,2.0,0.0,1.0,2.0,2.0,0.0,0.0,1.0,0.0,1.0,0.0,1.0,0.0,1.0,0.0,0.0,1.0,0.0,2.0,2.0,1.0,0.0,2.0,1.0,2.0,0.0,2.0,1.0,1.0
2921,1.0,1.0,0.0,2.0,0.0,1.0,1.0,1.0,1.0,0.0,0.0,0.0,1.0,2.0,2.0,2.0,2.0,2.0,1.0,1.0,1.0,0.0,2.0,1.0,2.0,1.0,2.0,2.0,2.0,1.0,0.0,2.0,1.0,0.0,0.0,0.0,1.0,2.0,0.0,1.0,2.0,2.0,1.0,1.0,0.0,0.0,2.0,1.0,2.0,0.0,0.0,0.0,2.0,0.0,2.0,1.0,2.0,0.0,2.0,2.0,0.0,1.0,0.0,1.0,2.0,0.0,1.0,1.0,0.0,1.0,2.0,2.0,0.0,0.0,0.0,1.0,1.0,0.0,1.0,0.0,0.0,0.0,0.0,2.0,2.0,1.0,2.0,2.0,0.0,2.0,1.0,2.0,0.0,2.0,1.0,1.0,1.0,2.0,0.0,1.0
2925,0.0,1.0,2.0,2.0,0.0,1.0,1.0,0.0,2.0,2.0,0.0,1.0,0.0,2.0,2.0,2.0,2.0,1.2,1.0,2.0,0.0,0.0,0.0,0.0,2.0,0.0,1.0,1.0,1.0,1.0,0.0,1.0,0.0,0.0,0.0,0.0,2.0,1.0,1.0,2.0,1.0,2.0,2.0,1.0,0.0,1.0,1.0,2.0,1.0,2.0,0.0,0.0,1.0,1.0,2.0,1.0,2.0,0.0,2.0,2.0,0.0,2.0,1.0,2.0,2.0,0.0,2.0,0.0,1.0,1.0,2.0,2.0,0.0,1.0,2.0,0.0,1.0,0.0,1.0,0.0,1.0,0.0,1.0,0.0,2.0,2.0,2.0,2.0,2.0,1.0,1.0,0.0,0.0,2.0,1.0,2.0,1.0,2.0,0.0,0.0
2928,2.0,0.0,2.0,1.0,1.0,1.0,0.0,2.0,2.0,0.0,1.0,0.0,1.0,2.0,1.0,2.0,2.0,2.0,2.0,1.0,1.0,0.0,0.0,2.0,2.0,2.0,2.0,2.0,1.0,0.0,0.0,2.0,1.0,0.0,0.0,1.0,1.0,2.0,2.0,1.0,2.0,0.0,2.0,2.0,0.0,1.0,2.0,2.0,1.0,0.0,0.0,0.0,2.0,0.0,2.0,1.0,2.0,0.0,2.0,2.0,1.0,2.0,0.0,2.0,2.0,0.0,1.0,1.0,0.0,1.0,2.0,2.0,0.0,0.0,0.0,0.0,1.0,0.0,0.0,0.0,2.0,1.0,1.0,1.0,2.0,0.0,2.0,2.0,0.0,2.0,1.0,2.0,1.0,2.0,1.0,2.0,0.0,2.0,1.0,0.0
2930,2.0,0.0,2.0,1.0,1.0,1.0,1.0,2.0,1.0,0.0,0.0,0.0,1.0,1.0,2.0,2.0,2.0,2.0,2.0,1.0,2.0,0.0,0.0,2.0,2.0,1.0,2.0,2.0,1.0,0.0,0.0,2.0,1.0,0.0,0.0,2.0,1.0,2.0,2.0,1.0,2.0,0.0,1.0,1.0,0.0,0.0,2.0,2.0,2.0,0.0,0.0,0.0,2.0,0.0,2.0,0.0,2.0,0.0,2.0,2.0,1.0,2.0,0.0,1.0,2.0,0.0,1.0,1.0,0.0,1.0,2.0,2.0,0.0,0.0,0.0,0.0,1.0,0.0,0.0,0.0,2.0,1.0,0.0,0.0,2.0,0.0,2.0,2.0,1.0,2.0,1.0,2.0,1.0,2.0,0.0,1.0,0.0,2.0,1.0,0.0
2932,2.0,0.0,2.0,0.0,1.0,1.0,1.0,2.0,2.0,0.0,1.0,0.0,2.0,2.0,2.0,2.0,2.0,2.0,2.0,1.0,2.0,1.0,1.0,0.0,2.0,2.0,2.0,2.0,1.0,1.0,0.0,2.0,0.0,1.0,0.0,2.0,2.0,1.0,1.0,0.0,2.0,0.0,1.0,1.0,0.0,2.0,2.0,0.0,1.0,1.0,0.0,0.0,2.0,0.0,2.0,0.0,1.0,0.0,2.0,2.0,0.0,2.0,0.0,1.0,2.0,0.0,2.0,0.0,1.0,0.0,1.0,2.0,0.0,1.0,1.0,1.0,1.0,0.0,1.0,0.0,2.0,0.0,1.0,0.0,2.0,0.0,2.0,1.0,0.0,2.0,1.0,2.0,1.0,2.0,2.0,2.0,0.0,2.0,1.0,0.0
2933,1.0,1.0,2.0,1.0,1.0,0.0,1.0,1.0,2.0,0.0,0.0,0.0,2.0,2.0,1.0,2.0,2.0,2.0,1.0,2.0,2.0,0.0,1.0,0.0,2.0,1.0,2.0,1.0,1.0,1.0,0.0,1.0,0.0,0.0,0.0,0.0,2.0,1.0,0.0,0.0,2.0,2.0,2.0,0.0,0.0,0.0,2.0,1.0,2.0,0.0,0.0,0.0,2.0,0.0,2.0,0.0,2.0,0.0,2.0,2.0,1.0,1.0,0.0,2.0,2.0,0.0,2.0,2.0,2.0,1.0,1.0,1.0,0.0,1.0,0.0,0.0,2.0,0.0,1.0,0.0,2.0,0.0,0.0,2.0,2.0,1.0,2.0,1.0,0.0,2.0,0.0,2.0,0.0,2.0,1.0,2.0,1.0,2.0,2.0,0.0
2937,0.0,1.0,2.0,1.0,1.0,1.0,2.0,1.0,2.0,1.0,1.0,1.0,2.0,1.0,1.0,1.0,1.0,1.0,2.0,2.0,0.0,0.0,1.0,0.0,2.0,1.0,1.0,1.0,1.0,1.0,1.0,2.0,2.0,0.0,1.0,0.0,0.0,2.0,0.0,2.0,2.0,2.0,1.0,0.0,1.0,1.0,2.0,1.0,2.0,0.0,1.0,0.0,2.0,0.0,1.0,1.0,2.0,0.0,2.0,2.0,0.0,2.0,1.0,1.0,1.0,0.0,1.0,1.0,0.0,2.0,1.0,1.0,0.0,0.0,2.0,0.0,1.0,0.0,0.0,0.0,2.0,1.0,0.0,0.0,2.0,2.0,0.0,2.0,2.0,1.0,0.0,1.0,0.0,2.0,2.0,2.0,1.0,2.0,0.0,1.0
2946,1.0,2.0,1.0,2.0,0.0,0.0,1.0,1.0,2.0,1.0,1.0,0.0,1.0,2.0,1.0,2.0,2.0,1.0,0.0,1.0,0.0,0.0,0.0,0.0,2.0,2.0,1.0,0.0,1.0,0.0,0.0,2.0,1.0,0.0,1.0,1.0,2.0,2.0,2.0,2.0,2.0,2.0,1.0,1.0,1.0,1.0,2.0,1.0,0.0,1.0,1.0,0.0,2.0,0.0,1.0,1.0,2.0,0.0,2.0,2.0,2.0,2.0,2.0,1.0,0.0,0.0,1.0,1.0,0.0,1.0,1.0,1.0,0.0,0.0,2.0,1.0,2.0,0.0,0.0,0.0,2.0,0.0,0.0,1.0,2.0,2.0,2.0,1.0,2.0,0.0,2.0,1.0,1.0,1.0,2.0,2.0,1.0,2.0,1.0,1.0
2947,1.0,2.0,2.0,2.0,0.0,1.0,1.0,1.0,2.0,0.0,1.0,2.0,1.0,2.0,1.0,2.0,2.0,2.0,2.0,1.0,1.0,0.0,1.0,1.0,2.0,2.0,1.0,0.0,0.0,0.0,0.0,2.0,2.0,0.0,1.0,1.0,2.0,2.0,1.0,2.0,2.0,2.0,2.0,0.0,0.0,0.0,1.0,1.0,0.0,1.0,0.0,0.0,2.0,0.0,1.0,1.0,2.0,0.0,2.0,1.0,0.0,2.0,0.0,2.0,2.0,0.0,1.0,1.0,1.0,1.0,2.0,1.0,0.0,0.0,0.0,0.0,1.0,0.0,0.0,0.0,2.0,0.0,0.0,0.0,2.0,0.0,1.0,1.0,0.0,2.0,1.0,1.0,0.0,2.0,2.0,2.0,0.0,2.0,1.0,1.0
2951,1.0,1.0,2.0,0.0,1.0,0.0,0.0,2.0,2.0,0.0,1.0,0.0,1.0,1.0,1.0,1.0,2.0,1.0,1.0,0.0,2.0,0.0,1.0,0.0,2.0,0.0,2.0,2.0,1.0,1.0,0.0,2.0,1.0,0.0,1.0,2.0,2.0,2.0,1.0,2.0,2.0,1.0,2.0,1.0,0.0,0.0,2.0,2.0,2.0,0.0,0.0,0.0,2.0,0.0,2.0,1.0,2.0,0.0,2.0,2.0,0.0,2.0,0.0,1.0,2.0,0.0,1.0,2.0,1.0,0.0,2.0,2.0,1.0,0.0,1.0,0.0,1.0,0.0,1.0,0.0,2.0,0.0,1.0,1.0,2.0,1.0,1.0,1.0,1.0,2.0,2.0,1.0,0.0,2.0,0.0,1.0,0.0,2.0,0.0,1.0
2952,2.0,1.0,1.0,1.0,1.0,0.0,2.0,2.0,1.0,0.0,0.0,1.0,1.0,1.0,1.0,2.0,2.0,1.0,1.0,2.0,2.0,0.0,1.0,0.0,2.0,2.0,2.0,1.0,1.0,0.0,0.0,0.0,2.0,2.0,0.0,1.0,1.0,1.0,0.0,2.0,2.0,0.0,2.0,0.0,0.0,0.0,2.0,1.0,2.0,0.0,0.0,0.0,2.0,0.0,2.0,1.0,2.0,0.0,2.0,2.0,0.0,2.0,0.0,2.0,2.0,1.0,1.0,1.0,2.0,0.0,2.0,2.0,1.0,0.0,1.0,2.0,1.0,0.0,1.0,0.0,2.0,2.0,1.0,0.0,2.0,0.0,2.0,1.0,2.0,2.0,1.0,2.0,0.0,2.0,2.0,1.0,1.0,2.0,1.0,1.0
2955,2.0,0.0,1.0,1.0,1.0,2.0,1.0,2.0,2.0,0.0,1.0,1.0,0.0,1.0,2.0,2.0,2.0,1.0,2.0,1.0,1.0,0.0,1.0,1.0,2.0,1.0,2.0,2.0,1.0,0.0,0.0,2.0,1.0,0.0,1.0,1.0,2.0,2.0,2.0,2.0,2.0,0.0,1.0,1.0,0.0,1.0,2.0,2.0,1.0,0.0,0.0,0.0,2.0,0.0,2.0,0.0,1.0,1.0,2.0,2.0,0.0,2.0,0.0,2.0,2.0,0.0,1.0,1.0,1.0,1.0,2.0,1.0,1.0,0.0,1.0,0.0,1.0,0.0,0.0,0.0,2.0,0.0,0.0,1.0,2.0,1.0,1.0,1.0,2.0,2.0,1.0,1.0,0.0,1.0,1.0,1.0,0.0,2.0,1.0,1.0
2956,0.0,1.0,1.0,2.0,1.0,0.0,1.0,2.0,2.0,0.0,0.0,1.0,2.0,2.0,0.0,2.0,2.0,1.0,1.0,1.0,0.0,0.0,0.0,0.0,2.0,1.0,1.0,0.0,1.0,0.0,0.0,2.0,1.0,0.0,1.0,2.0,2.0,2.0,2.0,1.0,2.0,2.0,1.0,0.0,0.0,2.0,2.0,2.0,0.0,0.0,1.0,0.0,1.0,0.0,0.0,2.0,2.0,0.0,2.0,2.0,1.0,2.0,1.0,1.0,2.0,0.0,1.0,1.0,1.0,1.0,1.0,2.0,0.0,0.0,1.0,0.0,2.0,0.0,0.0,0.0,1.0,0.0,1.0,0.0,2.0,2.0,1.0,2.0,0.0,1.0,0.0,1.0,0.0,2.0,2.0,2.0,1.0,2.0,1.0,2.0
2960,1.0,0.0,2.0,1.0,1.0,0.0,1.0,2.0,2.0,0.0,2.0,0.0,2.0,1.0,1.0,2.0,2.0,2.0,0.0,1.0,1.0,0.0,1.0,1.0,2.0,0.0,2.0,1.0,1.0,2.0,0.0,1.0,1.0,0.0,0.0,1.0,1.0,1.0,0.0,1.0,2.0,0.0,2.0,1.0,0.0,0.0,2.0,2.0,2.0,0.0,0.0,0.0,2.0,0.0,2.0,1.0,1.0,0.0,2.0,2.0,0.0,1.0,0.0,2.0,2.0,1.0,0.0,1.0,1.0,0.0,2.0,2.0,0.0,0.0,1.0,0.0,1.0,0.0,1.0,0.0,2.0,1.0,0.0,1.0,2.0,0.0,1.0,0.0,1.0,2.0,2.0,2.0,0.0,2.0,1.0,1.0,1.0,2.0,1.0,1.0
2965,1.0,1.0,1.0,2.0,1.0,1.0,1.0,2.0,2.0,0.0,1.0,1.0,1.0,2.0,1.0,2.0,2.0,2.0,2.0,2.0,2.0,0.0,2.0,1.0,2.0,1.0,2.0,1.0,1.0,1.0,0.0,1.0,1.0,0.0,1.0,1.0,0.0,2.0,1.0,1.0,2.0,0.0,2.0,0.0,0.0,0.0,2.0,1.0,1.0,0.0,0.0,0.0,2.0,0.0,2.0,1.0,2.0,0.0,2.0,2.0,0.0,2.0,0.0,2.0,2.0,1.0,0.0,2.0,1.0,1.0,2.0,2.0,0.0,0.0,1.0,0.0,1.0,0.0,0.0,0.0,2.0,0.0,0.0,0.0,2.0,0.0,2.0,1.0,1.0,2.0,0.0,2.0,0.0,2.0,2.0,1.0,1.0,2.0,2.0,0.0
2968,2.0,0.0,2.0,2.0,1.0,0.0,2.0,2.0,1.0,1.0,0.0,0.0,2.0,0.0,2.0,2.0,2.0,1.0,1.0,2.0,2.0,0.0,1.0,0.0,2.0,1.0,0.0,0.0,1.0,1.0,0.0,1.0,1.0,1.0,0.0,1.0,1.0,2.0,1.0,1.0,2.0,0.0,2.0,1.0,0.0,2.0,2.0,1.0,2.0,1.0,0.0,0.0,2.0,0.0,2.0,0.0,2.0,0.0,2.0,2.0,0.0,2.0,0.0,2.0,2.0,0.0,1.0,2.0,1.0,1.0,2.0,2.0,0.0,0.0,0.0,0.0,0.0,0.0,1.0,0.0,0.0,0.0,0.0,1.0,2.0,0.0,2.0,2.0,1.0,2.0,1.0,2.0,1.0,2.0,0.0,1.0,1.0,2.0,1.0,1.0
2970,1.0,0.0,2.0,1.0,1.0,0.0,1.0,2.0,1.0,1.0,1.0,0.0,2.0,2.0,1.0,2.0,2.0,1.0,1.0,1.0,1.0,0.0,1.0,0.0,2.0,0.0,2.0,1.0,0.0,1.0,0.0,1.0,2.0,0.0,0.0,1.0,1.0,1.0,2.0,2.0,2.0,0.0,2.0,1.0,0.0,0.0,1.0,1.0,1.0,0.0,0.0,0.0,2.0,0.0,2.0,2.0,0.0,0.0,2.0,2.0,1.0,2.0,0.0,1.0,2.0,0.0,0.0,1.0,2.0,0.0,2.0,2.0,0.0,1.0,0.0,1.0,0.0,0.0,0.0,0.0,1.0,1.0,0.0,1.0,2.0,1.0,1.0,2.0,1.0,2.0,1.0,1.0,0.0,2.0,2.0,2.0,1.0,2.0,0.0,0.0
2971,1.0,0.0,1.0,1.0,0.0,0.0,1.0,1.0,2.0,0.0,1.0,0.0,1.0,1.0,2.0,2.0,2.0,0.0,2.0,1.0,1.0,0.0,2.0,0.0,2.0,0.0,1.0,2.0,1.0,1.0,0.0,1.0,1.0,1.0,1.0,2.0,1.0,2.0,2.0,1.0,2.0,0.0,0.0,1.0,0.0,2.0,2.0,2.0,0.0,1.0,0.0,0.0,2.0,0.0,2.0,1.0,1.0,0.0,2.0,1.0,1.0,2.0,0.0,2.0,2.0,0.0,1.0,1.0,1.0,0.0,2.0,2.0,0.0,0.0,1.0,1.0,1.0,0.0,0.0,0.0,2.0,1.0,0.0,2.0,2.0,0.0,1.0,1.0,1.0,2.0,1.0,2.0,0.0,1.0,1.0,1.0,0.0,2.0,0.0,0.0
2977,0.0,0.0,0.0,2.0,0.0,0.0,2.0,1.0,2.0,1.0,0.0,1.0,0.0,2.0,1.0,2.0,1.0,1.0,0.0,1.0,1.0,0.0,0.0,1.0,2.0,1.0,0.0,0.0,1.0,0.0,0.0,2.0,2.0,0.0,2.0,0.0,1.0,1.0,1.0,2.0,2.0,1.0,2.0,1.0,2.0,1.0,2.0,1.0,2.0,0.0,1.0,0.0,2.0,0.0,1.0,1.0,2.0,0.0,2.0,2.0,0.0,1.0,1.0,1.0,2.0,0.0,1.0,1.0,1.0,1.0,2.0,1.0,0.0,1.0,1.0,0.0,1.0,0.0,0.0,0.0,2.0,0.0,0.0,1.0,2.0,1.0,1.0,2.0,1.0,1.0,0.0,0.0,0.0,1.0,1.0,2.0,2.0,2.0,0.0,2.0
2979,1.0,0.0,2.0,1.0,0.0,0.0,2.0,2.0,2.0,0.0,0.0,1.0,2.0,2.0,1.0,2.0,2.0,2.0,0.0,2.0,1.0,0.0,1.0,0.0,2.0,0.0,1.0,1.0,1.0,0.0,0.0,1.0,2.0,0.0,0.0,2.0,1.0,2.0,0.0,1.0,2.0,1.0,1.0,2.0,0.0,2.0,2.0,2.0,1.0,0.0,0.0,0.0,2.0,0.0,2.0,1.0,0.0,0.0,2.0,2.0,1.0,2.0,0.0,1.0,2.0,1.0,1.0,1.0,1.0,0.0,2.0,2.0,0.0,0.0,2.0,1.0,1.0,0.0,1.0,0.0,2.0,1.0,0.0,1.0,2.0,1.0,1.0,1.0,2.0,2.0,1.0,2.0,0.0,2.0,1.0,2.0,2.0,2.0,1.0,0.0
2984,1.0,0.0,2.0,0.0,0.0,1.0,0.0,2.0,2.0,0.0,0.0,1.0,2.0,2.0,2.0,1.0,2.0,2.0,2.0,1.0,1.0,0.0,1.0,0.0,1.0,1.0,2.0,2.0,1.0,0.0,0.0,2.0,1.0,1.0,0.0,0.0,2.0,2.0,1.0,1.0,2.0,1.0,1.0,0.0,0.0,2.0,2.0,1.0,1.0,1.0,0.0,0.0,2.0,0.0,2.0,0.0,1.0,1.0,2.0,2.0,1.0,1.0,0.0,2.0,2.0,0.0,2.0,1.0,2.0,0.0,2.0,1.0,0.0,0.0,1.0,1.0,1.0,0.0,0.0,0.0,2.0,0.0,1.0,2.0,2.0,0.0,1.0,1.0,1.0,2.0,0.0,0.0,1.0,2.0,0.0,2.0,0.0,2.0,0.0,1.0
2987,2.0,0.0,1.0,0.0,1.0,0.0,1.0,0.0,1.0,1.0,0.0,0.0,2.0,2.0,2.0,2.0,2.0,1.0,1.0,0.0,2.0,0.0,2.0,0.0,2.0,1.0,1.0,1.0,2.0,0.0,0.0,1.0,1.0,0.0,1.0,1.0,2.0,2.0,1.0,1.0,2.0,0.0,2.0,2.0,0.0,2.0,2.0,2.0,0.0,0.0,0.0,0.0,2.0,0.0,2.0,1.0,2.0,0.0,2.0,2.0,0.0,1.0,0.0,2.0,2.0,0.0,1.0,2.0,2.0,1.0,2.0,2.0,0.0,0.0,2.0,0.0,0.0,0.0,0.0,0.0,2.0,2.0,0.0,1.0,2.0,0.0,1.0,1.0,0.0,2.0,1.0,1.0,0.0,2.0,0.0,0.0,2.0,2.0,0.0,0.0
2989,2.0,0.0,2.0,0.0,2.0,1.0,2.0,2.0,2.0,1.0,0.0,0.0,1.0,2.0,2.0,2.0,2.0,2.0,2.0,1.0,2.0,0.0,2.0,1.0,2.0,0.0,2.0,2.0,2.0,1.0,0.0,2.0,0.0,0.0,1.0,1.0,2.0,1.0,1.0,1.0,2.0,0.0,2.0,1.0,0.0,1.0,2.0,1.0,1.0,0.0,0.0,0.0,2.0,0.0,1.0,0.0,2.0,0.0,2.0,2.0,0.0,2.0,0.0,1.0,2.0,1.0,2.0,1.0,1.0,0.0,2.0,2.0,1.0,0.0,1.0,1.0,1.0,0.0,0.0,0.0,2.0,0.0,0.0,1.0,2.0,0.0,1.0,1.0,1.0,2.0,2.0,2.0,0.0,2.0,0.0,2.0,1.0,2.0,0.0,0.0
2992,2.0,0.0,2.0,0.0,0.0,1.0,1.0,2.0,2.0,0.0,1.0,0.0,1.0,1.0,2.0,2.0,2.0,2.0,1.0,2.0,1.0,0.0,2.0,0.0,2.0,1.0,0.0,2.0,1.0,0.0,0.0,2.0,1.0,2.0,0.0,1.0,2.0,2.0,1.0,1.0,2.0,0.0,1.0,0.0,0.0,2.0,2.0,2.0,1.0,1.0,0.0,0.0,2.0,0.0,2.0,0.0,1.0,0.0,2.0,2.0,1.0,1.0,0.0,2.0,2.0,0.0,2.0,2.0,1.0,0.0,2.0,2.0,0.0,0.0,0.0,2.0,2.0,0.0,1.0,0.0,2.0,0.0,0.0,1.0,2.0,1.0,1.0,1.0,1.0,2.0,1.0,2.0,0.0,1.0,1.0,1.0,0.0,1.0,0.0,0.0
2993,2.0,0.0,1.0,0.0,2.0,0.0,1.0,2.0,1.0,0.0,2.0,0.0,2.0,2.0,2.0,1.0,1.0,1.0,2.0,1.0,2.0,0.0,0.0,0.0,2.0,0.0,2.0,2.0,2.0,1.0,0.0,0.0,0.0,0.0,0.0,1.0,2.0,2.0,0.0,0.0,2.0,2.0,1.0,1.0,0.0,0.0,2.0,0.0,1.0,0.0,1.0,0.0,2.0,0.0,2.0,0.0,2.0,0.0,2.0,2.0,0.0,1.0,1.0,1.0,2.0,1.0,2.0,1.0,2.0,0.0,2.0,2.0,0.0,0.0,0.0,0.0,1.0,0.0,1.0,0.0,2.0,0.0,0.0,1.0,2.0,0.0,1.0,2.0,1.0,2.0,2.0,2.0,0.0,2.0,0.0,1.0,1.0,2.0,0.0,1.0
2997,2.0,1.0,1.0,0.0,1.0,0.0,1.0,2.0,2.0,0.0,1.0,1.0,1.0,2.0,1.0,2.0,2.0,0.0,1.0,1.0,2.0,0.0,2.0,0.0,2.0,2.0,2.0,1.0,1.0,2.0,0.0,2.0,1.0,0.0,1.0,0.0,2.0,1.0,1.0,2.0,2.0,0.0,1.0,1.0,0.0,2.0,2.0,1.0,1.64,1.0,0.0,0.0,2.0,0.0,2.0,0.0,1.0,0.0,2.0,2.0,0.0,2.0,0.0,1.0,2.0,1.0,1.0,1.0,1.0,1.0,2.0,2.0,1.0,1.0,0.0,0.0,1.0,0.0,0.0,0.0,2.0,0.0,0.0,1.0,2.0,0.0,2.0,1.0,1.0,2.0,0.0,2.0,1.0,1.0,1.0,2.0,0.0,2.0,1.0,0.0
3000,1.0,1.0,2.0,1.0,0.0,1.0,2.0,2.0,2.0,1.0,1.0,0.0,1.0,1.0,1.0,2.0,2.0,2.0,1.0,1.0,0.0,0.0,2.0,1.0,2.0,1.0,1.0,2.0,1.0,0.0,0.0,2.0,1.0,0.0,1.0,0.0,0.0,2.0,2.0,2.0,2.0,0.0,2.0,1.0,0.0,2.0,2.0,2.0,2.0,1.0,0.0,0.0,2.0,0.0,1.0,1.0,1.0,0.0,2.0,2.0,1.0,2.0,0.0,2.0,2.0,0.0,0.0,2.0,1.0,1.0,2.0,2.0,0.0,0.0,1.0,1.0,1.0,0.0,0.0,0.0,2.0,0.0,0.0,2.0,2.0,0.0,1.0,0.0,1.0,2.0,1.0,2.0,0.0,1.0,2.0,2.0,1.0,2.0,0.0,0.0
3004,2.0,0.0,1.0,1.0,0.0,1.0,2.0,2.0,1.0,0.0,0.0,0.0,0.0,2.0,2.0,2.0,2.0,2.0,1.0,0.0,1.0,0.0,0.0,0.0,2.0,0.0,1.0,2.0,1.0,0.0,0.0,2.0,1.0,0.0,1.0,1.0,2.0,1.0,2.0,1.0,2.0,0.0,1.0,1.0,0.0,0.0,2.0,2.0,0.0,1.0,1.0,0.0,2.0,0.0,2.0,1.0,2.0,0.0,2.0,1.0,1.0,2.0,1.0,2.0,2.0,0.0,1.0,1.0,1.0,0.0,2.0,2.0,0.0,1.0,2.0,0.0,2.0,0.0,0.0,0.0,2.0,0.0,1.0,1.0,2.0,1.0,2.0,1.0,0.0,2.0,2.0,2.0,0.0,2.0,2.0,2.0,1.0,2.0,1.0,2.0
3007,2.0,2.0,1.0,0.0,2.0,0.0,2.0,1.0,2.0,0.0,1.0,2.0,0.0,1.0,2.0,0.0,2.0,1.0,0.0,1.0,2.0,0.0,0.0,0.0,2.0,0.0,2.0,1.0,0.0,0.0,0.0,1.0,1.0,0.0,1.0,2.0,2.0,1.0,1.0,1.0,2.0,1.0,2.0,1.0,0.0,0.0,1.0,1.0,1.0,0.0,0.0,1.0,1.0,0.0,2.0,0.0,2.0,0.0,2.0,2.0,1.0,2.0,1.0,2.0,2.0,0.0,1.0,1.0,1.0,1.0,2.0,2.0,0.0,1.0,1.0,0.0,0.0,0.0,2.0,0.0,2.0,1.0,0.0,0.0,2.0,1.0,1.0,1.0,2.0,1.0,2.0,0.0,0.0,1.0,2.0,2.0,1.0,2.0,1.0,0.0
3013,1.0,0.0,2.0,2.0,0.0,1.0,0.0,2.0,2.0,0.0,1.0,1.0,0.0,2.0,2.0,2.0,1.0,1.0,1.0,2.0,0.0,0.0,2.0,0.0,2.0,2.0,1.0,2.0,1.0,0.0,0.0,2.0,0.0,1.0,0.0,1.0,1.0,2.0,1.0,2.0,2.0,0.0,1.0,1.0,0.0,1.0,2.0,2.0,1.0,0.0,0.0,0.0,2.0,0.0,1.0,0.0,1.0,0.0,2.0,2.0,1.0,2.0,1.0,1.0,2.0,0.0,1.0,2.0,1.0,0.0,2.0,2.0,0.0,0.0,0.0,1.0,2.0,0.0,0.0,0.0,2.0,0.0,0.0,1.0,2.0,0.0,1.0,1.0,1.0,2.0,1.0,2.0,0.0,2.0,0.0,1.0,1.0,2.0,0.0,2.0
3016,2.0,0.0,1.0,1.0,1.0,0.0,1.0,2.0,1.0,0.0,1.0,1.0,1.0,1.0,2.0,0.0,2.0,2.0,1.0,1.0,1.0,0.0,1.0,0.0,2.0,2.0,2.0,0.0,1.0,1.0,0.0,2.0,1.0,0.0,2.0,2.0,2.0,2.0,2.0,2.0,2.0,0.0,1.0,1.0,0.0,0.0,2.0,1.0,1.0,2.0,0.0,0.0,2.0,0.0,1.0,0.0,2.0,0.0,2.0,2.0,1.0,2.0,0.0,1.0,2.0,0.0,1.0,1.0,1.0,2.0,2.0,2.0,0.0,0.0,1.0,0.0,1.0,0.0,1.0,0.0,2.0,1.0,0.0,1.0,2.0,1.0,2.0,1.0,1.0,2.0,0.0,2.0,0.0,2.0,1.0,2.0,1.0,2.0,0.0,1.0
3028,2.0,1.0,0.0,1.0,1.0,1.0,2.0,2.0,2.0,0.0,1.0,1.0,1.0,1.0,2.0,2.0,2.0,0.0,0.0,0.0,2.0,0.0,1.0,0.0,2.0,2.0,2.0,0.0,1.0,1.0,0.0,2.0,1.0,0.0,0.0,0.0,2.0,1.0,2.0,1.0,2.0,0.0,0.0,0.0,0.0,1.0,1.0,1.0,2.0,0.0,0.0,0.0,2.0,0.0,2.0,0.0,2.0,0.0,2.0,2.0,0.0,1.0,0.0,1.0,2.0,0.0,1.0,1.0,2.0,1.0,1.0,2.0,1.0,1.0,0.0,0.0,2.0,0.0,0.0,0.0,2.0,0.0,0.0,2.0,2.0,1.0,2.0,2.0,1.0,2.0,1.0,1.0,0.0,2.0,0.0,2.0,0.0,2.0,0.0,1.0
3029,2.0,0.0,1.0,1.0,1.0,1.0,2.0,2.0,2.0,1.0,2.0,0.0,1.0,1.0,2.0,2.0,2.0,0.0,0.0,2.0,2.0,0.0,1.0,0.0,2.0,2.0,2.0,0.0,1.0,1.0,0.0,2.0,1.0,0.0,0.0,0.0,2.0,2.0,2.0,1.0,2.0,0.0,1.0,1.0,0.0,1.0,1.0,1.0,2.0,2.0,0.0,0.0,2.0,0.0,2.0,0.0,2.0,0.0,2.0,2.0,0.0,1.0,0.0,1.0,2.0,0.0,0.0,1.0,1.0,0.0,2.0,1.72,1.0,0.0,0.0,0.0,2.0,0.0,0.0,0.0,2.0,1.0,0.0,2.0,2.0,1.0,2.0,2.0,1.0,2.0,1.0,2.0,0.0,2.0,0.0,2.0,0.0,2.0,0.0,1.0
3035,1.0,0.0,2.0,1.0,0.0,1.0,0.0,2.0,2.0,0.0,1.0,1.0,0.0,2.0,2.0,2.0,2.0,1.0,1.0,1.0,1.0,0.0,1.0,1.0,2.0,1.0,2.0,2.0,0.0,0.0,0.0,2.0,1.0,0.0,1.0,2.0,1.0,2.0,2.0,2.0,2.0,0.0,0.0,2.0,0.0,1.0,2.0,2.0,1.0,1.0,0.0,0.0,2.0,0.0,1.0,0.0,1.0,0.0,2.0,2.0,1.0,2.0,0.0,1.0,2.0,0.0,1.0,0.0,2.0,0.0,2.0,2.0,0.0,0.0,0.0,0.0,1.0,0.0,0.0,0.0,2.0,0.0,0.0,2.0,2.0,0.0,0.0,0.0,2.0,2.0,1.0,1.0,0.0,1.0,0.0,1.0,1.0,2.0,0.0,2.0
3040,2.0,1.0,2.0,2.0,0.0,0.0,0.0,2.0,2.0,0.0,0.0,0.0,0.0,1.0,2.0,2.0,2.0,0.0,1.0,0.0,1.0,0.0,2.0,0.0,2.0,0.0,1.0,2.0,1.0,1.0,0.0,2.0,1.0,1.0,0.0,2.0,0.0,1.0,1.0,1.0,2.0,1.0,0.0,1.0,0.0,1.0,2.0,1.0,0.0,1.0,0.0,0.0,2.0,0.0,1.0,0.0,0.0,0.0,2.0,2.0,1.0,2.0,0.0,2.0,2.0,0.0,1.0,2.0,1.0,0.0,2.0,2.0,0.0,0.0,1.0,1.0,1.0,0.0,1.0,0.0,2.0,0.0,0.0,1.0,2.0,0.0,1.0,1.0,2.0,2.0,0.0,1.0,0.0,2.0,2.0,1.0,1.0,2.0,0.0,1.0
3041,2.0,0.0,1.0,0.0,0.0,0.0,2.0,2.0,1.0,0.0,0.0,1.0,0.0,2.0,2.0,2.0,2.0,0.0,1.0,0.0,1.0,0.0,2.0,0.0,2.0,1.0,2.0,2.0,1.0,1.0,0.0,2.0,1.0,2.0,0.0,0.0,1.0,2.0,2.0,1.0,2.0,1.0,1.0,1.0,0.0,1.0,2.0,2.0,1.0,1.0,0.0,0.0,2.0,0.0,2.0,1.0,1.0,0.0,1.0,2.0,0.0,2.0,0.0,2.0,2.0,0.0,1.0,2.0,1.0,1.0,2.0,1.0,0.0,0.0,0.0,1.0,1.0,0.0,0.0,0.0,2.0,0.0,1.0,1.0,2.0,0.0,0.0,1.0,2.0,2.0,2.0,2.0,0.0,1.0,0.0,2.0,0.0,1.0,1.0,0.0
3045,2.0,1.0,2.0,0.0,1.0,0.0,1.0,2.0,2.0,1.0,0.0,0.0,2.0,2.0,1.0,2.0,2.0,0.0,1.0,0.0,2.0,0.0,1.0,0.0,2.0,1.0,1.0,2.0,1.0,0.0,0.0,2.0,0.0,0.0,0.0,2.0,1.0,1.0,1.0,1.0,2.0,1.0,2.0,2.0,0.0,0.0,2.0,0.0,1.0,0.0,0.0,0.0,2.0,0.0,1.0,1.0,2.0,0.0,2.0,1.0,1.0,2.0,0.0,2.0,2.0,0.0,1.0,1.0,2.0,1.0,2.0,2.0,0.0,0.0,0.0,0.0,0.0,0.0,0.0,0.0,2.0,0.0,0.0,0.0,2.0,1.0,2.0,2.0,0.0,2.0,1.0,1.0,0.0,1.0,1.0,1.0,2.0,2.0,0.0,1.0
3050,1.0,1.0,2.0,2.0,1.0,1.0,1.0,2.0,2.0,0.0,1.0,0.0,2.0,1.0,2.0,1.0,2.0,1.0,1.0,1.0,1.0,0.0,1.0,0.0,2.0,1.0,2.0,2.0,1.0,0.0,0.0,1.0,1.0,0.0,1.0,1.0,1.0,1.0,1.0,1.0,2.0,0.0,2.0,0.0,0.0,0.0,2.0,2.0,1.0,0.0,0.0,0.0,2.0,0.0,1.0,0.0,0.0,0.0,2.0,2.0,0.0,2.0,1.0,0.0,2.0,1.0,2.0,1.0,2.0,1.0,2.0,2.0,0.0,1.0,0.0,0.0,2.0,0.0,0.0,0.0,1.0,0.0,1.0,1.0,2.0,0.0,2.0,1.0,0.0,2.0,1.0,1.0,0.0,2.0,1.0,2.0,0.0,2.0,0.0,1.0
3051,1.0,0.0,2.0,1.0,1.0,0.0,0.0,1.0,1.0,0.0,0.0,0.0,2.0,2.0,2.0,2.0,2.0,0.0,2.0,0.0,2.0,0.0,1.0,0.0,2.0,1.0,0.0,2.0,2.0,0.0,0.0,0.0,0.0,1.0,1.0,0.0,1.0,2.0,1.0,1.0,2.0,0.0,1.0,1.0,0.0,0.0,2.0,1.0,2.0,1.0,0.0,0.0,2.0,1.0,2.0,1.0,2.0,0.0,2.0,2.0,0.0,1.0,0.0,1.0,2.0,1.0,1.0,2.0,2.0,0.0,1.0,2.0,1.0,0.0,1.0,0.0,2.0,0.0,1.0,0.0,2.0,1.0,0.0,1.0,2.0,0.0,2.0,0.0,2.0,2.0,1.0,0.0,1.0,1.0,0.0,2.0,0.0,2.0,1.0,0.0
3066,1.0,0.0,2.0,0.0,0.0,0.0,0.0,2.0,2.0,0.0,1.0,0.0,1.0,1.0,0.0,2.0,2.0,0.0,1.0,1.0,1.0,0.0,0.0,0.0,2.0,0.0,1.0,1.0,0.0,0.0,0.0,2.0,1.0,1.0,1.0,1.0,1.0,1.0,2.0,1.0,2.0,0.0,1.0,2.0,0.0,1.0,2.0,0.0,1.0,1.0,0.0,0.0,2.0,0.0,1.0,0.0,1.0,0.0,2.0,1.0,0.0,2.0,0.0,2.0,2.0,0.0,1.0,2.0,0.0,0.0,2.0,2.0,0.0,0.0,0.0,1.0,0.0,0.0,0.0,0.0,1.0,0.0,0.0,0.0,2.0,0.0,1.0,2.0,1.0,2.0,1.0,2.0,0.0,2.0,1.0,2.0,1.0,2.0,2.0,2.0
3068,2.0,0.0,2.0,0.0,1.0,0.0,2.0,2.0,1.0,0.0,0.0,0.0,1.0,2.0,2.0,1.0,2.0,2.0,1.0,0.0,1.0,0.0,1.0,1.0,2.0,2.0,2.0,2.0,2.0,1.0,0.0,2.0,0.0,1.0,1.0,2.0,2.0,2.0,0.0,2.0,2.0,0.0,1.0,1.0,0.0,0.0,2.0,2.0,1.0,2.0,0.0,0.0,2.0,0.0,2.0,0.0,1.0,0.0,2.0,2.0,2.0,2.0,0.0,0.0,2.0,0.0,1.0,2.0,1.0,1.0,2.0,2.0,1.0,0.0,0.0,1.0,1.0,0.0,2.0,0.0,1.0,1.0,2.0,1.0,2.0,0.0,1.0,1.0,0.0,2.0,1.0,1.0,0.0,2.0,1.0,2.0,0.0,2.0,0.0,1.0
3070,2.0,2.0,2.0,1.0,0.0,1.0,1.0,2.0,0.0,2.0,2.0,0.0,2.0,2.0,2.0,2.0,2.0,2.0,2.0,1.0,1.0,0.0,1.0,0.0,2.0,1.0,2.0,2.0,1.0,0.0,0.0,2.0,1.0,0.0,1.0,2.0,2.0,1.0,1.0,2.0,2.0,0.0,2.0,2.0,0.0,0.0,2.0,1.0,1.0,1.0,0.0,0.0,2.0,0.0,2.0,0.0,1.0,0.0,2.0,2.0,1.0,2.0,1.0,0.0,2.0,0.0,2.0,1.0,2.0,1.0,1.0,2.0,0.0,1.0,0.0,0.0,1.0,0.0,0.0,0.0,2.0,0.0,1.0,1.0,2.0,1.0,1.0,0.0,1.0,2.0,0.0,2.0,0.0,2.0,1.0,2.0,0.0,2.0,0.0,0.0
3079,1.0,1.0,2.0,0.0,1.0,0.0,1.0,1.0,2.0,0.0,2.0,0.0,1.0,2.0,1.0,2.0,2.0,0.0,1.0,0.0,2.0,0.0,0.0,1.0,2.0,1.0,2.0,2.0,1.0,1.0,0.0,1.0,1.0,0.0,1.0,1.0,2.0,0.0,2.0,2.0,2.0,0.0,1.0,2.0,0.0,1.0,1.0,1.0,0.0,0.0,0.0,0.0,2.0,0.0,2.0,0.0,0.0,0.0,2.0,2.0,0.0,2.0,0.0,1.0,2.0,0.0,0.0,2.0,2.0,1.0,2.0,1.0,1.0,2.0,0.0,0.0,1.0,0.0,0.0,0.0,1.0,0.0,0.0,1.0,2.0,0.0,2.0,2.0,0.0,2.0,1.0,1.0,0.0,1.0,2.0,2.0,0.0,2.0,0.0,0.0
3080,2.0,0.0,2.0,2.0,0.0,0.0,2.0,2.0,2.0,1.0,1.0,2.0,0.0,2.0,2.0,2.0,1.0,1.09,2.0,0.0,1.0,0.0,1.0,0.0,2.0,1.0,2.0,2.0,2.0,1.0,0.0,2.0,0.0,0.0,1.0,1.0,2.0,1.0,1.0,0.0,2.0,0.0,2.0,2.0,0.0,0.0,2.0,1.0,1.0,1.0,0.0,0.0,2.0,0.0,2.0,0.0,1.0,1.0,2.0,1.0,0.0,2.0,1.0,1.0,2.0,0.0,2.0,2.0,1.0,1.0,2.0,1.0,0.0,1.0,1.05,0.0,1.0,0.0,1.0,0.0,0.0,1.0,0.0,2.0,2.0,1.0,2.0,2.0,0.0,2.0,1.0,1.0,0.0,2.0,1.0,2.0,1.0,2.0,0.0,1.0
3082,2.0,0.0,1.0,2.0,0.0,1.0,1.0,1.0,1.0,1.0,2.0,0.0,1.0,0.0,1.0,2.0,2.0,2.0,1.0,1.0,2.0,0.0,2.0,0.0,2.0,1.0,2.0,2.0,1.0,0.0,0.0,1.0,1.0,0.0,1.0,2.0,1.0,2.0,2.0,1.0,2.0,2.0,1.0,1.0,0.0,1.0,2.0,2.0,2.0,0.0,0.0,0.0,2.0,0.0,2.0,0.0,2.0,0.0,2.0,1.0,1.0,1.0,0.0,1.0,2.0,0.0,1.0,0.0,1.0,0.0,2.0,2.0,0.0,0.0,0.0,0.0,1.0,0.0,0.0,0.0,2.0,1.0,0.0,2.0,2.0,2.0,1.0,2.0,0.0,2.0,0.0,2.0,0.0,2.0,2.0,2.0,0.0,2.0,1.0,2.0
3083,2.0,0.0,2.0,0.0,2.0,0.0,2.0,2.0,1.0,0.0,0.0,0.0,1.0,2.0,2.0,1.0,1.0,1.0,0.0,1.0,1.0,0.0,2.0,1.0,2.0,2.0,2.0,1.0,2.0,0.0,0.0,1.0,1.0,0.0,1.0,1.0,2.0,1.0,2.0,2.0,2.0,2.0,1.0,1.0,0.0,0.0,1.0,2.0,1.0,0.0,0.0,0.0,2.0,0.0,1.0,0.0,2.0,0.0,2.0,1.0,1.0,2.0,1.0,0.0,2.0,0.0,1.0,1.0,1.0,1.0,2.0,2.0,1.0,2.0,1.0,1.0,1.0,0.0,0.0,0.0,1.0,1.0,1.0,1.0,2.0,0.0,2.0,0.0,2.0,2.0,0.0,2.0,0.0,2.0,1.0,1.0,2.0,2.0,0.0,0.0
3097,1.0,0.0,2.0,0.0,1.0,0.0,1.0,2.0,2.0,0.0,0.0,2.0,2.0,2.0,2.0,2.0,2.0,1.0,2.0,0.0,0.0,0.0,1.0,0.0,2.0,0.0,2.0,1.0,1.0,2.0,0.0,2.0,2.0,0.0,1.0,1.0,2.0,1.0,2.0,2.0,2.0,1.0,2.0,2.0,0.0,0.0,2.0,2.0,0.0,1.0,0.0,0.0,2.0,0.0,2.0,1.0,1.0,0.0,2.0,2.0,1.0,2.0,0.0,1.0,2.0,0.0,1.0,2.0,1.0,1.0,2.0,2.0,0.0,1.0,1.0,0.0,1.0,0.0,0.0,0.0,1.0,1.0,0.0,2.0,2.0,1.0,1.0,0.0,1.0,2.0,1.0,1.0,0.0,2.0,1.0,2.0,2.0,1.0,0.0,1.0
3100,2.0,1.0,2.0,0.0,1.0,0.0,0.0,1.0,2.0,1.0,2.0,0.0,1.0,2.0,2.0,2.0,2.0,1.0,1.0,1.0,2.0,1.0,2.0,0.0,2.0,2.0,2.0,1.0,1.0,1.0,0.0,1.0,2.0,0.0,0.0,1.0,2.0,2.0,2.0,2.0,2.0,1.0,1.0,1.0,0.0,0.0,2.0,2.0,1.0,0.0,0.0,0.0,2.0,0.0,2.0,1.0,1.0,0.0,2.0,1.0,1.0,2.0,1.0,2.0,2.0,0.0,1.0,1.0,1.0,1.0,2.0,2.0,0.0,0.0,0.0,2.0,0.0,0.0,0.0,0.0,1.0,0.0,0.0,0.0,2.0,0.0,1.0,1.0,0.0,2.0,2.0,2.0,0.0,1.0,1.0,1.0,1.0,2.0,1.0,0.0
3113,1.0,1.0,2.0,1.0,0.0,2.0,1.0,0.0,2.0,1.0,1.0,0.0,0.0,2.0,0.0,2.0,2.0,1.0,0.0,1.0,0.0,0.0,0.0,0.0,2.0,1.0,2.0,0.0,1.0,1.0,0.0,1.0,1.0,0.0,0.0,0.0,2.0,1.0,2.0,2.0,0.0,2.0,2.0,1.0,0.0,1.0,2.0,1.0,1.0,0.0,2.0,0.0,2.0,0.0,2.0,2.0,2.0,0.0,2.0,2.0,1.0,1.0,1.0,1.0,0.0,0.0,1.0,0.0,1.0,0.0,2.0,2.0,0.0,1.0,1.0,0.0,1.0,0.0,0.0,0.0,2.0,2.0,0.0,1.0,2.0,2.0,2.0,2.0,1.0,1.44,1.0,0.0,1.0,2.0,2.0,1.0,0.0,2.0,1.0,1.0
3116,2.0,0.0,2.0,0.0,1.0,0.0,1.0,1.0,2.0,0.0,1.0,0.0,0.0,2.0,2.0,2.0,2.0,1.0,2.0,0.0,1.0,1.0,1.0,0.0,2.0,1.0,2.0,2.0,2.0,2.0,0.0,2.0,2.0,1.0,1.0,1.0,2.0,1.0,1.0,2.0,2.0,1.0,1.0,0.0,0.0,1.0,2.0,1.0,1.0,1.0,0.0,0.0,2.0,0.0,2.0,0.0,2.0,0.0,2.0,2.0,2.0,2.0,0.0,1.0,2.0,0.0,0.0,2.0,2.0,0.0,1.0,2.0,0.0,1.0,1.0,1.0,0.0,0.0,0.0,0.0,2.0,1.0,1.0,1.0,2.0,0.0,1.0,1.0,0.0,2.0,0.0,1.0,0.0,2.0,0.0,2.0,1.0,2.0,1.0,1.0
3118,1.0,1.0,1.0,0.0,0.0,1.0,0.0,1.0,2.0,1.0,1.0,1.0,2.0,1.0,2.0,2.0,2.0,1.0,1.0,0.0,1.0,0.0,1.0,2.0,2.0,0.0,1.0,0.0,2.0,0.0,0.0,1.0,1.0,0.0,0.0,1.0,2.0,2.0,1.0,1.0,2.0,1.0,1.0,2.0,0.0,1.0,1.0,2.0,1.0,1.0,0.0,0.0,2.0,0.0,2.0,1.0,1.0,0.0,2.0,2.0,1.0,2.0,0.0,2.0,2.0,1.0,1.0,1.0,1.0,0.0,2.0,2.0,0.0,0.0,0.0,0.0,1.0,0.0,0.0,0.0,2.0,1.0,0.0,2.0,2.0,0.0,2.0,2.0,0.0,1.0,0.0,2.0,0.0,2.0,0.0,2.0,0.0,2.0,0.0,2.0
3120,2.0,0.0,1.0,1.0,1.0,0.0,1.0,2.0,2.0,0.0,0.0,2.0,2.0,2.0,2.0,2.0,1.0,1.0,2.0,1.0,1.0,0.0,0.0,1.0,2.0,1.0,2.0,0.0,2.0,0.0,0.0,2.0,1.0,0.0,0.0,0.0,2.0,1.0,2.0,1.0,2.0,0.0,1.0,0.0,0.0,0.0,2.0,1.0,1.0,1.0,0.0,0.0,2.0,0.0,2.0,1.0,1.0,0.0,2.0,1.0,0.0,1.0,1.0,2.0,2.0,0.0,0.0,2.0,1.0,1.0,2.0,2.0,0.0,1.0,0.0,1.0,2.0,0.0,0.0,0.0,1.0,0.0,1.0,1.0,2.0,0.0,2.0,1.0,1.0,2.0,1.0,1.0,0.0,2.0,1.0,2.0,1.0,2.0,0.0,2.0
3131,1.0,1.0,2.0,1.0,0.0,0.0,1.0,2.0,1.0,0.0,0.0,0.0,1.0,2.0,2.0,1.0,2.0,2.0,2.0,1.0,1.0,0.0,1.0,0.0,2.0,0.0,2.0,2.0,2.0,2.0,0.0,2.0,1.0,0.0,0.0,1.0,1.0,2.0,1.0,1.0,2.0,1.0,2.0,0.0,0.0,0.0,2.0,1.0,2.0,0.0,0.0,0.0,2.0,0.0,0.0,0.0,2.0,0.0,2.0,2.0,0.0,2.0,0.0,2.0,2.0,0.0,0.0,1.0,2.0,2.0,2.0,2.0,0.0,0.0,0.0,1.0,1.0,0.0,0.0,0.0,2.0,2.0,1.0,0.0,2.0,0.0,1.0,1.0,1.0,2.0,2.0,2.0,0.0,2.0,1.0,2.0,0.0,2.0,1.0,1.0
3133,0.0,1.0,1.0,2.0,0.0,0.0,2.0,0.0,2.0,0.0,0.0,0.0,2.0,2.0,2.0,0.0,2.0,0.0,1.0,2.0,2.0,0.0,0.0,2.0,2.0,0.0,1.0,1.0,1.0,0.0,0.0,2.0,1.0,0.0,2.0,1.0,1.0,2.0,0.0,1.0,1.0,0.0,2.0,1.0,1.0,0.0,2.0,1.0,2.0,0.0,0.0,0.0,2.0,0.0,1.0,0.0,2.0,0.0,2.0,1.0,0.0,2.0,1.0,1.0,1.0,0.0,0.0,1.0,0.0,0.0,2.0,2.0,0.0,0.0,0.0,0.0,1.0,0.0,0.0,0.0,1.0,0.0,1.0,1.0,2.0,2.0,1.0,2.0,0.0,2.0,1.0,2.0,0.0,2.0,1.0,1.0,1.0,2.0,1.0,2.0
3139,2.0,0.0,1.0,1.0,1.0,0.0,2.0,2.0,2.0,0.0,1.0,0.0,0.0,1.0,2.0,2.0,1.0,0.0,1.0,1.0,1.0,0.0,1.0,0.0,2.0,0.0,2.0,2.0,0.0,1.0,0.0,0.0,2.0,1.0,0.0,1.0,1.0,0.0,2.0,2.0,2.0,2.0,2.0,1.0,0.0,1.0,2.0,1.0,1.0,1.0,0.0,0.0,2.0,0.0,2.0,0.0,2.0,0.0,2.0,2.0,0.0,2.0,1.0,1.0,2.0,0.0,1.0,2.0,2.0,1.0,2.0,2.0,0.0,2.0,1.0,0.0,1.0,0.0,0.0,0.0,1.0,0.0,0.0,2.0,2.0,0.0,1.0,2.0,1.0,2.0,1.0,2.0,0.0,2.0,1.0,2.0,1.0,2.0,1.0,0.0
3145,0.0,0.0,2.0,1.0,1.0,0.0,2.0,2.0,1.0,2.0,1.0,1.0,1.0,2.0,2.0,1.0,1.0,2.0,2.0,2.0,1.0,0.0,0.0,1.0,2.0,2.0,2.0,0.0,2.0,1.0,1.0,2.0,0.0,1.0,2.0,0.0,1.0,0.0,0.0,2.0,2.0,1.0,2.0,1.0,0.0,2.0,2.0,2.0,2.0,1.0,0.0,0.0,2.0,0.0,2.0,1.0,2.0,0.0,2.0,2.0,1.0,2.0,1.0,2.0,2.0,0.0,2.0,1.0,0.0,0.0,2.0,2.0,1.0,2.0,1.0,0.0,1.0,0.0,1.0,0.0,2.0,0.0,0.0,2.0,1.0,2.0,1.0,2.0,1.0,0.0,0.0,0.0,0.0,2.0,1.0,2.0,2.0,2.0,1.0,0.0
3149,2.0,1.0,2.0,0.0,2.0,0.0,2.0,2.0,2.0,0.0,0.0,0.0,2.0,2.0,1.0,2.0,2.0,1.0,1.0,0.0,2.0,0.0,2.0,0.0,2.0,1.0,2.0,2.0,1.0,2.0,0.0,1.0,2.0,0.0,0.0,2.0,2.0,1.0,1.0,2.0,2.0,1.0,2.0,1.0,0.0,1.0,1.0,1.0,2.0,1.0,0.0,0.0,2.0,0.0,2.0,0.0,2.0,0.0,2.0,1.0,1.0,2.0,0.0,1.0,2.0,0.0,1.0,0.0,2.0,2.0,2.0,2.0,1.0,1.0,0.0,0.0,0.0,0.0,0.0,0.0,0.0,1.0,2.0,2.0,2.0,0.0,1.0,0.0,0.0,2.0,2.0,2.0,0.0,2.0,1.0,2.0,1.0,2.0,1.0,0.0
3153,2.0,0.0,2.0,1.0,1.0,0.0,2.0,1.0,1.0,0.0,1.0,1.0,1.0,2.0,2.0,2.0,2.0,1.0,2.0,0.0,1.0,0.0,0.0,0.0,2.0,2.0,2.0,2.0,1.0,2.0,0.0,1.0,2.0,0.0,0.0,0.0,1.0,1.0,2.0,2.0,2.0,1.0,2.0,1.0,0.0,2.0,1.0,2.0,1.0,0.0,0.0,0.0,2.0,0.0,2.0,1.0,0.0,0.0,2.0,1.0,0.0,2.0,0.0,1.0,2.0,0.0,2.0,2.0,1.0,1.0,2.0,2.0,1.0,1.0,0.0,0.0,1.0,0.0,0.0,0.0,2.0,0.0,1.0,2.0,2.0,0.0,1.0,1.0,0.0,2.0,1.0,2.0,0.0,1.0,1.0,2.0,0.0,2.0,0.0,0.0
3156,2.0,1.0,2.0,0.0,0.0,1.0,1.0,1.0,2.0,0.0,0.0,0.0,1.0,1.0,2.0,2.0,2.0,2.0,2.0,0.0,2.0,0.0,1.0,1.0,2.0,0.0,2.0,1.0,2.0,0.0,0.0,1.0,1.0,0.0,0.0,2.0,2.0,1.0,0.0,1.0,2.0,0.0,2.0,1.0,0.0,0.0,2.0,0.0,1.0,0.0,0.0,0.0,2.0,0.0,2.0,0.0,2.0,0.0,2.0,2.0,1.0,2.0,0.0,2.0,2.0,0.0,0.0,1.0,1.0,1.0,1.0,2.0,0.0,1.0,1.0,0.0,1.0,0.0,0.0,0.0,2.0,0.0,0.0,0.0,2.0,0.0,2.0,1.0,0.0,2.0,2.0,1.0,0.0,2.0,1.0,2.0,0.0,1.0,1.0,0.0
3157,2.0,1.0,2.0,1.0,1.0,0.0,1.0,1.0,2.0,0.0,2.0,1.0,2.0,2.0,2.0,2.0,2.0,1.0,2.0,0.0,2.0,0.0,0.0,1.0,2.0,1.0,2.0,1.0,2.0,1.0,0.0,1.0,2.0,0.0,0.0,2.0,2.0,2.0,0.0,2.0,2.0,0.0,2.0,0.0,0.0,1.0,2.0,1.0,1.0,0.0,0.0,0.0,2.0,0.0,2.0,1.0,2.0,0.0,2.0,2.0,0.0,2.0,0.0,2.0,2.0,0.0,2.0,1.0,2.0,2.0,1.0,2.0,0.0,0.0,0.0,0.0,1.0,0.0,2.0,0.0,1.0,0.0,1.0,1.0,2.0,0.0,2.0,0.0,0.0,2.0,2.0,0.0,1.0,2.0,2.0,2.0,1.0,2.0,1.0,0.0
3159,2.0,1.0,1.0,0.0,0.0,1.0,2.0,0.0,2.0,1.0,1.0,1.0,1.0,2.0,1.0,2.0,2.0,0.0,2.0,0.0,1.0,0.0,2.0,0.0,2.0,0.0,1.0,1.0,1.0,0.0,0.0,1.0,1.0,1.0,1.0,2.0,2.0,2.0,2.0,1.0,2.0,0.0,2.0,1.0,0.0,2.0,2.0,2.0,2.0,2.0,0.0,0.0,2.0,0.0,1.0,0.0,2.0,0.0,2.0,2.0,1.0,2.0,0.0,2.0,2.0,0.0,1.0,1.0,2.0,2.0,2.0,2.0,0.0,0.0,0.0,0.0,1.0,0.0,0.0,0.0,2.0,0.0,1.0,1.0,2.0,0.0,1.0,1.0,2.0,2.0,1.0,2.0,0.0,2.0,2.0,2.0,1.0,2.0,0.0,0.0
3176,2.0,1.0,1.0,1.0,0.0,1.0,1.0,2.0,2.0,0.0,0.0,0.0,1.0,2.0,2.0,2.0,2.0,2.0,1.0,2.0,2.0,0.0,1.0,0.0,2.0,2.0,2.0,1.0,2.0,0.0,0.0,2.0,1.0,0.0,0.0,2.0,1.0,2.0,2.0,2.0,2.0,1.0,2.0,0.0,0.0,1.0,2.0,2.0,1.0,0.0,0.0,0.0,2.0,0.0,2.0,0.0,1.0,0.0,2.0,2.0,0.0,1.0,0.0,1.0,2.0,1.0,1.0,2.0,2.0,2.0,2.0,2.0,0.0,1.0,1.0,0.0,1.0,0.0,0.0,0.0,1.0,1.0,1.0,0.0,2.0,0.0,2.0,2.0,1.0,2.0,1.0,2.0,1.0,1.0,2.0,2.0,0.0,2.0,1.0,0.0
3179,2.0,1.0,1.0,1.0,1.0,0.0,0.0,1.0,1.0,0.0,1.0,1.0,0.0,1.0,1.0,2.0,2.0,2.0,1.0,0.0,1.0,0.0,1.0,0.0,2.0,1.0,2.0,0.0,2.0,1.0,0.0,1.0,1.0,0.0,0.0,1.0,1.0,2.0,1.0,1.0,2.0,1.0,2.0,0.0,0.0,0.0,1.0,1.0,1.0,1.0,1.0,0.0,2.0,0.0,2.0,1.0,1.0,0.0,2.0,2.0,1.0,2.0,0.0,1.0,2.0,1.0,1.0,1.0,2.0,0.0,2.0,2.0,1.0,0.0,1.0,1.0,1.0,0.0,0.0,0.0,2.0,2.0,1.0,1.0,2.0,0.0,1.0,2.0,1.0,2.0,1.0,1.0,0.0,2.0,0.0,2.0,0.0,2.0,0.0,0.0
3183,2.0,1.0,1.0,0.0,0.0,1.0,1.0,2.0,0.0,0.0,1.0,0.0,1.0,2.0,2.0,2.0,2.0,1.0,0.0,2.0,1.0,0.0,2.0,0.0,2.0,2.0,1.0,0.0,1.0,1.0,0.0,2.0,0.0,0.0,1.0,1.0,2.0,1.0,2.0,1.0,2.0,2.0,2.0,0.0,0.0,0.0,2.0,2.0,1.0,0.0,0.0,0.0,2.0,0.0,1.0,1.0,2.0,0.0,2.0,2.0,2.0,1.0,0.0,0.0,2.0,0.0,1.0,2.0,2.0,2.0,2.0,2.0,0.0,1.0,0.0,1.0,0.0,0.0,0.0,0.0,1.0,0.0,0.0,1.0,2.0,0.0,0.0,2.0,1.0,2.0,1.0,2.0,0.0,1.0,2.0,1.0,0.0,1.0,0.0,0.0
3184,2.0,1.0,1.0,0.0,1.0,0.0,2.0,2.0,1.0,0.0,0.0,0.0,1.0,2.0,2.0,2.0,2.0,1.0,1.0,2.0,1.0,0.0,2.0,0.0,2.0,1.0,1.0,1.0,1.0,1.0,0.0,1.0,0.0,0.0,1.0,1.0,2.0,1.0,2.0,1.0,2.0,2.0,2.0,1.0,0.0,0.0,2.0,2.0,1.0,0.0,0.0,0.0,2.0,0.0,0.0,1.0,0.0,0.0,2.0,2.0,1.0,0.0,0.0,1.0,2.0,0.0,1.0,1.0,2.0,2.0,2.0,2.0,0.0,1.0,0.0,1.0,0.0,0.0,0.0,0.0,1.0,0.0,1.0,1.0,2.0,0.0,2.0,1.0,0.0,2.0,0.0,2.0,0.0,1.0,2.0,2.0,2.0,1.0,0.0,0.0
3191,1.0,2.0,0.0,0.0,2.0,1.0,1.0,1.0,2.0,0.0,2.0,0.0,0.0,2.0,2.0,1.0,2.0,0.0,0.0,2.0,0.0,0.0,0.0,0.0,2.0,0.0,2.0,0.0,0.0,0.0,1.0,2.0,1.0,0.0,0.0,1.0,1.0,1.0,1.0,2.0,1.0,1.0,1.0,2.0,1.0,0.0,2.0,1.0,2.0,1.0,0.0,0.0,2.0,0.0,0.0,1.0,2.0,1.0,2.0,2.0,1.0,2.0,1.0,2.0,0.0,0.0,2.0,1.0,0.0,0.0,1.0,2.0,0.0,1.0,1.0,0.0,2.0,0.0,0.0,0.0,2.0,0.0,0.0,1.0,2.0,1.0,0.0,2.0,1.0,0.0,0.0,0.0,0.0,2.0,2.0,2.0,1.0,2.0,1.0,0.0
3192,1.0,1.0,1.0,0.0,0.0,1.0,2.0,0.0,1.0,0.0,1.0,0.0,2.0,2.0,2.0,2.0,2.0,1.0,2.0,0.0,0.0,0.0,0.0,0.0,2.0,0.0,1.0,1.0,1.0,1.0,1.0,1.0,0.0,1.0,0.0,1.0,1.0,0.0,0.0,2.0,2.0,0.0,2.0,0.0,1.0,2.0,2.0,2.0,1.0,0.0,0.0,0.0,2.0,0.0,2.0,2.0,2.0,0.0,2.0,1.0,1.0,2.0,1.0,2.0,2.0,0.0,2.0,0.0,1.0,1.0,2.0,1.0,0.0,2.0,1.0,0.0,1.0,0.0,0.0,0.0,2.0,0.0,1.0,0.0,2.0,1.0,2.0,2.0,0.0,2.0,0.0,1.0,0.0,2.0,2.0,1.0,1.0,2.0,1.0,1.0
3193,1.0,1.0,0.0,2.0,1.0,0.0,2.0,0.0,2.0,1.0,0.0,1.0,1.0,2.0,1.0,2.0,2.0,0.79,0.0,1.0,0.0,0.0,0.0,0.0,2.0,2.0,2.0,0.0,1.0,1.0,0.0,2.0,1.0,0.0,0.0,1.0,2.0,2.0,0.0,2.0,2.0,1.0,2.0,2.0,0.0,2.0,2.0,1.0,1.0,1.0,1.0,0.0,2.0,0.0,2.0,2.0,2.0,1.0,2.0,1.0,0.0,2.0,0.0,2.0,1.0,0.0,1.0,1.0,0.0,0.0,2.0,1.0,0.0,0.0,2.0,0.0,0.0,0.0,0.0,0.0,2.0,1.0,0.0,1.0,2.0,1.0,1.0,2.0,2.0,1.0,1.0,0.0,0.0,2.0,2.0,2.0,2.0,2.0,0.0,1.0
3198,0.0,1.0,2.0,2.0,1.0,0.0,2.0,1.0,2.0,2.0,1.0,0.0,0.0,2.0,2.0,1.0,1.0,1.0,2.0,1.0,2.0,0.0,0.0,2.0,2.0,0.0,0.0,0.0,1.0,0.0,0.0,2.0,1.0,0.0,1.0,1.0,0.0,0.0,1.0,2.0,2.0,2.0,2.0,0.0,0.0,1.0,2.0,1.0,1.0,1.0,0.0,0.0,2.0,0.0,2.0,1.0,2.0,0.0,2.0,1.0,0.0,2.0,2.0,1.0,2.0,0.0,1.0,1.0,0.0,0.0,2.0,2.0,1.0,1.0,2.0,0.0,0.0,0.0,0.0,0.0,2.0,0.0,0.0,2.0,2.0,1.0,0.0,2.0,1.0,1.0,0.0,0.0,0.0,2.0,1.0,1.0,2.0,2.0,0.0,0.0
3206,1.0,0.0,2.0,0.0,1.0,0.0,1.0,2.0,1.0,0.0,1.0,0.0,2.0,2.0,2.0,2.0,2.0,2.0,1.0,1.0,2.0,0.0,2.0,0.0,2.0,1.0,2.0,1.0,2.0,1.0,0.0,2.0,0.0,0.0,0.0,2.0,2.0,2.0,1.0,2.0,2.0,1.0,1.0,1.0,0.0,0.0,2.0,2.0,0.0,1.0,0.0,0.0,2.0,0.0,1.0,0.0,1.0,0.0,2.0,2.0,0.0,1.0,0.0,0.0,2.0,0.0,2.0,1.0,2.0,2.0,2.0,2.0,1.0,0.0,0.0,1.0,1.0,0.0,1.0,0.0,1.0,0.0,1.0,2.0,2.0,1.0,2.0,2.0,1.0,2.0,0.0,2.0,0.0,2.0,2.0,1.0,1.0,2.0,1.0,0.0
3210,2.0,0.0,1.0,0.0,1.0,0.0,2.0,2.0,2.0,0.0,1.0,0.0,2.0,2.0,2.0,2.0,2.0,1.0,2.0,1.0,2.0,0.0,2.0,0.0,2.0,0.0,2.0,1.0,2.0,0.0,0.0,1.0,1.0,0.0,1.0,2.0,2.0,1.0,2.0,1.0,2.0,1.0,2.0,1.0,0.0,1.0,2.0,0.0,0.0,0.0,0.0,0.0,2.0,0.0,2.0,1.0,1.0,0.0,2.0,2.0,0.0,2.0,0.0,2.0,2.0,0.0,0.0,2.0,2.0,0.0,1.0,2.0,0.0,1.0,1.0,0.0,1.0,0.0,0.0,0.0,2.0,0.0,1.0,1.0,2.0,1.0,1.0,1.0,0.0,2.0,2.0,1.0,0.0,2.0,1.0,1.0,2.0,2.0,1.0,1.0
3212,2.0,1.0,2.0,1.0,0.0,1.0,1.0,2.0,0.0,0.0,1.0,2.0,2.0,1.0,1.0,2.0,2.0,1.0,1.0,2.0,2.0,0.0,2.0,0.0,2.0,1.0,2.0,2.0,1.0,1.0,0.0,2.0,0.0,0.0,0.0,1.0,2.0,2.0,1.0,0.0,2.0,1.0,2.0,0.0,0.0,0.0,2.0,2.0,1.0,0.0,0.0,0.0,2.0,0.0,2.0,1.0,2.0,0.0,2.0,2.0,1.0,2.0,0.0,2.0,2.0,0.0,0.0,1.0,2.0,0.0,2.0,2.0,0.0,0.0,0.0,0.0,1.0,0.0,0.0,0.0,2.0,1.0,0.0,0.0,2.0,0.0,1.0,0.0,1.0,2.0,2.0,2.0,0.0,2.0,2.0,2.0,0.0,2.0,0.0,0.0
3218,1.0,0.0,2.0,1.0,1.0,0.0,2.0,1.0,1.0,1.0,1.0,0.0,1.0,2.0,1.0,2.0,1.0,2.0,2.0,0.0,2.0,0.0,1.0,0.0,2.0,1.0,2.0,2.0,1.0,2.0,0.0,2.0,2.0,0.0,0.0,2.0,1.0,1.0,2.0,2.0,2.0,1.0,1.0,1.0,0.0,1.0,1.0,1.0,2.0,1.0,0.0,0.0,2.0,0.0,2.0,1.0,2.0,0.0,1.0,2.0,1.0,2.0,0.0,2.0,2.0,0.0,1.0,1.0,1.0,1.0,1.0,2.0,0.0,1.0,1.0,1.0,1.0,0.0,0.0,0.0,1.0,0.0,0.0,1.0,2.0,1.0,2.0,1.0,0.0,2.0,1.0,2.0,0.0,2.0,1.0,2.0,0.0,2.0,1.0,0.0
3223,1.0,1.0,1.0,0.0,0.0,1.0,1.0,2.0,2.0,1.0,0.0,1.0,1.0,1.0,1.0,2.0,1.0,0.0,1.0,2.0,2.0,0.0,0.0,1.0,2.0,0.0,2.0,0.0,1.0,0.0,1.0,1.0,0.0,0.0,1.0,2.0,2.0,1.0,1.0,2.0,2.0,1.0,1.0,0.0,0.0,1.0,1.0,2.0,1.0,1.0,0.0,0.0,1.0,0.0,1.0,2.0,2.0,0.0,2.0,2.0,0.0,1.0,1.0,1.0,2.0,0.0,1.0,1.0,0.0,0.0,1.0,1.0,0.0,1.0,2.0,1.0,1.0,0.0,1.0,0.0,1.0,1.0,0.0,2.0,2.0,1.0,2.0,1.0,2.0,1.0,1.0,1.0,0.0,2.0,2.0,2.0,1.0,2.0,2.0,1.0
3226,1.0,0.0,0.0,1.0,1.0,1.0,0.0,2.0,2.0,0.0,1.0,1.0,1.0,2.0,1.0,2.0,2.0,1.0,1.0,0.0,2.0,0.0,1.0,1.0,2.0,1.0,2.0,0.0,1.0,2.0,0.0,2.0,1.0,0.0,1.0,1.0,1.0,2.0,2.0,1.0,2.0,0.0,1.0,0.0,0.0,2.0,1.0,2.0,0.0,2.0,0.0,0.0,2.0,0.0,1.0,0.0,2.0,0.0,2.0,2.0,1.0,2.0,0.0,1.0,2.0,0.0,0.0,0.0,2.0,0.0,2.0,2.0,0.0,0.0,0.0,1.0,1.0,0.0,0.0,0.0,2.0,2.0,1.0,1.0,2.0,1.0,1.0,2.0,0.0,2.0,0.0,2.0,0.0,1.0,1.0,2.0,0.0,2.0,1.0,2.0
3229,2.0,0.0,2.0,0.0,2.0,0.0,1.0,2.0,0.0,0.0,0.0,0.0,1.0,2.0,2.0,2.0,1.0,0.0,2.0,2.0,2.0,0.0,2.0,0.0,2.0,0.0,2.0,2.0,1.0,2.0,0.0,2.0,1.0,1.0,0.0,1.0,2.0,1.0,1.0,2.0,2.0,1.0,2.0,2.0,0.0,2.0,2.0,0.0,2.0,1.0,0.0,0.0,2.0,0.0,2.0,0.0,2.0,0.0,2.0,0.0,0.0,2.0,0.0,1.0,2.0,0.0,0.0,2.0,2.0,1.0,2.0,2.0,1.0,1.0,0.0,1.0,2.0,0.0,0.0,0.0,1.0,1.0,1.0,1.0,1.0,0.0,2.0,1.0,2.0,2.0,2.0,2.0,0.0,2.0,1.0,2.0,1.0,2.0,0.0,1.0
3236,2.0,1.0,2.0,0.0,0.0,0.0,0.0,2.0,2.0,1.0,2.0,1.0,2.0,2.0,2.0,2.0,2.0,2.0,1.0,2.0,2.0,0.0,1.0,0.0,2.0,1.0,2.0,2.0,0.0,0.0,0.0,2.0,0.0,0.0,0.0,1.0,2.0,2.0,1.0,1.0,2.0,0.0,2.0,1.0,0.0,0.0,2.0,2.0,0.0,2.0,0.0,0.0,2.0,0.0,2.0,0.0,2.0,0.0,2.0,1.0,1.0,2.0,1.0,1.0,2.0,0.0,0.0,1.0,1.0,0.0,2.0,2.0,0.0,1.0,1.0,0.0,0.0,0.0,0.0,0.0,2.0,0.0,0.0,1.0,2.0,0.0,0.0,2.0,0.0,2.0,2.0,2.0,0.0,2.0,1.0,2.0,1.0,2.0,0.0,0.0
3241,0.0,0.0,1.0,1.0,0.0,1.0,2.0,1.0,2.0,1.0,1.0,0.0,0.0,2.0,2.0,2.0,2.0,1.0,0.0,1.0,1.0,0.0,1.0,0.0,2.0,2.0,2.0,0.0,1.0,1.0,0.0,2.0,1.0,1.0,1.0,1.0,2.0,2.0,0.0,2.0,2.0,1.0,2.0,1.0,1.0,1.0,1.0,1.0,1.0,0.0,0.0,1.0,2.0,0.0,2.0,1.0,2.0,0.0,2.0,2.0,0.0,2.0,1.0,1.0,2.0,0.0,2.0,0.0,0.0,0.0,2.0,1.0,0.0,0.0,1.0,0.0,0.0,0.0,0.0,0.0,2.0,0.0,1.0,1.0,2.0,2.0,2.0,2.0,2.0,1.0,1.0,1.0,0.0,2.0,1.0,2.0,1.0,2.0,1.0,2.0
3245,0.0,1.0,2.0,1.0,0.0,0.0,2.0,0.0,2.0,0.0,2.0,1.0,1.0,2.0,1.0,2.0,2.0,0.0,1.0,2.0,1.0,0.0,0.0,1.0,2.0,0.0,1.0,0.0,2.0,0.0,0.0,2.0,1.0,1.0,0.0,2.0,2.0,1.0,1.0,2.0,2.0,0.0,1.0,2.0,0.0,0.0,2.0,1.0,2.0,0.0,0.0,0.0,2.0,0.0,2.0,1.0,2.0,1.0,2.0,2.0,1.0,1.0,2.0,2.0,2.0,0.0,2.0,1.0,1.0,1.0,2.0,1.0,0.0,1.0,0.0,0.0,1.0,0.0,0.0,0.0,2.0,0.0,1.0,2.0,2.0,2.0,2.0,2.0,1.0,1.0,0.0,0.0,0.0,2.0,2.0,2.0,2.0,2.0,1.0,2.0
3250,2.0,0.0,1.0,1.0,1.0,0.0,1.0,2.0,1.0,0.0,1.0,1.0,0.0,1.0,1.0,2.0,2.0,2.0,2.0,1.0,2.0,0.0,2.0,0.0,2.0,1.0,2.0,0.0,2.0,0.0,0.0,1.0,0.0,0.0,0.0,1.0,1.0,1.0,2.0,0.0,2.0,1.0,2.0,0.0,0.0,1.0,2.0,1.0,1.0,1.0,0.0,0.0,2.0,0.0,2.0,1.0,0.0,0.0,2.0,2.0,2.0,2.0,0.0,2.0,2.0,1.0,1.0,1.0,2.0,1.0,2.0,1.0,0.0,1.0,1.0,1.0,1.0,0.0,0.0,0.0,1.0,1.0,0.0,1.0,2.0,0.0,2.0,2.0,0.0,2.0,2.0,2.0,0.0,2.0,1.0,2.0,1.0,2.0,0.0,0.0
3252,2.0,0.0,1.0,0.0,0.0,0.0,0.0,2.0,2.0,0.0,1.0,0.0,2.0,1.0,1.0,2.0,2.0,2.0,2.0,1.0,1.0,0.0,2.0,0.0,2.0,1.0,2.0,1.0,0.0,1.0,0.0,1.0,1.0,1.0,1.0,2.0,2.0,2.0,2.0,0.0,2.0,0.0,2.0,0.0,0.0,2.0,2.0,1.0,2.0,1.0,0.0,0.0,2.0,0.0,2.0,1.0,2.0,0.0,2.0,2.0,1.0,2.0,0.0,2.0,2.0,0.0,2.0,2.0,2.0,0.0,2.0,2.0,0.0,0.0,0.0,1.0,0.0,0.0,0.0,0.0,2.0,0.0,0.0,1.0,2.0,0.0,0.0,2.0,1.0,2.0,2.0,2.0,0.0,1.0,0.0,2.0,1.0,2.0,1.0,1.0
3258,1.0,0.0,2.0,1.0,1.0,1.0,2.0,2.0,1.0,0.0,0.0,0.0,1.0,2.0,2.0,1.0,1.0,1.0,2.0,1.0,2.0,0.0,2.0,1.0,2.0,1.0,2.0,2.0,2.0,0.0,0.0,2.0,1.0,0.0,0.0,2.0,1.0,2.0,1.0,1.0,2.0,1.0,0.0,1.0,0.0,0.0,2.0,1.0,2.0,0.0,0.0,0.0,2.0,0.0,2.0,0.0,1.0,0.0,2.0,2.0,0.0,1.0,1.0,1.0,2.0,0.0,1.0,1.0,1.0,0.0,2.0,2.0,0.0,0.0,1.0,0.0,0.0,0.0,0.0,0.0,2.0,1.0,0.0,0.0,2.0,0.0,1.0,1.0,1.0,2.0,1.0,1.0,0.0,2.0,0.0,2.0,1.0,2.0,0.0,0.0
3265,2.0,0.0,0.0,2.0,1.0,0.0,1.0,2.0,2.0,1.0,0.0,0.0,2.0,1.0,2.0,2.0,2.0,1.0,1.0,1.0,2.0,0.0,0.0,1.0,2.0,1.0,2.0,1.0,2.0,0.0,0.0,1.0,1.0,0.0,1.0,1.0,0.0,1.0,1.0,1.0,2.0,1.0,2.0,0.0,0.0,1.0,1.0,1.0,0.0,2.0,0.0,0.0,2.0,0.0,2.0,1.0,1.0,0.0,2.0,1.0,1.0,2.0,0.0,2.0,2.0,1.0,0.0,2.0,2.0,0.0,2.0,2.0,1.0,1.0,0.0,1.0,1.0,0.0,0.0,0.0,1.0,0.0,0.0,0.0,2.0,0.0,1.0,1.0,1.0,2.0,2.0,1.0,0.0,2.0,1.0,2.0,1.0,2.0,1.0,1.0
3267,2.0,0.0,1.0,0.0,1.0,0.0,2.0,1.0,2.0,0.0,2.0,0.0,1.0,1.0,1.0,2.0,1.0,1.0,2.0,0.0,1.0,0.0,1.0,0.0,2.0,1.0,2.0,2.0,1.0,1.0,0.0,2.0,2.0,0.0,0.0,0.0,2.0,2.0,2.0,1.0,2.0,0.0,2.0,0.0,0.0,2.0,2.0,2.0,2.0,2.0,1.0,0.0,2.0,0.0,2.0,1.0,2.0,0.0,2.0,2.0,1.0,2.0,0.0,2.0,2.0,0.0,1.0,2.0,1.0,1.0,1.0,2.0,0.0,0.0,0.0,0.0,0.0,0.0,0.0,0.0,1.0,0.0,0.0,1.0,2.0,0.0,1.0,1.0,0.0,2.0,1.0,2.0,0.0,1.0,1.0,2.0,1.0,2.0,0.0,0.0
3268,2.0,0.0,0.0,0.0,1.0,0.0,1.0,2.0,2.0,0.0,1.0,0.0,1.0,1.0,1.0,2.0,1.0,2.0,2.0,0.0,1.0,0.0,2.0,0.0,2.0,1.0,2.0,1.0,0.0,1.0,0.0,0.0,1.0,0.0,0.0,1.0,2.0,2.0,2.0,2.0,2.0,0.0,2.0,0.0,0.0,2.0,2.0,1.0,2.0,1.0,0.0,0.0,2.0,0.0,2.0,0.0,2.0,0.0,2.0,2.0,1.0,2.0,0.0,2.0,2.0,0.0,1.0,2.0,1.0,1.0,2.0,2.0,0.0,0.0,0.0,0.0,0.0,0.0,0.0,0.0,2.0,0.0,1.0,1.0,2.0,0.0,1.0,1.0,0.0,2.0,1.0,2.0,0.0,1.0,0.0,2.0,1.0,2.0,1.0,0.0
3288,1.0,0.0,0.0,1.0,1.0,0.0,0.0,2.0,1.0,0.0,0.0,0.0,0.0,2.0,2.0,2.0,2.0,0.0,2.0,1.0,2.0,0.0,1.0,0.0,2.0,2.0,2.0,1.0,1.0,0.0,0.0,2.0,1.0,0.0,2.0,2.0,1.0,2.0,2.0,1.0,2.0,1.0,2.0,0.0,0.0,2.0,1.0,1.0,1.0,1.0,0.0,0.0,2.0,0.0,2.0,1.0,1.0,0.0,2.0,2.0,0.0,2.0,0.0,1.0,2.0,1.0,1.0,2.0,2.0,0.0,2.0,2.0,1.0,0.0,1.0,1.0,0.0,0.0,0.0,0.0,1.0,0.0,0.0,1.0,2.0,1.0,1.0,0.0,1.0,2.0,0.0,2.0,0.0,2.0,1.0,2.0,0.0,2.0,0.0,1.0
3290,2.0,1.0,2.0,1.0,1.0,0.0,0.0,2.0,2.0,0.0,0.0,1.0,1.0,1.0,2.0,2.0,2.0,0.0,2.0,1.0,2.0,0.0,0.0,0.0,2.0,2.0,2.0,1.0,0.0,0.0,0.0,2.0,1.0,0.0,0.0,1.0,1.0,2.0,1.0,1.0,2.0,1.0,2.0,2.0,0.0,1.0,2.0,1.0,1.0,1.0,0.0,0.0,2.0,0.0,2.0,1.0,1.0,0.0,2.0,1.0,0.0,2.0,0.0,2.0,2.0,1.0,0.0,2.0,2.0,1.0,2.0,2.0,1.0,0.0,0.0,1.0,0.0,0.0,0.0,0.0,1.0,0.0,0.0,2.0,2.0,1.0,1.0,1.0,1.0,2.0,0.0,2.0,0.0,2.0,2.0,2.0,0.0,2.0,0.0,1.0
3291,1.0,2.0,2.0,2.0,1.0,0.0,1.0,2.0,2.0,0.0,2.0,1.0,0.0,2.0,2.0,2.0,2.0,1.0,0.0,1.0,1.0,0.0,0.0,0.0,2.0,2.0,1.0,0.0,1.0,0.0,0.0,1.0,2.0,0.0,1.0,1.0,1.0,1.0,1.0,2.0,2.0,1.0,2.0,1.0,0.0,1.0,2.0,1.0,2.0,0.0,2.0,1.0,2.0,0.0,1.0,1.0,2.0,0.0,2.0,1.0,2.0,1.0,1.0,1.0,2.0,0.0,2.0,0.0,0.0,1.0,2.0,0.0,1.0,1.0,1.0,0.0,0.0,0.0,0.0,0.0,1.0,1.0,0.0,2.0,2.0,1.0,1.0,2.0,1.0,1.0,1.0,1.0,0.0,2.0,2.0,2.0,2.0,2.0,1.0,0.0
3298,1.0,0.0,2.0,0.0,0.0,0.0,2.0,2.0,2.0,1.0,0.0,0.0,0.0,2.0,1.0,2.0,2.0,2.0,1.0,0.0,2.0,0.0,1.0,1.0,2.0,1.0,1.0,1.0,2.0,1.0,0.0,2.0,1.0,0.0,1.0,0.0,2.0,1.0,0.0,0.0,2.0,1.0,2.0,1.0,0.0,1.0,2.0,1.0,1.0,0.0,0.0,0.0,2.0,0.0,1.0,1.0,2.0,0.0,2.0,2.0,1.0,1.0,0.0,2.0,2.0,0.0,1.0,1.0,2.0,1.0,1.0,2.0,0.0,0.0,1.0,1.0,0.0,0.0,0.0,0.0,1.0,0.0,1.0,0.0,2.0,1.0,0.0,1.0,0.0,2.0,2.0,2.0,0.0,2.0,1.0,2.0,1.0,1.0,1.0,1.0
3305,2.0,0.0,2.0,0.0,1.0,0.0,1.0,2.0,2.0,0.0,1.0,0.0,1.0,1.0,1.0,2.0,2.0,1.0,2.0,0.0,2.0,0.0,1.0,0.0,2.0,1.0,2.0,1.0,1.0,1.0,0.0,2.0,1.0,1.0,0.0,2.0,2.0,1.0,1.0,1.0,2.0,1.0,1.0,0.0,0.0,2.0,2.0,2.0,2.0,1.0,0.0,0.0,2.0,0.0,0.0,2.0,1.0,0.0,2.0,0.0,0.0,2.0,0.0,1.0,2.0,0.0,1.0,1.0,2.0,1.0,2.0,2.0,0.0,1.0,0.0,0.0,0.0,0.0,1.0,0.0,0.0,0.0,1.0,1.0,2.0,0.0,1.0,1.0,1.0,2.0,2.0,1.0,0.0,2.0,2.0,2.0,0.0,2.0,0.0,0.0
3313,2.0,0.0,2.0,0.0,2.0,0.0,1.0,2.0,1.0,0.0,1.0,0.0,2.0,2.0,0.0,2.0,2.0,0.0,2.0,2.0,2.0,0.0,2.0,1.0,2.0,2.0,2.0,1.0,1.0,0.0,0.0,2.0,1.0,1.0,1.0,1.0,2.0,2.0,2.0,1.0,2.0,1.0,1.0,1.0,0.0,0.0,2.0,2.0,2.0,0.0,0.0,0.0,2.0,0.0,1.0,1.0,1.0,0.0,2.0,2.0,1.0,2.0,0.0,2.0,2.0,0.0,1.0,1.0,2.0,2.0,2.0,2.0,0.0,1.0,1.0,0.0,0.0,0.0,0.0,0.0,1.0,0.0,0.0,2.0,2.0,0.0,2.0,1.0,0.0,2.0,2.0,2.0,0.0,2.0,2.0,1.0,0.0,2.0,1.0,0.0
3314,2.0,0.0,2.0,0.0,1.0,0.0,1.0,2.0,1.0,0.0,0.0,1.0,1.0,1.0,1.0,2.0,2.0,1.0,1.0,0.0,2.0,0.0,1.0,0.0,2.0,1.0,2.0,1.0,1.0,0.0,0.0,2.0,2.0,0.0,2.0,1.0,2.0,2.0,2.0,2.0,2.0,1.0,2.0,1.0,0.0,0.0,2.0,1.0,2.0,0.0,0.0,0.0,2.0,0.0,0.0,1.0,1.0,0.0,2.0,1.0,0.0,2.0,0.0,2.0,2.0,0.0,1.0,1.0,1.0,1.0,2.0,2.0,0.0,1.0,0.0,0.0,0.0,0.0,0.0,0.0,1.0,0.0,0.0,0.0,2.0,1.0,1.0,1.0,0.0,2.0,2.0,1.0,0.0,1.0,2.0,2.0,0.0,2.0,0.0,0.0
3326,2.0,1.0,2.0,1.0,1.0,0.0,1.0,1.0,2.0,2.0,0.0,0.0,1.0,2.0,2.0,2.0,1.0,1.0,1.0,1.0,2.0,0.0,1.0,0.0,2.0,2.0,2.0,2.0,1.0,1.0,0.0,2.0,0.0,1.0,0.0,0.0,1.0,2.0,1.0,0.0,2.0,0.0,2.0,1.0,0.0,0.0,2.0,1.0,2.0,1.0,0.0,0.0,2.0,0.0,2.0,0.0,0.0,0.0,2.0,1.0,1.0,2.0,1.0,1.0,2.0,0.0,0.0,2.0,1.0,0.0,2.0,2.0,1.0,0.0,0.0,0.0,2.0,0.0,1.0,0.0,1.0,1.0,0.0,2.0,2.0,0.0,2.0,2.0,1.0,2.0,1.0,2.0,0.0,2.0,2.0,2.0,0.0,2.0,0.0,1.0
3328,2.0,0.0,1.0,0.0,1.0,0.0,2.0,2.0,2.0,0.0,2.0,0.0,0.0,2.0,1.0,2.0,2.0,1.0,2.0,0.0,2.0,0.0,2.0,0.0,2.0,1.0,2.0,2.0,1.0,2.0,0.0,2.0,1.0,0.0,1.0,2.0,2.0,2.0,1.0,1.0,2.0,1.0,1.0,1.0,0.0,0.0,2.0,0.0,1.0,1.0,0.0,0.0,2.0,0.0,2.0,1.0,1.0,0.0,2.0,2.0,1.0,2.0,0.0,2.0,2.0,0.0,1.0,1.0,1.0,1.0,2.0,1.0,0.0,1.0,1.0,0.0,0.0,0.0,1.0,0.0,2.0,1.0,1.0,2.0,2.0,2.0,1.0,2.0,0.0,2.0,2.0,2.0,0.0,2.0,1.0,2.0,0.0,1.0,1.0,0.0
3329,1.0,0.0,1.0,1.0,0.0,0.0,0.0,2.0,2.0,1.0,1.0,1.0,0.0,2.0,2.0,2.0,2.0,2.0,2.0,2.0,1.0,0.0,0.0,0.0,2.0,2.0,2.0,1.0,1.0,1.0,0.0,2.0,1.0,0.0,0.0,0.0,1.0,2.0,0.0,1.0,2.0,1.0,2.0,0.0,0.0,0.0,2.0,1.0,0.0,0.0,0.0,0.0,2.0,0.0,2.0,0.0,1.0,0.0,2.0,1.0,0.0,1.0,0.0,1.0,2.0,0.0,0.0,1.0,1.0,0.0,2.0,1.0,0.0,1.0,0.0,0.0,1.0,0.0,1.0,0.0,2.0,1.0,0.0,1.0,2.0,1.0,0.0,1.0,1.0,2.0,1.0,2.0,1.0,2.0,1.0,2.0,1.0,2.0,1.0,1.0
3337,2.0,0.0,1.0,2.0,0.0,1.0,0.0,2.0,2.0,0.0,0.0,0.0,2.0,2.0,2.0,2.0,2.0,1.0,2.0,1.0,2.0,0.0,1.0,0.0,2.0,1.0,2.0,0.0,2.0,0.0,0.0,2.0,1.0,0.0,1.0,1.0,1.0,2.0,1.0,2.0,2.0,0.0,2.0,1.0,0.0,2.0,1.0,1.0,0.0,2.0,0.0,0.0,2.0,0.0,2.0,1.0,1.0,0.0,2.0,2.0,1.0,2.0,0.0,2.0,2.0,1.0,0.0,1.0,1.0,1.0,1.0,1.0,0.0,0.0,0.0,1.0,2.0,0.0,0.0,0.0,2.0,0.0,0.0,1.0,2.0,0.0,2.0,2.0,1.0,2.0,1.0,2.0,0.0,2.0,1.0,2.0,1.0,2.0,0.0,1.0
3338,0.0,1.0,2.0,1.0,2.0,1.0,2.0,1.0,2.0,1.0,2.0,1.0,1.0,2.0,1.0,2.0,1.0,1.0,1.0,1.0,1.0,0.0,0.0,1.0,1.0,0.0,1.0,0.0,1.0,1.0,0.0,2.0,0.0,0.0,0.0,2.0,1.0,2.0,1.0,2.0,2.0,0.0,2.0,2.0,1.0,1.0,2.0,1.0,1.0,0.0,0.0,0.0,1.0,0.0,2.0,2.0,2.0,0.0,2.0,1.0,2.0,2.0,2.0,1.0,1.0,0.0,2.0,0.0,2.0,1.0,2.0,1.0,0.0,0.0,1.0,0.0,1.0,1.0,1.0,0.0,2.0,1.0,0.0,1.0,2.0,2.0,0.0,2.0,0.0,1.0,1.0,0.0,0.0,1.0,2.0,2.0,2.0,2.0,1.0,1.0
3344,2.0,1.0,1.0,1.0,2.0,0.0,1.0,2.0,1.0,0.0,0.0,0.0,2.0,2.0,2.0,2.0,2.0,1.0,2.0,1.0,1.0,0.0,1.0,1.0,2.0,1.0,2.0,1.0,2.0,0.0,0.0,2.0,0.0,0.0,0.0,1.0,1.0,2.0,2.0,1.0,2.0,1.0,2.0,2.0,0.0,0.0,1.0,1.0,1.0,1.0,0.0,0.0,2.0,0.0,2.0,2.0,1.0,0.0,2.0,1.0,2.0,2.0,1.0,1.0,2.0,0.0,1.0,2.0,2.0,0.0,2.0,2.0,1.0,0.0,0.0,0.0,1.0,0.0,0.0,0.0,2.0,0.0,1.0,1.0,2.0,0.0,1.0,1.0,0.0,2.0,1.0,1.0,0.0,1.0,1.0,1.0,0.0,2.0,1.0,0.0
3345,2.0,0.0,1.0,0.0,0.0,0.0,1.0,2.0,1.0,0.0,1.0,0.0,1.0,2.0,2.0,2.0,2.0,1.0,2.0,0.0,1.0,0.0,2.0,1.0,2.0,2.0,2.0,1.0,2.0,1.0,0.0,2.0,1.0,0.0,0.0,2.0,2.0,2.0,2.0,1.0,2.0,1.0,2.0,0.0,0.0,1.0,2.0,1.0,1.0,0.0,0.0,0.0,2.0,0.0,2.0,2.0,2.0,0.0,2.0,2.0,0.0,2.0,0.0,2.0,2.0,0.0,1.0,1.0,2.0,1.0,1.0,2.0,0.0,0.0,1.0,0.0,0.0,0.0,0.0,0.0,0.0,0.0,0.0,1.0,2.0,1.0,1.0,1.0,2.0,2.0,2.0,2.0,0.0,2.0,1.0,2.0,2.0,2.0,1.0,0.0
3347,2.0,0.0,1.0,0.0,2.0,0.0,1.0,2.0,2.0,0.0,1.0,1.0,1.0,2.0,2.0,1.0,1.0,2.0,2.0,1.0,2.0,0.0,2.0,1.0,2.0,2.0,2.0,1.0,0.0,1.0,0.0,2.0,1.0,0.0,0.0,1.0,2.0,1.0,1.0,0.0,2.0,0.0,2.0,1.0,0.0,1.0,2.0,1.0,2.0,2.0,0.0,0.0,2.0,0.0,2.0,1.0,0.0,0.0,2.0,2.0,0.0,2.0,0.0,2.0,2.0,1.0,2.0,2.0,2.0,1.0,2.0,2.0,0.0,1.0,0.0,1.0,1.0,0.0,0.0,0.0,2.0,0.0,1.0,2.0,2.0,1.0,2.0,2.0,1.0,2.0,1.0,2.0,0.0,2.0,1.0,1.0,2.0,2.0,2.0,0.0
3349,2.0,0.0,1.0,0.0,1.0,0.0,1.0,2.0,2.0,0.0,1.0,1.0,1.0,2.0,1.0,2.0,2.0,1.0,2.0,0.0,2.0,0.0,1.0,0.0,2.0,1.0,2.0,0.0,1.0,2.0,0.0,2.0,0.0,0.0,2.0,1.0,2.0,2.0,2.0,0.0,2.0,1.0,2.0,1.0,0.0,1.0,1.0,0.0,1.0,1.0,0.0,0.0,2.0,1.0,2.0,2.0,1.0,0.0,2.0,2.0,0.0,2.0,0.0,2.0,2.0,0.0,1.0,1.0,1.0,0.0,1.0,2.0,0.0,0.0,2.0,0.0,0.0,0.0,0.0,0.0,2.0,0.0,1.0,0.0,2.0,2.0,0.0,2.0,0.0,2.0,2.0,2.0,0.0,2.0,2.0,2.0,1.0,1.0,1.0,2.0
3352,2.0,0.0,0.0,2.0,1.0,1.0,0.0,1.0,1.0,0.0,1.0,1.0,0.0,2.0,2.0,1.0,2.0,0.0,1.0,1.0,2.0,0.0,1.0,0.0,2.0,0.0,2.0,0.0,2.0,0.0,0.0,2.0,0.0,0.0,0.0,2.0,2.0,2.0,2.0,0.0,2.0,0.0,1.0,1.0,0.0,1.0,2.0,0.0,2.0,0.0,0.0,0.0,2.0,0.0,1.0,0.0,2.0,1.0,2.0,2.0,0.0,2.0,0.0,1.0,2.0,0.0,2.0,1.0,2.0,1.0,2.0,1.0,1.0,0.0,0.0,0.0,1.0,0.0,0.0,0.0,1.0,0.0,0.0,2.0,2.0,0.0,1.0,2.0,2.0,2.0,1.0,2.0,0.0,1.0,1.0,1.0,0.0,2.0,2.0,1.0
3354,2.0,0.0,0.0,1.0,1.0,1.0,0.0,1.0,1.0,0.0,0.0,1.0,1.0,2.0,2.0,2.0,2.0,1.0,2.0,2.0,2.0,0.0,2.0,0.0,2.0,0.0,2.0,0.0,1.0,0.0,0.0,2.0,0.0,1.0,1.0,1.0,2.0,2.0,2.0,0.0,2.0,2.0,1.0,0.0,0.0,1.0,2.0,1.0,2.0,0.0,0.0,0.0,2.0,0.0,1.0,0.0,2.0,0.0,2.0,2.0,1.0,2.0,0.0,2.0,2.0,0.0,1.0,1.0,1.0,1.0,2.0,2.0,1.0,0.0,0.0,1.0,1.0,0.0,0.0,0.0,1.0,0.0,0.0,2.0,2.0,1.0,1.0,2.0,1.0,2.0,0.0,2.0,0.0,1.0,2.0,1.0,0.0,2.0,1.0,1.0
3356,2.0,1.0,2.0,1.0,1.0,0.0,1.0,1.0,1.0,1.0,1.0,1.0,0.0,2.0,2.0,2.0,2.0,1.0,1.0,2.0,2.0,0.0,2.0,0.0,2.0,1.0,2.0,1.0,1.0,0.0,0.0,1.0,0.0,1.0,0.0,2.0,1.0,1.0,2.0,1.0,2.0,1.0,1.0,1.0,0.0,1.0,2.0,1.0,0.0,0.0,0.0,0.0,2.0,0.0,1.0,1.0,2.0,0.0,2.0,1.0,0.0,2.0,0.0,2.0,2.0,1.0,2.0,2.0,2.0,0.0,2.0,1.0,0.0,1.0,0.0,1.0,1.0,0.0,0.0,0.0,2.0,0.0,0.0,1.0,1.0,0.0,2.0,1.0,0.0,2.0,1.0,2.0,1.0,2.0,1.0,0.0,1.0,2.0,1.0,2.0
3360,2.0,0.0,1.0,2.0,0.0,0.0,0.0,2.0,1.0,1.0,1.0,0.0,1.0,2.0,1.0,2.0,2.0,1.0,0.0,2.0,2.0,0.0,1.0,0.0,2.0,0.0,2.0,1.0,1.0,1.0,0.0,2.0,0.0,1.0,0.0,1.0,1.0,1.0,1.0,1.0,2.0,1.0,2.0,1.0,0.0,1.0,2.0,1.0,0.0,1.0,0.0,0.0,2.0,0.0,1.0,2.0,1.0,0.0,2.0,2.0,1.0,2.0,0.0,1.0,2.0,1.0,1.0,2.0,2.0,2.0,2.0,1.0,0.0,1.0,0.0,0.0,2.0,0.0,0.0,0.0,2.0,0.0,0.0,2.0,2.0,0.0,2.0,1.0,0.0,2.0,1.0,2.0,0.0,2.0,2.0,2.0,2.0,2.0,0.0,1.0
3361,2.0,0.0,2.0,1.0,0.0,0.0,0.0,2.0,2.0,0.0,0.0,0.0,2.0,2.0,1.0,2.0,2.0,1.0,0.0,0.0,1.0,0.0,2.0,0.0,2.0,0.0,2.0,1.0,2.0,0.0,0.0,1.0,0.0,0.0,1.0,2.0,1.0,1.0,1.0,0.0,2.0,2.0,2.0,1.0,0.0,1.0,2.0,2.0,0.0,1.0,0.0,0.0,2.0,0.0,2.0,0.0,2.0,0.0,2.0,1.0,2.0,2.0,0.0,1.0,2.0,0.0,1.0,0.0,1.0,1.0,2.0,1.0,0.0,1.0,0.0,0.0,1.0,0.0,1.0,0.0,0.0,0.0,0.0,2.0,2.0,1.0,2.0,2.0,0.0,2.0,0.0,1.0,1.0,1.0,1.0,2.0,1.0,2.0,0.0,0.0
3383,2.0,2.0,2.0,1.0,0.0,1.0,1.0,1.0,1.0,1.0,0.0,1.0,1.0,1.0,1.0,2.0,2.0,2.0,1.0,2.0,2.0,0.0,2.0,2.0,2.0,2.0,2.0,1.0,1.0,1.0,0.0,2.0,0.0,1.0,1.0,1.0,2.0,2.0,1.0,1.0,2.0,1.0,1.0,1.0,0.0,1.0,1.0,1.0,0.0,1.0,0.0,0.0,2.0,1.0,2.0,0.0,2.0,1.0,1.0,2.0,0.0,2.0,1.0,2.0,2.0,0.0,0.0,1.0,1.0,1.0,1.0,1.0,0.0,0.0,0.0,0.0,0.0,0.0,1.0,0.0,0.0,1.0,0.0,1.0,1.0,1.0,1.0,1.0,0.0,2.0,2.0,2.0,0.0,2.0,1.0,2.0,1.0,2.0,1.0,1.0
3386,1.0,1.0,1.0,0.0,1.0,0.0,0.0,2.0,1.0,0.0,1.0,0.0,1.0,2.0,2.0,2.0,2.0,1.0,1.0,1.0,1.0,0.0,0.0,1.0,2.0,0.0,1.0,2.0,2.0,1.0,0.0,2.0,1.0,0.0,2.0,0.0,2.0,1.0,0.0,0.0,2.0,1.0,1.0,1.0,0.0,1.0,2.0,2.0,2.0,1.0,0.0,0.0,2.0,0.0,2.0,0.0,2.0,0.0,2.0,2.0,1.0,2.0,0.0,2.0,2.0,0.0,1.0,1.0,2.0,0.0,2.0,1.0,1.0,1.0,1.0,0.0,1.0,0.0,1.0,0.0,1.0,0.0,0.0,0.0,2.0,1.0,2.0,1.0,0.0,2.0,1.0,2.0,0.0,2.0,1.0,2.0,1.0,1.0,1.0,1.0
3387,2.0,1.0,1.0,0.0,1.0,0.0,0.0,2.0,2.0,0.0,1.0,0.0,1.0,2.0,2.0,2.0,2.0,1.0,1.0,0.0,1.0,0.0,0.0,1.0,2.0,0.0,2.0,1.0,2.0,1.0,0.0,1.0,2.0,0.0,2.0,0.0,2.0,0.0,1.0,2.0,2.0,1.0,1.0,1.0,0.0,1.0,2.0,2.0,2.0,1.0,0.0,0.0,2.0,0.0,2.0,0.0,2.0,0.0,2.0,2.0,1.0,2.0,0.0,2.0,2.0,0.0,0.0,1.0,2.0,1.0,2.0,2.0,1.0,2.0,1.0,0.0,0.0,0.0,0.0,0.0,1.0,0.0,0.0,0.0,2.0,2.0,2.0,1.0,1.0,2.0,2.0,2.0,0.0,2.0,1.0,2.0,1.0,1.0,2.0,1.0
3388,2.0,1.0,1.0,1.0,1.0,1.0,1.0,1.0,1.0,1.0,1.0,0.0,2.0,1.0,1.0,2.0,2.0,1.0,2.0,0.0,1.0,0.0,2.0,0.0,2.0,0.0,2.0,0.0,2.0,1.0,0.0,2.0,0.0,0.0,1.0,2.0,2.0,2.0,1.0,2.0,2.0,2.0,0.0,1.0,0.0,1.0,2.0,2.0,1.0,1.0,0.0,0.0,2.0,0.0,2.0,0.0,2.0,0.0,2.0,2.0,1.0,2.0,0.0,2.0,2.0,0.0,1.0,1.0,1.0,1.0,2.0,2.0,1.0,0.0,0.0,1.0,2.0,0.0,0.0,0.0,0.0,0.0,0.0,2.0,2.0,0.0,1.0,2.0,0.0,2.0,1.0,1.0,0.0,2.0,1.0,2.0,0.0,2.0,0.0,2.0
3390,2.0,1.0,1.0,1.0,1.0,1.0,2.0,0.0,2.0,1.0,0.0,1.0,2.0,2.0,2.0,2.0,2.0,1.0,0.0,2.0,2.0,0.0,1.0,1.0,2.0,0.0,2.0,1.0,2.0,0.0,0.0,2.0,0.0,1.0,0.0,0.0,1.0,2.0,1.0,2.0,2.0,1.0,2.0,1.0,0.0,0.0,2.0,2.0,0.0,0.0,0.0,0.0,1.0,0.0,2.0,0.0,2.0,0.0,2.0,2.0,2.0,1.0,1.0,1.0,2.0,0.0,1.0,1.0,1.0,2.0,2.0,1.0,0.0,0.0,2.0,0.0,2.0,0.0,1.0,0.0,2.0,0.0,0.0,0.0,2.0,2.0,1.0,2.0,1.0,2.0,1.0,1.0,0.0,1.0,2.0,2.0,1.0,2.0,1.0,1.0
3395,2.0,0.0,1.0,2.0,0.0,0.0,2.0,1.0,1.0,0.0,0.0,0.0,1.0,2.0,2.0,2.0,2.0,1.0,1.0,0.0,1.0,0.0,1.0,0.0,2.0,1.0,2.0,2.0,0.0,1.0,0.0,2.0,1.0,0.0,0.0,0.0,0.0,0.0,2.0,1.0,2.0,0.0,2.0,0.0,0.0,0.0,1.0,2.0,0.0,1.0,0.0,0.0,2.0,0.0,2.0,1.0,2.0,0.0,2.0,2.0,2.0,2.0,0.0,1.0,2.0,2.0,1.0,1.0,1.0,0.0,2.0,2.0,0.0,2.0,1.0,1.0,1.0,0.0,0.0,0.0,1.0,0.0,1.0,0.0,2.0,0.0,2.0,2.0,0.0,2.0,1.0,1.0,0.0,2.0,1.0,2.0,0.0,2.0,2.0,1.0
3405,2.0,1.0,2.0,2.0,0.0,1.0,1.0,2.0,2.0,0.0,1.0,2.0,1.0,2.0,1.0,2.0,2.0,2.0,1.0,1.0,1.0,0.0,1.0,1.0,2.0,2.0,2.0,1.0,1.0,0.0,0.0,2.0,0.0,1.0,1.0,1.0,0.0,1.0,2.0,2.0,2.0,1.0,1.0,0.0,0.0,0.0,0.0,1.0,1.0,0.0,0.0,0.0,2.0,0.0,2.0,0.0,2.0,0.0,2.0,2.0,0.0,2.0,1.0,2.0,2.0,2.0,0.0,2.0,2.0,2.0,1.0,1.0,0.0,1.0,0.0,1.0,1.0,0.0,0.0,0.0,1.0,0.0,1.0,0.0,2.0,1.0,2.0,2.0,1.0,2.0,1.0,1.0,1.0,2.0,2.0,2.0,0.0,2.0,1.0,0.0
3409,1.0,0.0,0.0,0.0,2.0,0.0,0.0,1.0,2.0,1.0,1.0,0.0,2.0,2.0,2.0,2.0,2.0,1.0,1.0,0.0,1.0,0.0,1.0,0.0,2.0,1.0,2.0,0.0,2.0,1.0,0.0,2.0,1.0,0.0,1.0,2.0,2.0,1.0,1.0,1.0,2.0,1.0,1.0,0.0,0.0,0.0,2.0,2.0,1.0,0.0,0.0,0.0,2.0,0.0,2.0,0.0,2.0,0.0,2.0,2.0,0.0,2.0,0.0,2.0,2.0,0.0,2.0,1.0,2.0,1.0,2.0,1.0,1.0,1.0,0.0,0.0,1.0,0.0,1.0,0.0,2.0,0.0,0.0,1.0,2.0,1.0,2.0,2.0,1.0,2.0,1.0,2.0,0.0,2.0,1.0,2.0,1.0,2.0,2.0,1.0
3416,2.0,0.0,0.0,0.0,2.0,0.0,2.0,2.0,2.0,0.0,2.0,1.0,0.0,2.0,1.0,2.0,2.0,1.0,2.0,0.0,2.0,0.0,1.0,0.0,2.0,1.0,2.0,0.0,2.0,1.0,0.0,1.0,1.0,1.0,0.0,1.0,2.0,1.0,1.0,0.0,2.0,0.0,2.0,0.0,0.0,1.0,2.0,1.0,2.0,0.0,1.0,0.0,2.0,0.0,2.0,0.0,1.0,0.0,2.0,2.0,0.0,2.0,0.0,2.0,2.0,0.0,2.0,2.0,2.0,0.0,2.0,2.0,1.0,0.0,1.0,1.0,1.0,0.0,1.0,0.0,2.0,0.0,0.0,1.0,2.0,1.0,2.0,1.0,2.0,2.0,1.0,2.0,0.0,0.0,0.0,2.0,1.0,2.0,1.0,1.0
3418,1.0,0.0,2.0,0.0,1.0,0.0,1.0,2.0,2.0,1.0,1.0,0.0,0.0,2.0,2.0,2.0,2.0,2.0,2.0,0.0,1.0,0.0,1.0,0.0,2.0,1.0,1.0,1.0,1.0,2.0,0.0,2.0,1.0,1.0,0.0,2.0,2.0,1.0,0.0,1.0,2.0,2.0,2.0,1.0,0.0,0.0,2.0,2.0,1.33,0.0,0.0,0.0,2.0,0.0,1.0,0.0,1.0,0.0,2.0,2.0,1.0,1.0,0.0,1.0,2.0,0.0,1.0,1.0,1.0,1.0,2.0,2.0,0.0,1.0,1.0,0.0,0.0,0.0,0.0,0.0,1.0,2.0,0.0,1.0,2.0,0.0,1.0,1.0,1.0,2.0,2.0,0.0,0.0,2.0,2.0,2.0,1.0,2.0,1.0,1.0
3423,1.0,1.0,1.0,1.0,0.0,0.0,1.0,1.0,2.0,0.0,0.0,0.0,1.0,1.0,2.0,2.0,2.0,0.0,1.0,0.0,2.0,0.0,2.0,0.0,2.0,2.0,2.0,1.0,2.0,1.0,0.0,2.0,1.0,0.0,1.0,2.0,1.0,2.0,1.0,2.0,1.0,0.0,1.0,1.0,0.0,2.0,2.0,1.0,2.0,1.0,0.0,0.0,2.0,0.0,1.0,1.0,2.0,0.0,2.0,2.0,1.0,2.0,0.0,2.0,2.0,1.0,1.0,1.0,1.0,1.0,2.0,2.0,0.0,1.0,0.0,1.0,1.0,0.0,0.0,0.0,2.0,0.0,0.0,0.0,2.0,1.0,2.0,1.0,2.0,2.0,0.0,1.0,0.0,2.0,1.0,2.0,1.0,2.0,2.0,0.0
3427,0.0,1.0,1.0,1.0,1.0,0.0,1.0,1.0,2.0,2.0,1.0,1.0,0.0,2.0,2.0,1.0,2.0,0.0,1.0,1.0,1.0,0.0,0.0,1.0,2.0,0.0,1.0,0.0,2.0,2.0,0.0,1.0,1.0,0.0,0.0,1.0,2.0,1.0,1.0,2.0,2.0,0.0,2.0,1.0,0.0,0.0,2.0,1.0,1.0,0.0,1.0,0.0,1.0,0.0,1.0,2.0,1.0,0.0,2.0,2.0,2.0,2.0,1.0,1.0,2.0,0.0,2.0,0.0,2.0,0.0,2.0,1.0,0.0,1.0,1.0,0.0,0.0,0.0,2.0,0.0,1.0,1.0,0.0,1.0,2.0,2.0,2.0,2.0,0.0,1.0,1.0,1.0,1.0,2.0,1.0,2.0,1.0,2.0,1.0,1.0
3429,0.0,1.0,1.0,1.0,1.0,0.0,1.0,1.0,2.0,0.0,1.0,1.0,1.0,2.0,1.0,1.0,2.0,0.0,1.0,0.0,1.0,1.0,0.0,1.0,2.0,1.0,1.0,1.0,2.0,2.0,0.0,2.0,1.0,1.0,0.0,2.0,1.0,0.0,2.0,2.0,2.0,1.0,2.0,2.0,1.0,1.0,2.0,1.0,1.0,0.0,1.0,0.0,1.0,0.0,1.0,2.0,1.0,0.0,2.0,2.0,1.0,2.0,1.0,2.0,2.0,0.0,1.0,1.0,2.0,0.0,2.0,1.0,0.0,2.0,1.0,0.0,1.0,0.0,1.0,0.0,2.0,1.0,1.0,1.0,2.0,2.0,1.0,2.0,0.0,2.0,1.0,1.0,1.0,2.0,1.0,2.0,2.0,2.0,0.0,0.0
3431,0.0,2.0,1.0,1.0,1.0,0.0,1.0,2.0,2.0,1.0,1.0,1.0,0.0,2.0,2.0,1.0,2.0,0.0,1.0,2.0,0.0,0.0,0.0,1.0,2.0,2.0,1.0,0.0,2.0,1.0,0.0,1.0,2.0,0.0,0.0,2.0,1.0,1.0,1.0,2.0,2.0,0.0,2.0,1.0,0.0,0.0,2.0,1.0,0.84,0.0,1.0,0.0,2.0,0.0,1.0,2.0,2.0,0.0,2.0,2.0,1.0,2.0,1.0,1.0,2.0,0.0,1.0,1.0,1.0,0.0,2.0,1.0,0.0,1.0,1.0,0.0,1.0,0.0,0.0,0.0,1.0,1.0,0.0,1.0,2.0,2.0,1.0,2.0,1.0,0.0,1.0,1.0,1.0,2.0,2.0,2.0,2.0,2.0,0.0,1.0
3445,1.0,2.0,2.0,0.0,1.0,0.0,1.0,2.0,2.0,2.0,0.0,1.0,1.0,1.0,2.0,2.0,2.0,0.0,0.0,2.0,2.0,0.0,1.0,0.0,2.0,1.0,0.0,0.0,2.0,0.0,0.0,0.0,1.0,0.0,1.0,1.0,2.0,0.0,1.0,1.0,2.0,1.0,2.0,0.0,1.0,2.0,1.0,0.0,2.0,0.0,0.0,0.0,2.0,0.0,1.0,2.0,2.0,0.0,2.0,2.0,1.0,2.0,1.0,2.0,2.0,0.0,2.0,2.0,0.0,1.0,2.0,1.0,0.0,2.0,2.0,1.0,0.0,0.0,2.0,0.0,1.0,0.0,0.0,2.0,2.0,2.0,1.0,2.0,1.0,1.0,2.0,1.0,0.0,2.0,2.0,2.0,2.0,2.0,1.0,1.0
3448,2.0,0.0,1.0,0.0,0.0,0.0,0.0,1.0,1.0,0.0,0.0,0.0,2.0,1.0,2.0,2.0,2.0,1.0,0.0,0.0,2.0,0.0,0.0,0.0,2.0,1.0,2.0,1.0,0.0,1.0,0.0,2.0,1.0,0.0,1.0,2.0,2.0,2.0,1.0,1.0,2.0,2.0,1.0,1.0,0.0,1.0,2.0,2.0,0.0,0.0,0.0,0.0,2.0,0.0,1.0,1.0,2.0,0.0,2.0,2.0,1.0,2.0,0.0,2.0,2.0,0.0,2.0,0.0,2.0,0.0,2.0,2.0,0.0,0.0,0.0,0.0,2.0,0.0,0.0,0.0,2.0,0.0,0.0,0.0,2.0,1.0,2.0,1.0,1.0,2.0,1.0,1.0,0.0,2.0,0.0,2.0,2.0,2.0,0.0,2.0
3449,2.0,1.0,2.0,1.0,1.0,0.0,0.0,2.0,0.0,0.0,1.0,0.0,0.0,2.0,2.0,1.0,2.0,1.0,0.0,2.0,2.0,0.0,1.0,2.0,2.0,0.0,2.0,1.0,1.0,1.0,0.0,1.0,1.0,1.0,0.0,1.0,1.0,2.0,1.0,2.0,2.0,1.0,1.0,1.0,0.0,0.0,2.0,2.0,2.0,2.0,0.0,0.0,2.0,0.0,1.0,0.0,2.0,0.0,2.0,1.0,2.0,2.0,0.0,0.0,2.0,0.0,2.0,1.0,2.0,0.0,1.0,2.0,0.0,0.0,1.0,1.0,0.0,0.0,1.0,0.0,1.0,0.0,2.0,1.0,1.0,0.0,1.0,0.0,1.0,2.0,0.0,2.0,0.0,2.0,0.0,2.0,1.0,2.0,0.0,1.0
3464,2.0,1.0,2.0,0.0,2.0,0.0,1.0,2.0,1.0,0.0,1.0,0.0,1.0,2.0,1.0,1.0,2.0,1.0,1.0,1.0,1.0,0.0,0.0,1.0,2.0,0.0,2.0,1.0,2.0,1.0,0.0,2.0,1.0,0.0,0.0,0.0,2.0,1.0,1.0,2.0,1.0,1.0,1.0,1.0,0.0,1.0,2.0,2.0,1.0,1.0,0.0,0.0,2.0,0.0,2.0,0.0,1.0,0.0,2.0,2.0,1.0,2.0,0.0,2.0,2.0,0.0,1.0,0.0,2.0,0.0,1.0,2.0,0.0,1.0,0.0,0.0,0.0,0.0,1.0,0.0,1.0,0.0,1.0,0.0,2.0,0.0,2.0,0.0,2.0,2.0,0.0,2.0,0.0,1.0,1.0,2.0,2.0,2.0,0.0,0.0
3465,1.0,0.0,0.0,0.0,1.0,0.0,2.0,2.0,1.0,0.0,1.0,0.0,2.0,1.0,1.0,2.0,2.0,2.0,1.0,0.0,2.0,0.0,1.0,0.0,2.0,0.0,2.0,0.0,2.0,2.0,0.0,2.0,1.0,0.0,0.0,1.0,1.0,2.0,1.0,1.0,2.0,0.0,1.0,1.0,0.0,1.0,1.0,2.0,1.0,1.0,0.0,0.0,2.0,0.0,2.0,0.0,1.0,0.0,2.0,2.0,1.0,1.0,0.0,2.0,2.0,0.0,1.0,1.0,2.0,2.0,2.0,1.0,0.0,0.0,0.0,0.0,0.0,0.0,0.0,0.0,2.0,1.0,1.0,1.0,2.0,1.0,2.0,2.0,1.0,2.0,1.0,2.0,0.0,1.0,2.0,1.0,0.0,2.0,2.0,2.0
3478,2.0,0.0,2.0,2.0,0.0,0.0,1.0,2.0,2.0,2.0,1.0,0.0,2.0,2.0,2.0,1.0,2.0,0.0,2.0,1.0,0.0,0.0,1.0,0.0,2.0,1.0,1.0,1.0,1.0,1.0,0.0,1.0,1.0,0.0,0.0,1.0,1.0,2.0,1.0,2.0,2.0,0.0,2.0,1.0,0.0,0.0,1.0,2.0,1.0,0.0,1.0,0.0,2.0,0.0,2.0,0.0,2.0,0.0,2.0,2.0,0.0,2.0,1.0,0.0,2.0,0.0,1.0,0.0,1.0,0.0,2.0,2.0,0.0,0.0,1.0,1.0,1.0,0.0,0.0,0.0,2.0,0.0,0.0,0.0,2.0,0.0,2.0,2.0,0.0,2.0,1.0,1.0,0.0,2.0,2.0,2.0,2.0,2.0,1.0,0.0
3480,2.0,1.0,1.0,2.0,0.0,0.0,1.0,2.0,2.0,0.0,1.0,1.0,2.0,2.0,2.0,1.0,2.0,0.0,1.0,1.0,1.0,0.0,1.0,0.0,2.0,0.0,2.0,0.0,1.0,1.0,0.0,2.0,1.0,0.0,0.0,1.0,1.0,1.0,1.0,2.0,2.0,0.0,1.0,1.0,1.0,0.0,2.0,2.0,1.0,0.0,1.0,0.0,2.0,0.0,1.0,0.0,2.0,0.0,2.0,2.0,1.0,2.0,0.0,0.0,2.0,0.0,0.0,1.0,1.0,1.0,2.0,2.0,0.0,1.0,0.0,1.0,1.0,0.0,0.0,0.0,2.0,1.0,0.0,1.0,2.0,0.0,2.0,2.0,1.0,2.0,0.0,1.0,1.0,2.0,2.0,2.0,1.0,2.0,2.0,0.0
3487,0.0,0.0,1.0,1.0,0.0,0.0,2.0,1.0,2.0,2.0,0.0,1.0,1.0,2.0,2.0,2.0,2.0,1.0,1.0,1.0,1.0,0.0,0.0,1.0,2.0,1.0,1.0,1.0,1.0,1.0,0.0,2.0,1.0,0.0,0.0,1.0,2.0,2.0,0.0,2.0,2.0,1.0,2.0,1.0,1.0,1.0,2.0,0.0,2.0,2.0,0.0,0.0,2.0,0.0,2.0,1.0,2.0,0.0,2.0,2.0,1.0,2.0,0.0,1.0,1.0,0.0,1.0,1.0,1.0,1.0,2.0,1.0,0.0,0.0,1.0,0.0,0.0,0.0,0.0,0.0,2.0,1.0,0.0,1.0,2.0,1.0,2.0,2.0,1.0,2.0,1.0,1.0,0.0,2.0,1.0,1.0,2.0,2.0,0.0,0.0
3490,2.0,0.0,0.0,2.0,1.0,1.0,1.0,2.0,1.0,2.0,0.0,0.0,0.0,2.0,2.0,2.0,2.0,2.0,0.0,2.0,1.0,0.0,1.0,1.0,2.0,0.0,1.0,0.0,1.0,0.0,0.0,1.0,1.0,1.0,1.0,1.0,1.0,2.0,1.0,1.0,2.0,1.0,2.0,1.0,0.0,1.0,2.0,2.0,0.0,1.0,0.0,0.0,2.0,0.0,1.0,1.0,1.0,0.0,2.0,2.0,0.0,2.0,0.0,1.0,2.0,0.0,1.0,0.0,1.0,1.0,1.0,2.0,1.0,0.0,0.0,0.0,1.0,0.0,0.0,0.0,2.0,0.0,0.0,2.0,2.0,0.0,1.0,1.0,2.0,2.0,0.0,2.0,0.0,2.0,1.0,2.0,1.0,2.0,2.0,0.0
3495,2.0,0.0,1.0,1.0,0.0,0.0,2.0,2.0,0.0,1.0,1.0,0.0,1.0,1.0,2.0,2.0,1.0,1.0,0.0,1.0,1.0,0.0,1.0,1.0,2.0,2.0,2.0,2.0,1.0,2.0,0.0,1.0,0.0,0.0,1.0,1.0,2.0,1.0,1.0,0.0,2.0,2.0,2.0,1.0,0.0,0.0,2.0,1.0,0.0,1.0,0.0,0.0,2.0,0.0,2.0,0.0,1.0,0.0,2.0,2.0,1.0,2.0,2.0,1.0,2.0,0.0,0.0,1.0,2.0,1.0,1.0,1.0,0.0,2.0,0.0,0.0,1.0,0.0,0.0,0.0,1.0,1.0,1.0,1.0,2.0,0.0,2.0,2.0,0.0,2.0,2.0,2.0,0.0,2.0,2.0,2.0,2.0,2.0,1.0,2.0
3500,2.0,2.0,1.0,1.0,0.0,0.0,1.0,2.0,2.0,0.0,1.0,0.0,2.0,2.0,1.0,2.0,2.0,0.0,1.0,0.0,0.0,0.0,1.0,0.0,2.0,2.0,1.0,1.0,1.0,0.0,0.0,1.0,1.0,1.0,1.0,1.0,2.0,2.0,2.0,2.0,2.0,1.0,0.0,1.0,0.0,0.0,2.0,1.0,1.0,1.0,0.0,0.0,2.0,0.0,2.0,0.0,1.0,0.0,2.0,2.0,1.0,2.0,1.0,2.0,1.0,0.0,1.0,1.0,1.0,1.0,1.0,1.0,0.0,0.0,1.0,0.0,1.0,0.0,0.0,0.0,2.0,0.0,0.0,1.0,2.0,1.0,2.0,1.0,1.0,1.0,1.0,1.0,1.0,2.0,1.0,2.0,1.0,2.0,0.0,0.0
3507,2.0,1.0,1.0,0.0,0.0,0.0,2.0,2.0,2.0,2.0,1.0,0.0,0.0,2.0,2.0,2.0,2.0,0.0,2.0,1.0,2.0,0.0,1.0,1.0,2.0,2.0,2.0,2.0,2.0,1.0,0.0,0.0,1.0,0.0,1.0,1.0,2.0,1.0,0.0,1.0,2.0,0.0,1.0,1.0,0.0,0.0,2.0,1.0,1.0,0.0,0.0,0.0,2.0,0.0,2.0,0.0,0.0,0.0,2.0,2.0,1.0,2.0,1.0,0.0,2.0,0.0,2.0,1.0,1.0,1.0,2.0,2.0,0.0,1.0,1.0,1.0,0.0,0.0,2.0,0.0,2.0,0.0,0.0,1.0,2.0,1.0,0.0,2.0,1.0,2.0,1.0,1.0,0.0,2.0,1.0,2.0,0.0,2.0,0.0,1.0
3511,2.0,1.0,1.0,1.0,0.0,1.0,2.0,2.0,1.0,0.0,0.0,0.0,1.0,2.0,2.0,2.0,1.0,0.0,1.0,0.0,2.0,0.0,0.0,0.0,2.0,0.0,2.0,2.0,0.0,1.0,0.0,1.0,0.0,1.0,0.0,1.0,2.0,1.0,2.0,0.0,2.0,1.0,1.0,0.0,0.0,0.0,2.0,1.0,2.0,0.0,0.0,0.0,2.0,0.0,2.0,0.0,1.0,0.0,2.0,2.0,0.0,2.0,1.0,1.0,2.0,0.0,1.0,0.0,1.0,0.0,2.0,0.0,0.0,1.0,1.0,2.0,1.0,0.0,0.0,0.0,1.0,0.0,1.0,1.0,2.0,0.0,2.0,0.0,1.0,2.0,1.0,2.0,0.0,2.0,2.0,2.0,1.0,2.0,0.0,0.0
3521,0.0,0.0,0.0,1.0,1.0,0.0,1.0,0.0,2.0,1.0,1.0,1.0,0.0,2.0,2.0,1.0,2.0,1.0,1.0,2.0,1.0,0.0,1.0,2.0,2.0,0.0,2.0,0.0,1.0,0.0,0.0,2.0,2.0,0.0,1.0,0.0,2.0,2.0,1.0,1.0,1.0,1.0,2.0,0.0,1.0,1.0,2.0,1.0,2.0,1.0,1.0,0.0,2.0,0.0,1.0,2.0,2.0,0.0,2.0,2.0,0.0,1.0,1.0,2.0,2.0,0.0,0.0,1.0,1.0,1.0,2.0,1.0,0.0,0.0,1.0,1.0,1.0,0.0,0.0,0.0,2.0,1.0,0.0,1.0,2.0,1.0,1.0,2.0,1.0,1.0,1.0,1.0,0.0,2.0,1.0,2.0,1.0,2.0,0.0,0.0
3526,0.0,1.0,1.0,1.0,1.0,2.0,1.0,1.0,1.0,0.0,0.0,1.0,1.0,1.0,0.0,1.0,1.0,2.0,1.0,1.0,1.0,0.0,1.0,0.0,2.0,2.0,0.0,0.0,1.0,1.0,1.0,2.0,2.0,0.0,1.0,0.0,1.0,2.0,0.0,2.0,2.0,2.0,1.0,0.0,0.0,0.0,2.0,1.0,2.0,0.0,1.0,0.0,2.0,0.0,0.0,0.0,2.0,0.0,2.0,2.0,1.0,2.0,1.0,2.0,1.0,0.0,0.0,0.0,0.0,1.0,1.0,2.0,0.0,0.0,2.0,0.0,2.0,0.0,0.0,0.0,2.0,2.0,0.0,1.0,2.0,2.0,1.0,1.0,2.0,2.0,1.0,1.0,1.0,2.0,1.0,2.0,0.0,2.0,0.0,1.0
3534,2.0,0.0,2.0,1.0,2.0,0.0,2.0,2.0,1.0,0.0,1.0,0.0,2.0,1.0,1.0,2.0,2.0,2.0,0.0,0.0,2.0,0.0,2.0,1.0,2.0,1.0,2.0,1.0,1.0,2.0,0.0,1.0,2.0,0.0,0.0,0.0,2.0,1.0,0.0,2.0,2.0,1.0,1.0,1.0,0.0,0.0,2.0,2.0,2.0,0.0,0.0,0.0,2.0,0.0,2.0,0.0,1.0,0.0,2.0,2.0,1.0,1.0,0.0,1.0,2.0,0.0,1.0,1.0,1.0,0.0,2.0,2.0,1.0,1.0,1.0,1.0,1.0,0.0,1.0,0.0,2.0,0.0,0.0,1.0,2.0,0.0,2.0,2.0,1.0,2.0,2.0,2.0,0.0,2.0,1.0,2.0,1.0,2.0,0.0,0.0
3541,2.0,0.0,1.0,0.0,1.0,0.0,2.0,2.0,2.0,1.0,0.0,2.0,1.0,1.0,2.0,2.0,2.0,0.0,2.0,0.0,1.0,0.0,2.0,0.0,2.0,1.0,2.0,1.0,2.0,2.0,0.0,1.0,1.0,0.0,0.0,1.0,2.0,2.0,2.0,1.0,2.0,0.0,1.0,0.0,0.0,2.0,2.0,1.0,1.0,1.0,0.0,0.0,2.0,1.0,0.0,0.0,1.0,0.0,2.0,2.0,2.0,2.0,0.0,2.0,2.0,0.0,2.0,0.0,1.0,0.0,2.0,2.0,0.0,0.0,0.0,0.0,0.0,0.0,0.0,0.0,2.0,0.0,0.0,1.0,2.0,1.0,2.0,1.0,1.0,2.0,2.0,1.0,0.0,2.0,1.0,2.0,0.0,2.0,0.0,1.0
3542,1.0,1.0,2.0,1.0,1.0,0.0,1.0,2.0,2.0,1.0,0.0,0.0,0.0,1.0,2.0,2.0,2.0,2.0,2.0,1.0,0.0,0.0,1.0,1.0,2.0,1.0,2.0,1.0,2.0,1.0,0.0,1.0,0.0,0.0,1.0,0.0,1.0,2.0,0.0,1.0,2.0,1.0,2.0,0.0,0.0,0.0,2.0,1.0,1.0,0.0,0.0,0.0,2.0,0.0,2.0,0.0,1.0,0.0,2.0,2.0,2.0,2.0,1.0,2.0,2.0,0.0,1.0,1.0,2.0,2.0,2.0,1.0,0.0,0.0,0.0,0.0,0.0,0.0,1.0,0.0,1.0,0.0,0.0,2.0,1.0,0.0,2.0,1.0,0.0,2.0,1.0,2.0,0.0,1.0,1.0,2.0,0.0,2.0,0.0,1.0
3545,2.0,0.0,2.0,2.0,1.0,1.0,2.0,2.0,2.0,0.0,1.0,1.0,1.0,2.0,1.0,2.0,2.0,2.0,1.0,2.0,2.0,0.0,2.0,1.0,2.0,1.0,2.0,0.0,1.0,1.0,0.0,2.0,2.0,0.0,0.0,1.0,1.0,1.0,2.0,2.0,2.0,0.0,2.0,0.0,0.0,1.0,2.0,1.0,2.0,0.0,0.0,0.0,2.0,0.0,2.0,1.0,1.0,0.0,2.0,2.0,0.0,2.0,0.0,1.0,2.0,0.0,1.0,1.0,0.0,1.0,2.0,2.0,0.0,0.0,0.0,2.0,2.0,0.0,0.0,0.0,2.0,0.0,1.0,1.0,2.0,2.0,2.0,1.0,1.0,2.0,1.0,2.0,0.0,2.0,2.0,2.0,0.0,2.0,2.0,1.0
3548,1.0,0.0,2.0,0.0,2.0,0.0,1.0,2.0,2.0,0.0,1.0,0.0,1.0,1.0,2.0,2.0,2.0,0.0,1.0,0.0,2.0,0.0,2.0,1.0,2.0,1.0,2.0,2.0,2.0,1.0,0.0,1.0,1.0,0.0,0.0,0.0,2.0,2.0,2.0,1.0,2.0,0.0,2.0,1.0,0.0,1.0,1.0,1.0,1.0,1.0,0.0,0.0,2.0,0.0,2.0,0.0,0.0,0.0,2.0,2.0,0.0,2.0,0.0,1.0,2.0,0.0,1.0,2.0,1.0,0.0,1.0,2.0,2.0,1.0,1.0,1.0,2.0,0.0,0.0,0.0,2.0,0.0,0.0,1.0,2.0,1.0,2.0,2.0,1.0,2.0,1.0,1.0,1.0,2.0,2.0,2.0,1.0,2.0,0.0,1.0
3564,2.0,0.0,1.0,1.0,1.0,0.0,2.0,1.0,1.0,2.0,0.0,1.0,1.0,2.0,1.0,2.0,2.0,1.0,1.0,0.0,1.0,0.0,1.0,1.0,2.0,1.0,1.0,1.0,1.0,1.0,0.0,2.0,1.0,0.0,0.0,2.0,2.0,2.0,1.0,1.0,2.0,2.0,2.0,1.0,1.0,1.0,1.0,1.0,2.0,0.0,0.0,0.0,2.0,0.0,2.0,0.0,2.0,0.0,2.0,1.0,1.0,2.0,0.0,2.0,2.0,0.0,2.0,0.0,1.0,0.0,2.0,2.0,0.0,0.0,0.0,0.0,1.0,0.0,1.0,1.0,2.0,0.0,0.0,1.0,2.0,2.0,1.0,1.0,0.0,2.0,1.0,2.0,0.0,2.0,2.0,2.0,1.0,2.0,1.0,2.0
3569,1.0,0.0,2.0,1.0,1.0,1.0,2.0,1.0,1.0,1.0,1.0,1.0,1.0,2.0,2.0,1.0,2.0,1.0,1.0,1.0,0.0,0.0,1.0,1.0,2.0,1.0,1.0,1.0,1.0,1.0,0.0,2.0,0.0,0.0,0.0,0.0,1.0,2.0,0.0,0.0,1.0,1.0,2.0,1.0,0.0,2.0,2.0,0.0,1.0,0.0,0.0,0.0,2.0,0.0,2.0,2.0,2.0,0.0,2.0,2.0,1.0,1.0,0.0,1.0,2.0,0.0,1.0,0.0,0.0,1.0,2.0,2.0,0.0,0.0,0.0,0.0,2.0,0.0,0.0,1.0,2.0,1.0,0.0,0.0,2.0,1.0,0.0,1.0,1.0,2.0,0.0,1.0,0.0,2.0,2.0,2.0,1.0,2.0,1.0,1.0
3583,0.0,0.0,2.0,0.0,2.0,0.0,2.0,2.0,2.0,0.0,1.0,1.0,0.0,2.0,2.0,2.0,2.0,1.0,2.0,0.0,1.0,0.0,2.0,0.0,2.0,1.0,2.0,2.0,1.0,1.0,0.0,1.0,1.0,0.0,2.0,2.0,2.0,1.0,1.0,1.0,1.0,1.0,2.0,1.0,0.0,0.0,2.0,2.0,1.0,0.0,0.0,0.0,2.0,0.0,2.0,0.0,2.0,0.0,2.0,2.0,1.0,2.0,0.0,1.0,2.0,1.0,0.0,1.0,1.0,1.0,2.0,2.0,0.0,1.0,1.0,0.0,0.0,0.0,0.0,0.0,1.0,1.0,0.0,1.0,2.0,1.0,2.0,1.0,1.0,2.0,0.0,1.0,0.0,2.0,1.0,2.0,1.0,2.0,1.0,0.0
3601,1.0,1.0,1.0,1.0,1.0,1.0,1.0,1.0,2.0,1.0,2.0,1.0,2.0,2.0,2.0,1.0,1.0,2.0,1.0,1.0,1.0,0.0,0.0,0.0,2.0,2.0,2.0,0.0,2.0,0.0,1.0,2.0,2.0,1.0,0.0,2.0,0.0,2.0,0.0,2.0,2.0,1.0,2.0,0.0,0.0,1.0,1.0,1.0,1.0,0.0,0.0,0.0,2.0,0.0,2.0,1.0,2.0,0.0,2.0,1.0,1.0,2.0,1.0,1.0,2.0,0.0,1.0,2.0,0.0,0.0,2.0,1.0,0.0,0.0,1.0,0.0,1.0,0.0,0.0,1.0,2.0,0.0,1.0,1.0,2.0,1.0,0.0,2.0,1.0,2.0,1.0,1.0,0.0,2.0,2.0,1.0,2.0,2.0,1.0,0.0
3613,2.0,0.0,2.0,1.0,0.0,0.0,1.0,2.0,1.0,0.0,0.0,0.0,2.0,1.0,2.0,1.0,2.0,1.0,1.0,0.0,2.0,0.0,1.0,0.0,2.0,1.0,2.0,1.0,1.0,1.0,0.0,1.0,1.0,0.0,1.0,1.0,1.0,1.0,1.0,1.0,2.0,1.0,1.0,0.0,0.0,0.0,2.0,2.0,1.0,1.0,1.0,0.0,2.0,0.0,2.0,1.0,2.0,0.0,2.0,2.0,0.0,2.0,0.0,1.0,2.0,0.0,2.0,0.0,2.0,0.0,2.0,1.0,0.0,1.0,1.0,0.0,0.0,0.0,1.0,0.0,1.0,0.0,0.0,1.0,2.0,2.0,2.0,1.0,0.0,2.0,0.0,2.0,0.0,1.0,1.0,2.0,2.0,2.0,1.0,1.0
3618,1.0,1.0,2.0,2.0,1.0,0.0,2.0,1.0,2.0,0.0,2.0,1.0,1.0,1.0,0.0,2.0,2.0,2.0,1.0,2.0,2.0,0.0,0.0,0.0,2.0,1.0,1.0,0.0,1.0,0.0,0.0,2.0,1.0,0.0,0.0,1.0,1.0,2.0,1.0,1.0,2.0,1.0,2.0,0.0,0.0,0.0,1.0,0.0,1.0,1.0,0.0,0.0,2.0,0.0,1.0,1.0,2.0,0.0,2.0,2.0,0.0,2.0,0.0,2.0,2.0,0.0,1.0,1.0,1.0,1.0,2.0,0.0,1.0,0.0,1.0,0.0,0.0,0.0,0.0,0.0,2.0,1.0,0.0,0.0,2.0,1.0,0.0,2.0,1.0,1.0,1.0,0.0,0.0,2.0,2.0,2.0,1.0,2.0,2.0,1.0
3619,2.0,2.0,1.0,1.0,0.0,1.0,2.0,1.0,2.0,0.0,1.0,1.0,1.0,2.0,1.0,2.0,2.0,2.0,2.0,1.0,1.0,0.0,0.0,0.0,2.0,1.0,1.0,0.0,1.0,0.0,0.0,2.0,2.0,0.0,1.0,0.0,2.0,2.0,1.0,2.0,2.0,2.0,2.0,0.0,0.0,0.0,1.0,0.0,0.0,2.0,0.0,0.0,1.0,1.0,2.0,0.0,2.0,0.0,2.0,0.0,1.0,1.0,1.0,2.0,2.0,0.0,1.0,1.0,1.0,2.0,2.0,0.0,0.0,0.0,1.0,0.0,2.0,0.0,1.0,0.0,2.0,0.0,0.0,1.0,2.0,1.0,1.0,1.0,1.0,2.0,0.0,2.0,0.0,2.0,2.0,2.0,1.0,2.0,1.0,2.0
3621,2.0,2.0,2.0,1.0,0.0,0.0,2.0,0.0,2.0,0.0,1.0,1.0,0.0,2.0,0.0,2.0,2.0,2.0,2.0,2.0,1.0,0.0,1.0,1.0,2.0,1.0,1.0,0.0,1.0,0.0,0.0,2.0,2.0,0.0,0.0,1.0,2.0,1.0,2.0,2.0,2.0,2.0,2.0,1.0,1.0,0.0,2.0,0.0,0.0,1.0,0.0,0.0,2.0,1.0,1.0,2.0,2.0,0.0,2.0,1.0,0.0,1.0,0.0,1.0,2.0,0.0,1.0,2.0,1.0,0.0,2.0,0.0,0.0,1.0,1.0,0.0,1.0,0.0,0.0,0.0,2.0,0.0,0.0,0.0,2.0,1.0,0.0,2.0,0.0,2.0,0.0,1.0,0.0,2.0,2.0,2.0,0.0,2.0,1.0,1.0
3625,2.0,1.0,0.0,1.0,0.0,0.0,2.0,2.0,1.0,0.0,0.0,0.0,1.0,2.0,2.0,2.0,2.0,2.0,2.0,1.0,2.0,0.0,2.0,0.0,2.0,0.0,1.0,0.0,2.0,1.0,0.0,2.0,1.0,0.0,0.0,1.0,1.0,1.0,1.0,1.0,2.0,0.0,2.0,0.0,0.0,1.0,2.0,1.0,2.0,0.0,0.0,0.0,2.0,0.0,2.0,0.0,1.0,0.0,2.0,2.0,0.0,1.0,0.0,2.0,2.0,0.0,1.0,2.0,2.0,1.0,2.0,1.0,0.0,1.0,0.0,1.0,1.0,0.0,1.0,0.0,2.0,0.0,1.0,1.0,2.0,0.0,1.0,0.0,1.0,2.0,1.0,2.0,0.0,2.0,2.0,2.0,0.0,2.0,0.0,1.0
3626,2.0,1.0,0.0,1.0,0.0,0.0,2.0,2.0,1.0,0.0,0.0,0.0,2.0,2.0,2.0,2.0,2.0,2.0,2.0,1.0,2.0,0.0,2.0,0.0,2.0,0.0,1.0,1.0,0.0,0.0,0.0,2.0,0.0,0.0,0.0,1.0,1.0,2.0,2.0,0.0,2.0,2.0,2.0,1.0,0.0,2.0,2.0,1.0,1.0,0.0,0.0,0.0,2.0,0.0,2.0,1.0,0.0,0.0,2.0,2.0,0.0,1.0,0.0,2.0,2.0,0.0,1.0,2.0,2.0,0.0,2.0,1.0,0.0,0.0,0.0,2.0,1.0,0.0,0.0,0.0,2.0,1.0,1.0,1.0,2.0,0.0,1.0,1.0,1.0,2.0,1.0,1.0,0.0,2.0,2.0,2.0,0.0,2.0,0.0,1.0
3628,2.0,1.0,1.0,1.0,0.0,1.0,1.0,1.0,1.0,1.0,1.0,0.0,1.0,2.0,1.0,2.0,2.0,1.0,1.0,2.0,2.0,0.0,1.0,0.0,2.0,2.0,2.0,2.0,2.0,0.0,0.0,1.0,2.0,0.0,0.0,1.0,2.0,1.0,1.0,2.0,2.0,1.0,2.0,1.0,0.0,0.0,2.0,2.0,1.0,1.0,0.0,0.0,2.0,0.0,2.0,1.0,1.0,0.0,2.0,2.0,0.0,1.0,0.0,1.0,2.0,0.0,1.0,1.0,1.0,0.0,1.0,2.0,0.0,1.0,1.0,1.0,1.0,0.0,1.0,0.0,2.0,1.0,0.0,1.0,2.0,0.0,1.0,1.0,1.0,2.0,0.0,2.0,0.0,1.0,2.0,2.0,0.0,1.0,1.0,2.0
3629,2.0,1.0,2.0,0.0,1.0,0.0,1.0,2.0,1.0,0.0,1.0,0.0,0.0,1.0,2.0,2.0,2.0,2.0,2.0,1.0,1.0,0.0,1.0,1.0,2.0,0.0,1.0,2.0,1.0,2.0,0.0,1.0,1.0,0.0,1.0,0.0,2.0,1.0,1.0,1.0,2.0,1.0,1.0,2.0,0.0,0.0,2.0,2.0,2.0,0.0,1.0,0.0,2.0,0.0,2.0,2.0,2.0,0.0,2.0,2.0,1.0,2.0,0.0,2.0,2.0,0.0,1.0,0.0,2.0,0.0,2.0,2.0,0.0,1.0,1.0,0.0,0.0,0.0,0.0,0.0,1.0,1.0,0.0,0.0,2.0,2.0,2.0,1.0,0.0,2.0,2.0,2.0,0.0,2.0,1.0,1.0,1.0,2.0,0.0,1.0
3637,2.0,0.0,2.0,1.0,0.0,0.0,1.0,2.0,2.0,0.0,1.0,1.0,2.0,2.0,2.0,2.0,2.0,2.0,2.0,1.0,0.0,0.0,1.0,0.0,2.0,1.0,2.0,1.0,1.0,0.0,0.0,2.0,1.0,0.0,2.0,1.0,1.0,1.0,2.0,1.0,2.0,0.0,2.0,2.0,0.0,0.0,2.0,1.0,1.0,1.0,0.0,0.0,2.0,0.0,2.0,0.0,2.0,0.0,2.0,1.0,0.0,2.0,0.0,0.0,2.0,1.0,0.0,2.0,2.0,1.0,2.0,2.0,0.0,1.0,1.0,1.0,1.0,0.0,0.0,0.0,1.0,1.0,1.0,1.0,2.0,0.0,1.0,1.0,0.0,2.0,1.0,2.0,0.0,2.0,2.0,2.0,2.0,2.0,1.0,1.0
3645,2.0,1.0,2.0,0.0,1.0,0.0,0.0,1.0,2.0,1.0,1.0,1.0,0.0,1.0,1.0,2.0,2.0,0.0,1.0,1.0,2.0,0.0,2.0,0.0,2.0,2.0,2.0,1.0,1.0,0.0,0.0,2.0,2.0,0.0,0.0,1.0,2.0,2.0,1.0,2.0,2.0,1.0,1.0,2.0,0.0,1.0,2.0,2.0,1.0,0.0,0.0,0.0,2.0,0.0,2.0,2.0,2.0,0.0,2.0,2.0,0.0,1.0,0.0,2.0,2.0,0.0,1.0,1.0,1.0,2.0,2.0,2.0,0.0,0.0,0.0,0.0,0.0,0.0,1.0,0.0,1.0,0.0,0.0,1.0,2.0,0.0,2.0,1.0,0.0,2.0,1.0,1.0,1.0,2.0,2.0,1.0,0.0,2.0,1.0,1.0
3648,2.0,0.0,2.0,1.0,0.0,1.0,1.0,2.0,2.0,0.0,0.0,0.0,0.0,2.0,2.0,2.0,0.0,0.0,2.0,0.0,0.0,0.0,1.0,1.0,2.0,1.0,2.0,1.0,1.0,0.0,0.0,2.0,0.0,1.0,1.0,1.0,2.0,1.0,1.0,1.0,2.0,1.0,1.0,1.0,0.0,0.0,2.0,1.0,0.0,0.0,1.0,0.0,2.0,0.0,2.0,0.0,1.0,0.0,2.0,2.0,1.0,2.0,2.0,2.0,2.0,0.0,0.0,1.0,0.0,0.0,2.0,2.0,0.0,1.0,1.0,0.0,2.0,0.0,0.0,0.0,2.0,0.0,0.0,2.0,2.0,1.0,2.0,0.0,0.0,2.0,2.0,1.0,0.0,1.0,2.0,2.0,1.0,2.0,2.0,2.0
3651,2.0,0.0,1.0,0.0,0.0,0.0,2.0,2.0,2.0,0.0,1.0,1.0,1.0,2.0,2.0,2.0,1.0,1.0,2.0,0.0,1.32,0.0,1.0,0.0,2.0,0.0,1.0,1.0,1.0,1.0,0.0,2.0,0.0,0.0,1.0,1.0,2.0,1.0,2.0,0.0,2.0,1.0,2.0,0.0,0.0,1.0,2.0,0.0,1.0,0.0,1.0,0.0,2.0,0.0,2.0,0.0,2.0,0.0,2.0,2.0,2.0,2.0,1.0,2.0,2.0,0.0,0.0,1.0,2.0,0.0,2.0,2.0,0.0,1.0,1.0,0.0,1.0,0.0,0.0,0.0,2.0,0.0,1.0,1.0,2.0,1.0,1.0,2.0,0.0,2.0,1.0,1.0,0.0,2.0,2.0,2.0,2.0,2.0,1.0,1.0
3679,0.0,1.0,2.0,2.0,0.0,1.0,2.0,2.0,1.0,1.0,1.0,1.0,1.0,2.0,1.0,2.0,2.0,1.0,2.0,1.0,1.0,0.0,0.0,0.0,2.0,1.0,1.0,0.0,1.0,1.0,0.0,2.0,1.0,0.0,1.0,2.0,2.0,2.0,2.0,2.0,2.0,1.0,1.0,0.0,1.0,0.0,2.0,0.0,1.0,1.0,0.0,0.0,1.0,0.0,1.0,0.0,2.0,0.0,2.0,1.0,0.0,2.0,1.0,0.0,1.0,0.0,0.0,1.0,2.0,2.0,2.0,2.0,0.0,0.0,0.0,1.0,1.0,0.0,1.0,0.0,2.0,1.0,0.0,1.0,2.0,1.0,2.0,1.0,1.0,1.0,1.0,1.0,1.0,1.0,2.0,2.0,1.0,1.0,0.0,1.0
3682,2.0,0.0,0.0,1.0,1.0,0.0,1.0,2.0,1.0,1.0,0.0,0.0,2.0,2.0,2.0,2.0,1.0,0.0,2.0,0.0,1.0,0.0,1.0,0.0,2.0,1.0,2.0,1.0,1.0,1.0,0.0,0.0,1.0,0.0,1.0,1.0,1.0,2.0,1.0,1.0,2.0,2.0,2.0,0.0,0.0,0.0,2.0,1.0,1.0,0.0,0.0,0.0,2.0,0.0,2.0,0.0,1.0,0.0,2.0,2.0,1.0,2.0,1.0,0.0,2.0,0.0,1.0,0.0,2.0,0.0,2.0,2.0,0.0,0.0,1.0,1.0,1.0,0.0,0.0,0.0,1.0,1.0,0.0,1.0,2.0,0.0,2.0,2.0,0.0,2.0,2.0,2.0,0.0,2.0,1.0,2.0,1.0,2.0,0.0,0.0
3686,1.0,1.0,1.0,0.0,1.0,0.0,2.0,1.0,1.0,0.0,0.0,1.0,2.0,2.0,2.0,2.0,2.0,0.0,2.0,0.0,0.0,0.0,0.0,0.0,2.0,0.0,2.0,1.0,1.0,2.0,0.0,1.0,1.0,0.0,1.0,1.0,2.0,0.0,1.0,0.0,2.0,1.0,2.0,0.0,0.0,0.0,2.0,2.0,1.6,0.0,0.0,0.0,2.0,0.0,2.0,1.0,2.0,0.0,2.0,2.0,1.0,2.0,0.0,2.0,2.0,0.0,0.0,0.0,1.0,0.0,2.0,2.0,0.0,2.0,1.0,0.0,1.0,0.0,0.0,0.0,2.0,0.0,0.0,2.0,2.0,1.0,2.0,1.0,1.0,2.0,1.0,2.0,0.0,2.0,1.0,2.0,2.0,2.0,1.0,1.0
3697,1.0,1.0,1.0,0.0,0.0,0.0,2.0,2.0,2.0,0.0,1.0,1.0,1.0,2.0,2.0,2.0,2.0,0.0,2.0,1.0,1.0,0.0,1.0,0.0,2.0,1.0,1.0,2.0,2.0,1.0,0.0,0.0,0.0,0.0,2.0,1.0,2.0,1.0,2.0,1.0,2.0,1.0,1.0,2.0,0.0,2.0,2.0,1.0,1.0,1.0,0.0,0.0,2.0,0.0,2.0,1.0,2.0,0.0,2.0,2.0,1.0,2.0,0.0,2.0,2.0,0.0,1.0,1.0,2.0,0.0,2.0,2.0,0.0,1.0,1.0,1.0,0.0,0.0,0.0,0.0,2.0,0.0,0.0,1.0,2.0,1.0,1.0,2.0,0.0,2.0,2.0,2.0,0.0,2.0,1.0,2.0,0.0,2.0,0.0,0.0
3698,2.0,0.0,2.0,0.0,0.0,0.0,0.0,1.0,2.0,0.0,0.0,1.0,1.0,2.0,2.0,2.0,2.0,1.0,2.0,0.0,0.0,0.0,2.0,0.0,2.0,0.0,1.0,2.0,1.0,2.0,0.0,0.0,0.0,0.0,1.0,1.0,2.0,2.0,1.0,1.0,2.0,1.0,1.0,2.0,0.0,2.0,2.0,2.0,1.0,0.0,0.0,0.0,2.0,0.0,2.0,2.0,2.0,0.0,2.0,1.0,0.0,1.0,0.0,2.0,2.0,0.0,1.0,0.0,2.0,0.0,2.0,2.0,0.0,0.0,1.0,0.0,1.0,0.0,0.0,0.0,2.0,0.0,0.0,2.0,2.0,0.0,2.0,2.0,1.0,2.0,0.0,2.0,0.0,2.0,1.0,1.0,1.0,2.0,0.0,0.0
3713,1.0,2.0,2.0,2.0,0.0,1.0,2.0,1.0,2.0,2.0,0.0,1.0,2.0,2.0,2.0,2.0,2.0,1.0,0.0,2.0,0.0,0.0,1.0,1.0,2.0,1.0,1.0,0.0,1.0,0.0,0.0,1.0,1.0,1.0,1.0,1.0,2.0,2.0,1.0,2.0,2.0,2.0,2.0,1.0,1.0,1.0,2.0,1.0,0.0,2.0,1.0,0.0,2.0,0.0,1.0,1.0,2.0,0.0,2.0,2.0,0.0,1.0,1.0,2.0,1.0,0.0,0.0,0.0,2.0,2.0,2.0,1.0,0.0,0.0,1.0,1.0,2.0,0.0,0.0,0.0,2.0,0.0,0.0,1.0,2.0,2.0,2.0,1.0,2.0,0.0,2.0,1.0,0.0,2.0,2.0,2.0,1.0,1.0,0.0,0.0
3718,2.0,0.0,1.0,0.0,1.0,0.0,2.0,1.0,2.0,0.0,0.0,1.0,1.0,1.0,2.0,2.0,2.0,1.0,1.0,1.0,1.0,0.0,0.0,1.0,2.0,0.0,2.0,0.0,2.0,0.0,0.0,1.0,0.0,0.0,1.0,2.0,2.0,2.0,1.0,1.0,2.0,2.0,2.0,0.0,0.0,1.0,2.0,0.0,1.0,0.0,1.0,0.0,2.0,0.0,1.0,1.0,2.0,0.0,2.0,1.0,1.0,2.0,1.0,2.0,2.0,1.0,2.0,1.0,2.0,1.0,2.0,2.0,0.0,0.0,1.0,0.0,0.0,0.0,0.0,0.0,2.0,0.0,0.0,0.0,2.0,1.0,1.0,1.0,0.0,2.0,1.0,1.0,0.0,2.0,2.0,2.0,1.0,2.0,1.0,1.0
3720,1.0,1.0,1.0,2.0,2.0,0.0,2.0,1.0,2.0,1.0,1.0,0.0,2.0,2.0,1.0,1.0,2.0,1.0,1.0,1.0,1.0,0.0,1.0,1.0,2.0,0.0,1.0,0.0,1.0,1.0,0.0,1.0,2.0,0.0,1.0,0.0,2.0,1.0,1.0,2.0,2.0,1.0,2.0,1.0,0.0,2.0,2.0,1.0,1.0,0.0,0.0,0.0,2.0,0.0,1.0,2.0,2.0,0.0,2.0,2.0,2.0,2.0,0.0,2.0,2.0,0.0,1.0,2.0,1.0,1.0,2.0,1.0,0.0,1.0,0.0,0.0,2.0,0.0,0.0,1.0,2.0,0.0,1.0,1.0,1.0,2.0,0.0,2.0,1.0,2.0,1.0,1.0,0.0,2.0,2.0,2.0,2.0,2.0,0.0,2.0
3726,2.0,0.0,2.0,1.0,1.0,0.0,0.0,2.0,1.0,0.0,1.0,0.0,1.0,1.0,2.0,2.0,2.0,1.0,2.0,1.0,1.0,0.0,1.0,1.0,2.0,0.0,2.0,2.0,2.0,0.0,0.0,1.0,1.0,0.0,1.0,2.0,1.0,2.0,2.0,1.0,2.0,0.0,1.0,2.0,0.0,1.0,2.0,2.0,1.0,0.0,0.0,0.0,2.0,0.0,2.0,2.0,1.0,0.0,2.0,2.0,0.0,2.0,0.0,2.0,2.0,0.0,0.0,1.0,1.0,1.0,2.0,2.0,0.0,0.0,1.0,1.0,0.0,0.0,0.0,0.0,2.0,2.0,1.0,1.0,2.0,1.0,2.0,1.0,1.0,2.0,2.0,2.0,0.0,2.0,2.0,1.0,0.0,2.0,0.0,0.0
3728,1.0,0.0,1.0,1.0,1.0,0.0,1.0,2.0,2.0,0.0,0.0,0.0,1.0,0.0,1.0,2.0,2.0,1.0,2.0,0.0,1.0,0.0,1.0,1.0,2.0,1.0,1.0,2.0,2.0,1.0,0.0,2.0,2.0,1.0,0.0,2.0,1.0,2.0,1.0,2.0,2.0,0.0,1.0,1.0,0.0,1.0,2.0,2.0,1.0,1.0,0.0,0.0,2.0,0.0,2.0,2.0,1.0,0.0,2.0,1.0,1.0,2.0,0.0,2.0,2.0,0.0,0.0,1.0,1.0,1.0,2.0,2.0,0.0,0.0,0.0,0.0,0.0,0.0,1.0,0.0,2.0,2.0,0.0,1.0,2.0,1.0,2.0,1.0,1.0,2.0,1.0,2.0,0.0,1.0,1.0,0.0,0.0,2.0,0.0,0.0
3739,2.0,0.0,2.0,1.0,1.0,0.0,1.0,2.0,1.0,2.0,1.0,0.0,0.0,2.0,2.0,2.0,2.0,2.0,2.0,1.0,1.0,1.0,1.0,0.0,2.0,1.0,2.0,2.0,2.0,1.0,0.0,1.0,2.0,0.0,1.0,0.0,2.0,1.0,1.0,2.0,2.0,2.0,2.0,2.0,0.0,0.0,2.0,1.0,2.0,0.0,0.0,0.0,2.0,0.0,2.0,1.0,2.0,0.0,2.0,1.0,0.0,2.0,1.0,2.0,2.0,0.0,2.0,1.0,1.0,1.0,2.0,1.0,0.0,0.0,1.0,2.0,0.0,0.0,1.0,0.0,2.0,0.0,0.0,1.0,2.0,0.0,2.0,1.0,0.0,2.0,2.0,2.0,0.0,2.0,1.0,1.0,0.0,2.0,1.0,0.0
3748,1.0,0.0,2.0,1.0,0.0,1.0,0.0,1.0,2.0,0.0,0.0,0.0,0.0,2.0,1.0,2.0,2.0,1.0,2.0,1.0,1.0,0.0,2.0,1.0,2.0,1.0,2.0,2.0,1.0,2.0,0.0,2.0,0.0,2.0,0.0,2.0,1.0,2.0,1.0,0.0,2.0,1.0,1.0,2.0,0.0,1.0,2.0,2.0,1.0,0.0,0.0,0.0,2.0,0.0,2.0,1.0,2.0,0.0,2.0,1.0,1.0,2.0,0.0,2.0,2.0,0.0,1.0,1.0,1.0,1.0,2.0,2.0,0.0,0.0,1.0,0.0,0.0,0.0,0.0,0.0,1.0,1.0,0.0,1.0,2.0,0.0,2.0,1.0,1.0,2.0,0.0,2.0,0.0,1.0,1.0,2.0,0.0,2.0,0.0,0.0
3756,2.0,0.0,1.0,2.0,2.0,0.0,2.0,2.0,2.0,1.0,2.0,0.0,1.0,1.0,2.0,2.0,2.0,1.0,1.0,1.0,1.0,0.0,1.0,0.0,2.0,1.0,2.0,1.0,1.0,0.0,0.0,0.0,2.0,0.0,0.0,1.0,0.0,1.0,2.0,2.0,2.0,1.0,2.0,2.0,0.0,0.0,2.0,2.0,0.0,1.0,0.0,0.0,2.0,0.0,2.0,0.0,2.0,0.0,2.0,1.0,0.0,2.0,0.0,2.0,2.0,0.0,0.0,1.0,1.0,0.0,2.0,1.0,1.0,1.0,0.0,0.0,1.0,0.0,0.0,0.0,1.0,0.0,0.0,2.0,2.0,0.0,1.0,1.0,1.0,2.0,1.0,2.0,0.0,2.0,0.0,2.0,1.0,2.0,2.0,0.0
3770,0.0,2.0,0.0,1.0,1.0,1.0,2.0,1.0,2.0,0.0,1.0,1.0,0.0,2.0,1.0,2.0,2.0,1.0,0.0,2.0,1.0,0.0,0.0,0.0,2.0,1.0,2.0,0.0,0.0,0.0,0.0,2.0,1.0,0.0,1.0,1.0,2.0,1.0,0.0,2.0,1.0,2.0,1.0,2.0,1.0,0.0,1.0,1.0,2.0,1.0,0.0,1.0,2.0,0.0,1.0,1.0,2.0,1.0,2.0,2.0,2.0,2.0,1.0,2.0,1.0,0.0,2.0,1.0,0.0,1.0,1.0,2.0,0.0,1.0,1.0,0.0,1.0,0.0,0.0,0.0,2.0,0.0,0.0,2.0,2.0,1.0,1.0,2.0,0.0,0.0,1.0,0.0,0.0,2.0,2.0,2.0,1.0,2.0,1.0,0.0
3772,1.0,0.0,1.0,0.0,1.0,0.0,2.0,2.0,1.0,1.0,1.0,0.0,1.0,2.0,1.0,2.0,2.0,2.0,2.0,1.0,2.0,0.0,0.0,1.0,2.0,0.0,2.0,1.0,2.0,0.0,0.0,1.0,0.0,0.0,0.0,0.0,2.0,1.0,0.0,1.0,2.0,1.0,1.0,0.0,0.0,0.0,2.0,1.0,2.0,0.0,1.0,0.0,2.0,0.0,2.0,0.0,2.0,0.0,1.0,2.0,0.0,1.0,0.0,1.0,2.0,1.0,2.0,2.0,2.0,0.0,2.0,2.0,0.0,1.0,0.0,0.0,1.0,0.0,1.0,0.0,2.0,0.0,0.0,0.0,2.0,0.0,1.0,2.0,1.0,2.0,2.0,2.0,0.0,2.0,0.0,1.0,1.0,2.0,0.0,2.0
3790,1.0,0.0,2.0,0.0,0.0,0.0,2.0,0.0,1.0,0.0,1.0,1.0,2.0,2.0,2.0,2.0,2.0,0.0,2.0,1.0,1.0,0.0,0.0,0.0,2.0,0.0,2.0,0.0,0.0,0.0,0.0,2.0,0.0,0.0,0.0,1.0,2.0,1.0,0.0,1.0,2.0,1.0,1.0,0.0,0.0,2.0,2.0,1.0,0.0,0.0,0.0,0.0,2.0,0.0,1.0,2.0,2.0,0.0,2.0,2.0,1.0,2.0,0.0,2.0,2.0,0.0,1.0,0.0,0.0,2.0,2.0,1.0,0.0,1.0,2.0,0.0,1.0,0.0,0.0,0.0,2.0,0.0,0.0,0.0,2.0,0.0,1.0,2.0,1.0,2.0,1.0,1.0,0.0,2.0,2.0,2.0,2.0,2.0,1.0,0.0
3794,1.0,2.0,1.0,1.0,0.0,0.0,1.0,1.0,2.0,1.0,0.0,0.0,2.0,1.0,2.0,1.0,2.0,0.0,0.0,2.0,1.0,0.0,0.0,1.0,2.0,0.0,1.0,0.0,1.0,0.0,1.0,1.0,2.0,0.0,1.0,1.0,1.0,2.0,1.0,2.0,1.0,0.0,2.0,1.0,0.0,1.0,1.0,2.0,2.0,1.0,0.0,0.0,2.0,0.0,1.0,1.0,2.0,0.0,2.0,2.0,0.0,1.0,0.0,1.0,2.0,0.0,1.0,2.0,1.0,0.0,2.0,2.0,0.0,0.0,0.0,0.0,1.0,0.0,0.0,0.0,2.0,0.0,0.0,1.0,2.0,2.0,1.0,2.0,1.0,2.0,0.0,2.0,0.0,2.0,1.0,2.0,2.0,2.0,0.0,1.0
3796,2.0,1.0,2.0,1.0,0.0,1.0,2.0,2.0,2.0,0.0,0.0,0.0,1.0,1.0,1.0,1.0,1.0,0.0,1.0,2.0,1.0,0.0,1.0,0.0,2.0,1.0,2.0,0.0,1.0,0.0,0.0,2.0,0.0,0.0,1.0,1.0,1.0,2.0,1.0,1.0,2.0,0.0,0.0,1.0,0.0,1.0,2.0,2.0,2.0,0.0,0.0,0.0,2.0,0.0,1.0,2.0,2.0,0.0,2.0,2.0,1.0,2.0,2.0,2.0,2.0,0.0,1.0,1.0,1.0,1.0,1.0,2.0,0.0,0.0,1.0,0.0,1.0,0.0,0.0,1.0,1.0,2.0,1.0,1.0,2.0,1.0,1.0,2.0,1.0,1.0,1.0,1.0,1.0,2.0,1.0,2.0,1.0,1.0,1.0,0.0
3810,1.0,0.0,1.0,0.0,0.0,2.0,1.0,0.0,1.0,1.0,1.0,0.0,2.0,2.0,2.0,2.0,2.0,1.0,1.0,0.0,1.0,0.0,0.0,1.0,2.0,1.0,1.0,1.0,1.0,2.0,1.0,2.0,1.0,0.0,1.0,1.0,1.0,0.0,0.0,2.0,1.0,1.0,2.0,1.0,1.0,2.0,1.0,1.0,1.0,0.0,0.0,0.0,2.0,0.0,2.0,2.0,2.0,0.0,2.0,1.0,1.0,1.0,0.0,1.0,2.0,0.0,2.0,0.0,0.0,1.0,2.0,2.0,0.0,2.0,0.0,0.0,1.0,0.0,0.0,0.0,2.0,0.0,2.0,0.0,2.0,1.0,2.0,2.0,1.0,2.0,0.0,0.0,0.0,2.0,1.0,2.0,0.0,2.0,1.0,1.0
3812,1.0,0.0,1.0,1.0,0.0,1.0,1.0,0.0,2.0,0.0,2.0,0.0,2.0,2.0,1.0,2.0,2.0,1.0,1.0,1.0,0.0,0.0,0.0,0.0,2.0,1.0,0.0,0.0,1.0,0.0,0.0,1.0,1.0,1.0,0.0,1.0,2.0,0.0,0.0,2.0,2.0,1.0,2.0,0.0,1.0,1.0,2.0,2.0,2.0,1.0,0.0,0.0,2.0,0.0,2.0,1.0,2.0,0.0,2.0,2.0,0.0,1.0,2.0,1.0,2.0,0.0,2.0,0.0,0.0,1.0,2.0,1.0,0.0,2.0,0.0,0.0,0.0,0.0,0.0,0.0,2.0,0.0,1.0,1.0,2.0,2.0,2.0,2.0,0.0,2.0,0.0,1.0,0.0,2.0,2.0,2.0,1.0,2.0,0.0,1.0
3825,1.0,0.0,2.0,1.0,1.0,1.0,1.0,1.0,1.0,1.0,2.0,0.0,1.0,1.0,1.0,2.0,2.0,1.0,0.0,1.0,1.0,0.0,0.0,1.0,2.0,0.0,2.0,0.0,1.0,1.0,0.0,2.0,0.0,0.0,1.0,1.0,1.0,1.0,1.0,2.0,2.0,1.0,1.0,1.0,1.0,2.0,1.0,1.0,1.0,1.0,0.0,0.0,1.0,0.0,2.0,1.0,2.0,0.0,2.0,2.0,0.0,2.0,1.0,1.0,2.0,0.0,2.0,1.0,0.0,0.0,2.0,0.0,0.0,1.0,0.0,0.0,1.0,0.0,1.0,0.0,1.0,1.0,0.0,1.0,2.0,2.0,1.0,2.0,1.0,1.0,0.0,0.0,0.0,2.0,2.0,2.0,1.0,1.0,2.0,1.0
3842,2.0,1.0,2.0,2.0,2.0,0.0,1.0,2.0,1.0,0.0,2.0,1.0,1.0,2.0,2.0,2.0,2.0,1.0,2.0,0.0,1.0,0.0,1.0,0.0,2.0,1.0,2.0,2.0,1.0,2.0,0.0,1.0,1.0,0.0,0.0,1.0,0.0,1.0,2.0,2.0,2.0,1.0,2.0,1.0,0.0,1.0,2.0,2.0,1.0,1.0,0.0,0.0,2.0,0.0,2.0,0.0,0.0,0.0,2.0,1.0,0.0,2.0,1.0,2.0,2.0,1.0,1.0,2.0,0.0,1.0,2.0,2.0,1.0,1.0,0.0,0.0,2.0,0.0,0.0,0.0,2.0,0.0,1.0,2.0,2.0,0.0,2.0,1.0,0.0,2.0,0.0,2.0,0.0,1.0,1.0,2.0,0.0,2.0,0.0,1.0
3852,1.0,0.0,2.0,0.0,1.0,0.0,2.0,2.0,2.0,1.0,1.0,0.0,2.0,1.0,2.0,2.0,2.0,0.0,1.0,0.0,2.0,0.0,1.0,1.0,2.0,0.0,2.0,2.0,2.0,1.0,0.0,1.0,0.0,1.0,1.0,2.0,2.0,2.0,1.0,0.0,2.0,1.0,1.0,1.0,0.0,1.0,2.0,2.0,0.0,0.0,0.0,0.0,2.0,1.0,2.0,1.0,2.0,0.0,2.0,0.0,2.0,2.0,0.0,1.0,2.0,1.0,0.0,1.0,2.0,1.0,2.0,2.0,0.0,1.0,1.0,0.0,1.0,0.0,0.0,0.0,2.0,2.0,0.0,2.0,2.0,0.0,2.0,2.0,0.0,2.0,1.0,1.0,0.0,2.0,1.0,1.0,1.0,2.0,0.0,0.0
3860,1.0,2.0,2.0,1.0,2.0,1.0,1.0,1.0,2.0,1.0,2.0,1.0,1.0,2.0,2.0,2.0,1.0,0.0,0.0,1.0,2.0,0.0,0.0,1.0,1.0,0.0,1.0,1.0,0.0,0.0,0.0,2.0,1.0,0.0,2.0,1.0,1.0,1.0,1.0,2.0,2.0,2.0,2.0,1.0,1.0,1.0,2.0,2.0,1.0,2.0,0.0,0.0,2.0,0.0,1.0,1.0,2.0,0.0,2.0,2.0,1.0,2.0,1.0,2.0,1.0,0.0,2.0,1.0,1.0,1.0,1.0,2.0,0.0,1.0,0.0,0.0,2.0,1.0,0.0,0.0,2.0,0.0,0.0,1.0,2.0,2.0,0.0,2.0,0.0,0.0,0.0,1.0,0.0,2.0,2.0,1.0,2.0,2.0,0.0,1.0
3864,1.0,0.0,2.0,1.0,1.0,0.0,1.0,2.0,2.0,0.0,2.0,0.0,0.0,2.0,2.0,2.0,2.0,2.0,0.0,2.0,2.0,0.0,1.0,0.0,2.0,1.0,1.0,0.0,1.0,1.0,0.0,2.0,0.0,0.0,2.0,0.0,1.0,1.0,2.0,1.0,1.0,0.0,2.0,1.0,2.0,0.0,1.0,1.0,2.0,0.0,0.0,0.0,1.0,0.0,2.0,0.0,2.0,0.0,2.0,2.0,0.0,2.0,0.0,1.0,1.0,0.0,2.0,2.0,0.0,0.0,2.0,2.0,0.0,1.0,2.0,0.0,1.0,0.0,1.0,0.0,1.0,0.0,0.0,1.0,2.0,1.0,0.0,2.0,1.0,1.0,0.0,1.0,0.0,2.0,0.0,2.0,2.0,2.0,1.0,0.0
3866,2.0,1.0,1.0,0.0,0.0,0.0,1.0,2.0,2.0,0.0,2.0,0.0,2.0,2.0,2.0,2.0,2.0,1.0,1.0,0.0,1.0,0.0,0.0,1.0,2.0,1.0,2.0,0.0,1.0,0.0,0.0,1.0,1.0,0.0,0.0,2.0,2.0,1.0,1.0,2.0,2.0,1.0,2.0,2.0,0.0,1.0,2.0,2.0,1.0,0.0,0.0,0.0,2.0,0.0,2.0,1.0,2.0,0.0,2.0,1.0,0.0,2.0,0.0,2.0,2.0,0.0,1.0,2.0,2.0,0.0,2.0,2.0,0.0,1.0,0.0,0.0,1.0,0.0,1.0,0.0,2.0,0.0,0.0,1.0,2.0,0.0,0.0,2.0,0.0,2.0,2.0,1.0,0.0,2.0,1.0,2.0,1.0,2.0,2.0,0.0
3871,2.0,1.0,0.0,0.0,2.0,0.0,1.0,2.0,2.0,0.0,1.0,0.0,2.0,1.0,2.0,2.0,2.0,2.0,1.0,1.0,1.0,0.0,0.0,1.0,2.0,1.0,2.0,1.0,2.0,1.0,0.0,2.0,1.0,0.0,2.0,1.0,2.0,2.0,1.0,0.0,2.0,0.0,1.0,0.0,0.0,1.0,2.0,2.0,2.0,0.0,0.0,0.0,2.0,0.0,2.0,1.0,2.0,0.0,2.0,1.0,1.0,2.0,0.0,1.0,2.0,0.0,0.0,1.0,2.0,0.0,2.0,2.0,0.0,0.0,1.0,0.0,1.0,0.0,0.0,0.0,0.0,0.0,0.0,1.0,2.0,2.0,2.0,2.0,0.0,2.0,1.0,1.0,0.0,2.0,1.0,2.0,0.0,0.0,2.0,1.0
3873,2.0,0.0,1.0,1.0,1.0,1.0,1.0,2.0,2.0,0.0,0.0,0.0,2.0,1.0,2.0,2.0,2.0,1.0,2.0,1.0,2.0,0.0,1.0,0.0,2.0,0.0,2.0,1.0,2.0,0.0,0.0,2.0,2.0,0.0,1.0,1.0,1.0,1.0,2.0,2.0,2.0,1.0,2.0,0.0,0.0,0.0,2.0,2.0,2.0,0.0,0.0,0.0,2.0,0.0,0.0,0.0,0.0,0.0,2.0,2.0,0.0,2.0,0.0,2.0,2.0,1.0,1.0,1.0,1.0,2.0,2.0,2.0,0.0,1.0,0.0,0.0,0.0,0.0,0.0,0.0,1.0,0.0,0.0,1.0,2.0,1.0,2.0,1.0,1.0,2.0,1.0,1.0,0.0,1.0,2.0,2.0,0.0,2.0,0.0,1.0
3882,1.0,1.0,1.0,2.0,2.0,1.0,2.0,1.0,2.0,0.0,0.0,1.0,2.0,2.0,0.0,2.0,2.0,1.0,1.0,2.0,1.0,0.0,1.0,1.0,2.0,1.0,1.0,0.0,0.0,0.0,0.0,2.0,0.0,0.0,0.0,1.0,1.0,2.0,1.0,1.0,1.0,1.0,0.0,0.0,1.0,0.0,1.0,2.0,1.0,1.0,0.0,0.0,2.0,0.0,2.0,1.0,2.0,0.0,2.0,2.0,0.0,2.0,1.0,2.0,2.0,0.0,1.0,2.0,0.0,1.0,2.0,1.0,0.0,0.0,1.0,0.0,2.0,0.0,0.0,0.0,2.0,0.0,0.0,0.0,2.0,0.0,0.0,2.0,2.0,0.0,0.0,0.0,1.0,2.0,2.0,2.0,2.0,2.0,0.0,2.0
3906,1.0,1.0,2.0,0.0,0.0,0.0,2.0,1.0,1.0,2.0,2.0,0.0,1.0,2.0,2.0,0.0,0.0,1.0,2.0,2.0,0.0,0.0,0.0,0.0,2.0,0.0,1.0,1.0,1.0,0.0,1.0,2.0,1.0,1.0,0.0,1.0,2.0,0.0,1.0,1.0,2.0,1.0,2.0,1.0,0.0,1.0,2.0,2.0,2.0,0.0,0.0,1.0,2.0,0.0,2.0,1.0,2.0,0.0,2.0,2.0,2.0,2.0,2.0,2.0,2.0,0.0,0.0,2.0,1.0,1.0,2.0,1.0,0.0,2.0,2.0,0.0,1.0,0.0,1.0,0.0,2.0,0.0,0.0,2.0,2.0,2.0,1.0,2.0,1.0,1.0,2.0,1.0,0.0,2.0,2.0,1.0,2.0,2.0,2.0,1.0
3911,2.0,0.0,1.0,0.0,1.0,0.0,1.0,2.0,1.0,1.0,1.0,0.0,1.0,1.0,1.0,2.0,2.0,1.0,2.0,1.0,0.0,0.0,0.0,1.0,2.0,0.0,2.0,1.0,1.0,0.0,0.0,1.0,2.0,1.0,2.0,1.0,2.0,2.0,1.0,2.0,2.0,1.0,2.0,1.0,0.0,0.0,2.0,1.0,2.0,0.0,0.0,0.0,2.0,0.0,2.0,1.0,2.0,0.0,1.0,2.0,1.0,2.0,0.0,2.0,2.0,0.0,1.0,2.0,2.0,2.0,2.0,2.0,0.0,0.0,1.0,0.0,0.0,0.0,0.0,0.0,1.0,0.0,1.0,1.0,2.0,0.0,2.0,2.0,0.0,2.0,2.0,2.0,0.0,2.0,2.0,2.0,0.0,2.0,0.0,0.0
3917,2.0,0.0,2.0,0.0,0.0,0.0,0.0,1.0,2.0,0.0,0.0,0.0,1.0,2.0,2.0,2.0,2.0,2.0,1.0,0.0,1.0,0.0,2.0,0.0,2.0,2.0,2.0,2.0,2.0,2.0,0.0,2.0,1.0,1.0,0.0,1.0,2.0,1.0,1.0,0.0,2.0,2.0,0.0,2.0,0.0,0.0,2.0,2.0,1.0,2.0,0.0,0.0,2.0,0.0,1.0,0.0,2.0,0.0,2.0,0.0,1.0,2.0,0.0,1.0,2.0,0.0,1.0,0.0,1.0,1.0,2.0,2.0,0.0,1.0,0.0,0.0,2.0,0.0,0.0,0.0,2.0,0.0,0.0,1.0,2.0,1.0,2.0,2.0,2.0,2.0,1.0,2.0,0.0,2.0,1.0,1.0,2.0,2.0,2.0,0.0
3935,2.0,1.0,1.0,1.0,0.0,0.0,1.0,2.0,2.0,1.0,0.0,1.0,2.0,1.0,2.0,2.0,2.0,1.0,2.0,2.0,2.0,0.0,1.0,1.0,2.0,2.0,2.0,0.0,1.0,0.0,0.0,2.0,0.0,0.0,1.0,1.0,1.0,2.0,0.0,1.0,2.0,0.0,2.0,0.0,0.0,0.0,2.0,1.0,2.0,0.0,0.0,0.0,2.0,0.0,2.0,0.0,1.0,0.0,1.0,2.0,1.0,2.0,1.0,2.0,2.0,1.0,1.0,2.0,2.0,0.0,1.0,1.0,0.0,0.0,0.0,0.0,1.0,0.0,0.0,0.0,1.0,0.0,0.0,1.0,2.0,0.0,1.0,1.0,1.0,2.0,1.0,2.0,0.0,2.0,2.0,2.0,1.0,2.0,0.0,0.0
3947,1.0,1.0,1.0,0.0,0.0,2.0,2.0,1.0,2.0,1.0,2.0,1.0,1.0,2.0,1.0,2.0,2.0,0.0,1.0,1.0,1.0,0.0,0.0,0.0,2.0,1.0,2.0,0.0,1.0,1.0,0.0,2.0,1.0,0.0,1.0,1.0,2.0,2.0,0.0,2.0,2.0,2.0,2.0,0.0,0.0,0.0,1.0,2.0,2.0,2.0,0.0,0.0,2.0,1.0,2.0,1.0,2.0,0.0,2.0,2.0,0.0,2.0,1.0,1.0,2.0,0.0,2.0,0.0,0.0,0.0,2.0,1.0,0.0,0.0,1.0,0.0,0.0,0.0,0.0,0.0,2.0,1.0,0.0,1.0,2.0,1.0,2.0,2.0,1.0,0.0,0.0,1.0,0.0,2.0,1.0,2.0,0.0,2.0,0.0,1.0
3948,1.0,0.0,1.0,0.0,1.0,0.0,1.0,2.0,1.0,0.0,0.0,1.0,1.0,2.0,2.0,2.0,2.0,2.0,1.0,0.0,2.0,0.0,1.0,1.0,2.0,1.0,2.0,1.0,2.0,1.0,0.0,2.0,0.0,0.0,1.0,2.0,2.0,2.0,0.0,0.0,2.0,1.0,1.0,0.0,0.0,0.0,2.0,2.0,0.0,0.0,0.0,0.0,2.0,0.0,2.0,0.0,2.0,0.0,2.0,1.0,0.0,2.0,0.0,1.0,2.0,1.0,2.0,1.0,2.0,0.0,2.0,2.0,1.0,0.0,1.0,0.0,1.0,0.0,1.0,0.0,2.0,0.0,1.0,1.0,2.0,0.0,2.0,2.0,1.0,2.0,1.0,2.0,0.0,2.0,2.0,1.0,1.0,2.0,1.0,0.0
3967,0.0,0.0,2.0,0.0,0.0,1.0,1.0,1.0,2.0,2.0,1.0,0.0,2.0,2.0,2.0,1.0,2.0,1.0,1.0,0.0,2.0,0.0,1.0,1.0,2.0,0.0,2.0,1.0,1.0,1.0,0.0,2.0,2.0,1.0,1.0,2.0,2.0,1.0,1.0,2.0,2.0,0.0,2.0,2.0,0.0,2.0,2.0,2.0,1.0,1.0,0.0,0.0,2.0,0.0,2.0,1.0,2.0,0.0,2.0,2.0,1.0,2.0,0.0,2.0,2.0,1.0,0.0,0.0,2.0,0.0,1.0,2.0,0.0,0.0,0.0,0.0,1.0,0.0,0.0,0.0,1.0,1.0,1.0,0.0,2.0,0.0,2.0,2.0,0.0,2.0,2.0,2.0,0.0,2.0,0.0,1.0,0.0,1.0,0.0,0.0
3970,1.0,0.0,2.0,2.0,1.0,0.0,1.0,2.0,1.0,0.0,1.0,1.0,2.0,1.0,2.0,2.0,2.0,0.0,2.0,1.0,2.0,0.0,1.0,0.0,2.0,1.0,2.0,2.0,0.0,1.0,0.0,1.0,1.0,0.0,0.0,1.0,0.0,2.0,2.0,2.0,2.0,1.0,1.0,2.0,0.0,2.0,2.0,0.0,1.0,1.0,0.0,0.0,2.0,0.0,2.0,1.0,1.0,0.0,2.0,1.0,2.0,2.0,0.0,2.0,2.0,1.0,1.0,2.0,2.0,1.0,2.0,2.0,0.0,0.0,0.0,1.0,1.0,0.0,0.0,0.0,1.0,1.0,0.0,1.0,2.0,0.0,2.0,1.0,1.0,2.0,1.0,2.0,0.0,2.0,2.0,2.0,0.0,2.0,0.0,1.0
3977,2.0,0.0,1.0,0.0,0.0,0.0,0.0,2.0,1.0,0.0,1.0,0.0,1.0,1.0,2.0,2.0,2.0,1.0,1.0,0.0,1.0,0.0,0.0,0.0,2.0,0.0,2.0,1.0,0.0,2.0,0.0,1.0,2.0,0.0,1.0,0.0,2.0,2.0,2.0,2.0,2.0,0.0,0.0,1.0,0.0,2.0,2.0,1.0,0.0,2.0,0.0,0.0,2.0,0.0,2.0,1.0,1.0,0.0,2.0,2.0,0.0,2.0,0.0,2.0,2.0,0.0,1.0,1.0,2.0,2.0,2.0,2.0,0.0,0.0,0.0,0.0,0.0,0.0,0.0,0.0,1.0,2.0,0.0,1.0,2.0,0.0,1.0,1.0,0.0,2.0,1.0,2.0,0.0,1.0,1.0,2.0,1.0,2.0,1.0,0.0
3984,1.0,0.0,0.0,1.0,0.0,1.0,1.0,2.0,1.0,1.0,1.0,1.0,1.0,1.0,1.0,2.0,2.0,1.0,2.0,0.0,1.0,0.0,0.0,1.0,2.0,1.0,2.0,2.0,1.0,1.0,0.0,1.0,1.0,0.0,1.0,0.0,2.0,1.0,1.0,1.0,2.0,0.0,1.0,0.0,0.0,1.0,2.0,1.0,1.0,1.0,0.0,0.0,2.0,0.0,2.0,1.0,1.0,0.0,2.0,2.0,0.0,2.0,0.0,2.0,2.0,0.0,1.0,1.0,2.0,1.0,1.0,1.0,0.0,1.0,0.0,0.0,1.0,0.0,1.0,0.0,2.0,0.0,0.0,2.0,2.0,0.0,1.0,2.0,1.0,2.0,1.0,1.0,0.0,2.0,2.0,2.0,0.0,2.0,1.0,1.0
3986,1.0,1.0,2.0,2.0,1.0,0.0,2.0,1.0,2.0,2.0,2.0,0.0,1.0,2.0,1.0,2.0,2.0,0.0,0.0,2.0,1.0,0.0,0.0,0.0,2.0,2.0,0.0,0.0,2.0,0.0,0.0,2.0,1.0,0.0,1.0,1.0,1.0,2.0,2.0,2.0,2.0,1.0,2.0,1.0,0.0,1.0,2.0,0.0,1.0,1.0,0.0,1.0,1.0,0.0,1.0,1.0,2.0,0.0,2.0,2.0,0.0,2.0,1.0,0.0,2.0,0.0,2.0,1.0,0.0,1.0,2.0,2.0,0.0,0.0,2.0,0.0,1.0,0.0,1.0,0.0,2.0,1.0,2.0,2.0,2.0,1.0,0.0,2.0,2.0,1.0,0.0,1.0,1.0,2.0,1.0,2.0,2.0,2.0,1.0,2.0
3994,1.0,0.0,0.0,0.0,1.0,0.0,1.0,1.0,2.0,0.0,0.0,0.0,2.0,2.0,2.0,1.0,2.0,1.0,1.0,1.0,1.0,0.0,0.0,0.0,2.0,0.0,2.0,0.0,2.0,1.0,0.0,2.0,1.0,0.0,0.0,2.0,2.0,1.0,0.0,1.0,2.0,1.0,0.0,0.0,0.0,0.0,2.0,2.0,1.0,0.0,0.0,0.0,2.0,0.0,2.0,0.0,2.0,0.0,2.0,2.0,0.0,2.0,0.0,2.0,2.0,0.0,1.0,1.0,2.0,1.0,2.0,1.0,0.0,1.0,0.0,1.0,1.0,0.0,2.0,0.0,2.0,0.0,0.0,1.0,2.0,1.0,2.0,1.0,1.0,2.0,1.0,2.0,0.0,2.0,0.0,2.0,2.0,2.0,1.0,0.0
3999,0.0,1.0,2.0,1.0,1.0,0.0,2.0,1.0,2.0,2.0,1.0,0.0,1.0,1.0,2.0,2.0,2.0,0.0,0.0,1.0,1.0,0.0,1.0,0.0,2.0,0.0,2.0,0.0,1.0,1.0,0.0,2.0,0.0,0.0,1.0,2.0,1.0,2.0,1.0,2.0,1.0,2.0,2.0,0.0,1.0,1.0,1.0,2.0,1.42,1.0,0.0,0.0,1.0,0.0,2.0,1.0,2.0,0.0,2.0,2.0,0.0,2.0,0.0,0.0,0.0,0.0,2.0,2.0,2.0,1.0,2.0,2.0,0.0,0.0,1.0,0.0,1.0,0.0,2.0,0.0,2.0,0.0,0.0,1.0,2.0,1.0,0.0,2.0,2.0,1.0,0.0,1.0,0.0,2.0,1.0,2.0,1.0,2.0,2.0,1.0
4000,2.0,0.0,1.0,1.0,1.0,0.0,2.0,2.0,1.0,2.0,0.0,0.0,2.0,2.0,2.0,1.0,2.0,1.0,2.0,1.0,2.0,0.0,1.0,1.0,2.0,2.0,2.0,2.0,2.0,1.0,0.0,1.0,0.0,0.0,1.0,0.0,1.0,2.0,1.0,0.0,2.0,1.0,2.0,1.0,0.0,1.0,2.0,0.0,1.0,1.0,0.0,0.0,2.0,0.0,2.0,1.0,0.0,0.0,2.0,2.0,1.0,2.0,1.0,2.0,2.0,0.0,1.0,2.0,1.0,0.0,2.0,1.0,0.0,0.0,0.0,0.0,0.0,0.0,0.0,0.0,1.0,1.0,0.0,2.0,2.0,0.0,2.0,2.0,1.0,2.0,1.0,2.0,0.0,2.0,2.0,2.0,0.0,2.0,1.0,1.0
4003,2.0,1.0,1.0,1.0,0.0,0.0,1.0,2.0,1.0,0.0,1.0,1.0,1.0,2.0,2.0,1.0,2.0,1.0,1.0,0.0,2.0,0.0,1.0,2.0,2.0,0.0,2.0,1.0,1.0,1.0,0.0,2.0,1.0,1.0,1.0,1.0,1.0,2.0,0.0,0.0,2.0,1.0,0.0,0.0,0.0,1.0,2.0,2.0,1.0,1.0,0.0,0.0,2.0,0.0,2.0,1.0,2.0,0.0,2.0,2.0,1.0,2.0,0.0,2.0,2.0,1.0,1.0,1.0,2.0,1.0,2.0,2.0,0.0,1.0,0.0,0.0,2.0,0.0,0.0,0.0,1.0,1.0,0.0,0.0,2.0,0.0,2.0,1.0,2.0,2.0,1.0,1.0,0.0,2.0,2.0,2.0,2.0,2.0,1.0,0.0
4007,1.0,0.0,1.0,0.0,2.0,0.0,1.0,2.0,2.0,0.0,1.0,0.0,1.0,1.0,2.0,2.0,2.0,1.0,2.0,1.0,2.0,0.0,1.0,1.0,2.0,1.0,1.0,0.0,2.0,1.0,0.0,2.0,1.1,0.0,2.0,2.0,2.0,0.0,1.0,1.0,2.0,1.0,1.0,1.0,0.0,0.0,2.0,1.0,0.0,0.0,0.0,0.0,2.0,0.0,2.0,0.0,2.0,0.0,2.0,2.0,1.0,2.0,0.0,2.0,2.0,0.0,1.0,1.0,2.0,1.0,2.0,2.0,1.0,2.0,0.0,0.0,1.0,0.0,1.0,0.0,2.0,1.0,0.0,1.0,2.0,0.0,2.0,1.0,0.0,2.0,1.0,2.0,0.0,2.0,0.0,2.0,1.0,2.0,1.0,0.0
4014,2.0,0.0,2.0,0.0,0.0,0.0,2.0,2.0,2.0,0.0,1.0,0.0,2.0,1.0,0.0,2.0,2.0,2.0,1.0,1.0,2.0,0.0,1.0,1.0,2.0,1.0,2.0,2.0,1.0,1.0,0.0,2.0,1.0,0.0,1.0,1.0,2.0,2.0,2.0,2.0,2.0,2.0,1.0,1.0,0.0,2.0,2.0,0.0,1.0,0.0,0.0,0.0,2.0,0.0,1.0,2.0,0.0,0.0,1.0,2.0,0.0,2.0,1.0,2.0,2.0,0.0,0.0,1.0,2.0,2.0,2.0,1.0,0.0,1.0,0.0,1.0,0.0,0.0,0.0,0.0,1.0,2.0,0.0,2.0,2.0,0.0,1.0,2.0,2.0,2.0,2.0,2.0,0.0,2.0,2.0,2.0,1.0,2.0,0.0,0.0
4015,1.0,0.0,2.0,2.0,1.0,0.0,0.0,2.0,1.0,1.0,0.0,0.0,1.0,2.0,2.0,2.0,2.0,0.0,1.0,1.0,1.0,0.0,0.0,0.0,2.0,0.0,2.0,1.0,2.0,1.0,0.0,1.0,1.0,0.0,0.0,0.0,0.0,2.0,1.0,2.0,2.0,0.0,2.0,1.0,0.0,1.0,1.0,1.0,0.0,1.0,0.0,0.0,2.0,0.0,1.0,1.0,1.0,0.0,2.0,2.0,0.0,2.0,0.0,2.0,2.0,2.0,1.0,2.0,2.0,1.0,2.0,2.0,0.0,0.0,0.0,1.0,1.0,0.0,1.0,0.0,2.0,1.0,1.0,1.0,2.0,1.0,2.0,1.0,1.0,2.0,1.0,2.0,0.0,2.0,0.0,2.0,0.0,2.0,0.0,1.0
4023,0.0,0.0,1.0,0.0,0.0,0.0,0.0,2.0,1.0,0.0,0.0,2.0,1.0,2.0,2.0,1.0,2.0,0.0,2.0,2.0,2.0,0.0,1.0,0.0,2.0,2.0,2.0,2.0,1.0,0.0,0.0,1.0,1.0,0.0,0.0,0.0,2.0,2.0,1.0,1.0,2.0,1.0,0.0,1.0,0.0,2.0,2.0,2.0,1.0,2.0,0.0,0.0,2.0,0.0,1.0,2.0,1.0,0.0,2.0,2.0,1.0,2.0,0.0,2.0,2.0,0.0,1.0,2.0,1.0,0.0,1.0,1.0,0.0,0.0,0.0,1.0,0.0,0.0,0.0,0.0,1.0,1.0,0.0,0.0,2.0,0.0,0.0,0.0,1.0,2.0,1.0,2.0,0.0,2.0,2.0,1.0,0.0,2.0,0.0,1.0
4024,2.0,0.0,0.0,1.0,0.0,0.0,1.0,2.0,1.0,0.0,0.0,1.0,1.0,2.0,2.0,2.0,2.0,0.0,2.0,0.0,2.0,0.0,1.0,0.0,2.0,1.0,1.0,2.0,1.0,2.0,0.0,1.0,1.0,0.0,1.0,0.0,1.0,2.0,1.0,1.0,2.0,1.0,1.0,0.0,0.0,2.0,1.0,1.0,1.0,2.0,0.0,0.0,2.0,0.0,2.0,2.0,1.0,0.0,2.0,2.0,1.0,2.0,0.0,2.0,2.0,1.0,2.0,1.0,1.0,1.0,1.0,2.0,0.0,0.0,0.0,1.0,1.0,0.0,0.0,0.0,1.0,0.0,0.0,0.0,2.0,0.0,2.0,1.0,1.0,2.0,1.0,2.0,0.0,2.0,1.0,1.0,0.0,2.0,0.0,1.0
4033,2.0,1.0,2.0,0.0,1.0,0.0,2.0,2.0,1.0,1.0,0.0,0.0,2.0,2.0,2.0,1.0,2.0,2.0,1.0,1.0,2.0,0.0,1.0,2.0,2.0,2.0,2.0,1.0,2.0,1.0,0.0,2.0,1.0,0.0,2.0,1.0,2.0,2.0,1.0,2.0,2.0,1.0,1.0,0.0,0.0,1.0,2.0,1.0,1.0,0.0,0.0,0.0,2.0,0.0,2.0,0.0,0.0,0.0,2.0,1.0,0.0,2.0,2.0,1.0,2.0,0.0,0.0,1.0,1.0,0.0,2.0,1.0,0.0,0.0,0.0,0.0,0.0,0.0,1.0,0.0,0.0,1.0,1.0,2.0,2.0,0.0,1.0,1.0,2.0,2.0,1.0,2.0,0.0,2.0,2.0,2.0,1.0,2.0,1.0,0.0
4040,2.0,0.0,2.0,2.0,0.0,0.0,0.0,2.0,1.0,1.0,0.0,1.0,1.0,2.0,2.0,2.0,2.0,1.0,2.0,2.0,2.0,0.0,0.0,0.0,2.0,2.0,2.0,2.0,2.0,1.0,0.0,2.0,1.0,1.0,1.0,0.0,1.0,1.0,1.0,1.0,2.0,1.0,2.0,1.0,0.0,2.0,1.0,2.0,1.0,2.0,0.0,0.0,2.0,0.0,2.0,1.0,1.0,0.0,2.0,1.0,1.0,2.0,0.0,2.0,2.0,1.0,0.0,1.0,2.0,1.0,1.0,1.0,0.0,1.0,1.0,2.0,1.0,0.0,0.0,0.0,1.0,1.0,1.0,0.0,2.0,0.0,2.0,1.0,0.0,2.0,1.0,2.0,1.0,2.0,1.0,2.0,0.0,2.0,0.0,1.0
4041,1.0,1.0,2.0,0.0,1.0,0.0,2.0,2.0,2.0,0.0,1.0,0.0,2.0,2.0,1.0,2.0,2.0,2.0,1.0,0.0,2.0,0.0,2.0,2.0,2.0,1.0,2.0,0.0,1.0,1.0,0.0,2.0,1.6,0.0,2.0,0.0,2.0,2.0,2.0,2.0,2.0,1.0,0.0,0.0,0.0,1.0,2.0,1.0,1.0,0.0,0.0,0.0,2.0,0.0,1.0,1.0,1.0,0.0,1.0,2.0,2.0,1.0,1.0,2.0,2.0,0.0,0.0,2.0,2.0,1.0,1.0,0.0,1.0,1.0,0.0,0.0,1.0,0.0,0.0,0.0,1.0,1.0,0.0,1.0,2.0,0.0,1.0,2.0,1.0,2.0,1.0,1.0,0.0,2.0,2.0,2.0,0.0,2.0,1.0,1.0
4042,2.0,0.0,1.0,0.0,0.0,0.0,1.0,2.0,2.0,1.0,0.0,1.0,2.0,1.0,2.0,2.0,2.0,0.0,2.0,2.0,2.0,0.0,1.0,2.0,2.0,2.0,2.0,1.0,1.0,1.0,0.0,2.0,0.0,0.0,1.0,0.0,2.0,2.0,2.0,0.0,2.0,0.0,1.0,2.0,0.0,2.0,2.0,1.0,2.0,1.0,0.0,0.0,2.0,0.0,2.0,2.0,1.0,0.0,2.0,2.0,1.0,2.0,0.0,2.0,2.0,0.0,0.0,2.0,2.0,0.0,1.0,2.0,0.0,0.0,0.0,0.0,0.0,0.0,0.0,0.0,1.0,2.0,0.0,1.0,2.0,0.0,0.0,2.0,1.0,2.0,2.0,2.0,0.0,2.0,2.0,2.0,0.0,2.0,2.0,1.0
4046,2.0,0.0,1.0,2.0,0.0,0.0,1.0,2.0,0.0,0.0,1.0,0.0,1.0,1.0,2.0,2.0,2.0,0.0,2.0,1.0,2.0,0.0,0.0,0.0,2.0,2.0,2.0,2.0,1.0,1.0,0.0,1.0,1.0,0.0,1.0,1.0,0.0,2.0,2.0,1.0,2.0,0.0,2.0,1.0,0.0,1.0,1.0,1.0,1.0,2.0,0.0,0.0,2.0,0.0,2.0,1.0,0.0,0.0,2.0,2.0,0.0,2.0,1.0,2.0,2.0,2.0,1.0,2.0,2.0,1.0,2.0,1.0,0.0,0.0,1.0,0.0,1.0,0.0,0.0,0.0,1.0,1.0,0.0,1.0,2.0,0.0,2.0,2.0,0.0,2.0,1.0,2.0,0.0,2.0,1.0,2.0,0.0,2.0,0.0,2.0
4048,2.0,1.0,1.0,2.0,0.0,1.0,1.0,2.0,2.0,1.0,1.0,0.0,1.0,1.0,2.0,2.0,2.0,2.0,0.0,1.0,1.0,0.0,1.0,0.0,2.0,1.0,1.0,0.0,1.0,2.0,0.0,1.0,1.0,1.0,0.0,1.0,0.0,2.0,1.0,2.0,2.0,1.0,2.0,0.0,0.0,1.0,1.0,0.0,1.0,1.0,0.0,0.0,2.0,1.0,1.0,1.0,2.0,0.0,2.0,2.0,0.0,2.0,0.0,1.0,2.0,1.0,1.0,1.0,1.0,2.0,0.0,1.0,0.0,0.0,0.0,1.0,1.0,0.0,0.0,0.0,1.0,2.0,0.0,1.0,2.0,2.0,1.0,2.0,1.0,2.0,1.0,2.0,0.0,2.0,1.0,2.0,2.0,1.0,0.0,0.0
4049,0.0,0.0,2.0,1.0,0.0,0.0,1.0,1.0,0.0,0.0,1.0,2.0,0.0,1.0,2.0,2.0,2.0,1.0,2.0,1.0,2.0,0.0,0.0,0.0,2.0,1.0,2.0,1.0,1.0,1.0,0.0,1.0,1.0,0.0,0.0,0.0,1.0,2.0,1.0,1.0,2.0,0.0,1.0,1.0,0.0,1.0,2.0,1.0,1.0,2.0,0.0,0.0,2.0,0.0,2.0,1.0,0.0,0.0,2.0,2.0,2.0,2.0,0.0,2.0,2.0,1.0,0.0,2.0,1.0,0.0,1.0,1.0,0.0,0.0,0.0,1.0,0.0,0.0,0.0,0.0,0.0,1.0,0.0,2.0,2.0,0.0,1.0,1.0,0.0,2.0,0.0,2.0,0.0,1.0,2.0,2.0,0.0,2.0,0.0,1.0
4053,2.0,0.0,1.0,0.0,0.0,0.0,0.0,2.0,0.0,0.0,0.0,1.0,1.0,2.0,2.0,2.0,2.0,0.0,1.0,2.0,2.0,0.0,0.0,0.0,2.0,1.0,2.0,1.0,0.0,1.0,0.0,1.0,2.0,0.0,1.0,1.0,2.0,1.0,2.0,2.0,2.0,0.0,2.0,0.0,0.0,1.0,2.0,2.0,1.0,2.0,0.0,0.0,2.0,0.0,2.0,2.0,1.0,0.0,2.0,2.0,1.0,2.0,0.0,1.0,2.0,0.0,2.0,2.0,0.0,2.0,2.0,1.0,0.0,1.0,0.0,1.0,1.0,0.0,0.0,0.0,1.0,0.0,0.0,1.0,2.0,0.0,1.0,2.0,1.0,2.0,1.0,2.0,0.0,2.0,0.0,2.0,0.0,2.0,1.0,2.0
4059,2.0,0.0,2.0,0.0,0.0,0.0,0.0,2.0,1.0,1.0,1.0,0.0,1.0,2.0,2.0,2.0,2.0,1.0,1.0,0.0,1.0,0.0,1.0,0.0,2.0,0.0,2.0,2.0,0.0,2.0,0.0,2.0,1.0,0.0,1.0,0.0,2.0,1.0,1.0,2.0,2.0,1.0,2.0,0.0,0.0,0.0,2.0,2.0,1.0,2.0,0.0,0.0,2.0,0.0,0.0,1.0,1.0,0.0,2.0,1.0,2.0,2.0,0.0,0.0,2.0,0.0,2.0,1.0,2.0,1.0,2.0,2.0,0.0,1.0,0.0,1.0,1.0,0.0,0.0,0.0,1.0,0.0,0.0,0.0,2.0,0.0,1.0,0.0,2.0,2.0,1.0,2.0,0.0,2.0,2.0,2.0,0.0,2.0,0.0,1.0
4064,2.0,0.0,0.0,0.0,0.0,0.0,0.0,1.0,2.0,0.0,0.0,0.0,1.0,1.0,2.0,2.0,2.0,1.0,1.0,1.0,1.0,0.0,1.0,0.0,2.0,2.0,1.0,1.0,0.0,0.0,0.0,2.0,0.0,1.0,1.0,2.0,2.0,2.0,1.0,1.0,2.0,1.0,1.0,0.0,0.0,1.0,2.0,2.0,0.0,1.0,0.0,0.0,2.0,0.0,1.0,2.0,1.0,0.0,2.0,2.0,0.0,1.0,0.0,2.0,2.0,0.0,1.0,1.0,2.0,0.0,2.0,2.0,0.0,0.0,0.0,1.0,1.0,0.0,0.0,0.0,2.0,1.0,0.0,0.0,2.0,0.0,1.0,1.0,2.0,2.0,2.0,1.0,0.0,2.0,1.0,2.0,2.0,2.0,0.0,1.0
4065,2.0,0.0,1.0,0.0,0.0,0.0,0.0,2.0,2.0,0.0,0.0,0.0,1.0,1.0,2.0,2.0,1.0,0.0,0.0,0.0,1.0,0.0,0.0,0.0,2.0,0.0,2.0,0.0,1.0,1.0,0.0,2.0,1.0,1.0,1.0,2.0,2.0,2.0,1.0,1.0,2.0,1.0,0.0,1.0,0.0,1.0,2.0,2.0,0.0,0.0,0.0,0.0,2.0,0.0,2.0,1.0,1.0,0.0,2.0,2.0,1.0,2.0,1.0,2.0,2.0,0.0,1.0,0.0,2.0,0.0,2.0,2.0,0.0,0.0,0.0,0.0,1.0,0.0,0.0,0.0,2.0,0.0,0.0,1.0,2.0,0.0,2.0,0.0,1.0,2.0,0.0,1.0,0.0,2.0,1.0,2.0,1.0,2.0,0.0,2.0
4068,1.0,1.0,1.0,0.0,1.0,0.0,1.0,2.0,1.0,0.0,0.0,0.0,2.0,1.0,2.0,2.0,2.0,1.0,2.0,1.0,1.0,0.0,1.0,1.0,2.0,1.0,2.0,1.0,1.0,0.0,0.0,1.0,2.0,0.0,2.0,0.0,2.0,2.0,2.0,2.0,2.0,1.0,1.0,0.0,0.0,1.0,1.0,0.0,0.0,1.0,0.0,0.0,2.0,0.0,2.0,2.0,1.0,0.0,2.0,2.0,1.0,2.0,1.0,2.0,2.0,0.0,1.0,1.0,2.0,2.0,2.0,0.0,0.0,0.0,0.0,0.0,0.0,0.0,0.0,0.0,0.0,1.0,1.0,1.0,2.0,0.0,1.0,1.0,0.0,2.0,1.0,2.0,0.0,2.0,1.0,2.0,0.0,2.0,0.0,0.0
4069,1.0,0.0,1.0,0.0,0.0,0.0,1.0,2.0,1.0,1.0,0.0,0.0,1.0,2.0,2.0,2.0,2.0,1.0,2.0,1.0,2.0,0.0,1.0,0.0,2.0,0.0,2.0,1.0,2.0,0.0,0.0,1.0,2.0,0.0,1.0,1.0,2.0,1.0,2.0,2.0,2.0,0.0,1.0,0.0,0.0,1.0,0.0,0.0,1.0,1.0,0.0,0.0,2.0,0.0,2.0,1.0,1.0,0.0,2.0,2.0,1.0,2.0,1.0,2.0,2.0,0.0,2.0,2.0,1.0,2.0,1.0,0.0,0.0,0.0,0.0,1.0,0.0,0.0,0.0,0.0,0.0,0.0,0.0,1.0,2.0,0.0,1.0,2.0,1.0,2.0,1.0,2.0,0.0,2.0,1.0,2.0,0.0,2.0,0.0,0.0
4071,2.0,0.0,1.0,2.0,0.0,1.0,0.0,2.0,1.0,0.0,0.0,1.0,2.0,1.0,2.0,2.0,2.0,1.0,1.0,0.0,2.0,0.0,1.0,0.0,2.0,1.0,2.0,2.0,2.0,1.0,0.0,1.0,2.0,1.0,0.0,1.0,1.0,2.0,2.0,2.0,2.0,0.0,1.0,0.0,0.0,2.0,1.0,1.0,0.0,1.0,0.0,0.0,2.0,0.0,2.0,1.0,0.0,0.0,2.0,2.0,0.0,2.0,0.0,2.0,2.0,1.0,2.0,1.0,2.0,1.0,2.0,2.0,0.0,0.0,0.0,0.0,1.0,0.0,0.0,0.0,1.0,0.0,1.0,1.0,2.0,0.0,2.0,0.0,1.0,2.0,1.0,1.0,0.0,2.0,2.0,2.0,0.0,2.0,1.0,0.0
4076,1.0,1.0,2.0,1.0,0.0,0.0,1.0,1.0,2.0,0.0,0.0,0.0,1.0,2.0,2.0,2.0,2.0,1.0,1.0,1.0,2.0,0.0,1.0,1.0,2.0,2.0,2.0,2.0,2.0,1.0,0.0,2.0,2.0,0.0,2.0,2.0,1.0,1.0,0.0,2.0,1.0,0.0,2.0,2.0,0.0,1.0,2.0,1.0,1.0,1.0,0.0,0.0,2.0,0.0,1.0,1.0,2.0,0.0,2.0,2.0,1.0,2.0,0.0,2.0,2.0,0.0,0.0,0.0,1.0,0.0,2.0,2.0,0.0,1.0,0.0,1.0,1.0,0.0,0.0,0.0,2.0,0.0,0.0,0.0,2.0,1.0,2.0,0.0,1.0,2.0,1.0,2.0,0.0,2.0,1.0,2.0,2.0,2.0,2.0,1.0
4082,2.0,0.0,1.0,1.0,1.0,0.0,1.0,2.0,2.0,0.0,0.0,0.0,2.0,1.0,1.0,2.0,2.0,0.0,2.0,1.0,2.0,0.0,1.0,1.0,2.0,2.0,2.0,0.0,2.0,0.0,0.0,1.0,0.0,0.0,1.0,2.0,1.0,1.0,0.0,0.0,2.0,1.0,1.0,0.0,0.0,1.0,2.0,2.0,1.0,1.0,0.0,0.0,2.0,0.0,1.0,1.0,0.0,0.0,1.0,1.0,2.0,2.0,0.0,2.0,2.0,0.0,0.0,2.0,2.0,1.0,1.0,2.0,1.0,1.0,0.0,0.0,1.0,0.0,0.0,0.0,0.0,1.0,0.0,1.0,2.0,0.0,0.0,2.0,1.0,2.0,2.0,2.0,0.0,2.0,2.0,2.0,1.0,2.0,1.0,0.0
4089,2.0,1.0,2.0,1.0,1.0,0.0,0.0,2.0,1.0,0.0,2.0,1.0,1.0,2.0,1.0,2.0,2.0,1.0,0.0,2.0,1.0,0.0,0.0,0.0,2.0,2.0,2.0,0.0,2.0,0.0,0.0,2.0,2.0,0.0,0.0,0.0,1.0,2.0,0.0,2.0,2.0,1.0,1.0,1.0,0.0,2.0,2.0,2.0,2.0,2.0,0.0,0.0,2.0,0.0,0.0,0.0,1.0,0.0,2.0,2.0,0.0,2.0,1.0,1.0,2.0,0.0,2.0,0.0,2.0,1.0,1.0,2.0,0.0,0.0,0.0,1.0,0.0,0.0,2.0,0.0,1.0,0.0,1.0,1.0,2.0,0.0,2.0,1.0,0.0,2.0,1.0,2.0,0.0,2.0,2.0,2.0,1.0,2.0,0.0,1.0
4093,2.0,0.0,1.0,0.0,0.0,0.0,1.0,2.0,2.0,1.0,0.0,0.0,0.0,2.0,2.0,2.0,1.0,1.0,1.0,0.0,1.0,0.0,0.0,2.0,2.0,1.0,1.0,1.0,2.0,2.0,0.0,2.0,1.0,0.0,0.0,2.0,2.0,1.0,1.0,1.0,1.0,1.0,2.0,1.0,0.0,2.0,2.0,1.0,2.0,1.0,0.0,0.0,2.0,0.0,1.0,2.0,1.0,0.0,2.0,2.0,1.0,1.0,1.0,1.0,2.0,0.0,2.0,0.0,2.0,1.0,2.0,2.0,0.0,0.0,0.0,0.0,2.0,0.0,0.0,0.0,1.0,0.0,0.0,1.0,2.0,0.0,2.0,1.0,1.0,2.0,1.0,2.0,0.0,1.0,2.0,2.0,2.0,2.0,2.0,1.0
4095,1.0,0.0,1.0,0.0,2.0,0.0,1.0,1.0,2.0,0.0,0.0,0.0,2.0,2.0,2.0,2.0,2.0,1.0,1.0,0.0,2.0,0.0,1.0,0.0,2.0,1.0,1.0,1.0,1.0,0.0,0.0,2.0,1.0,0.0,2.0,2.0,2.0,1.0,0.0,1.0,2.0,0.0,0.0,1.0,0.0,1.0,2.0,1.0,1.0,0.0,0.0,0.0,2.0,0.0,2.0,1.0,2.0,0.0,2.0,2.0,1.0,2.0,0.0,1.0,2.0,0.0,1.0,1.0,2.0,1.0,2.0,2.0,1.0,1.0,0.0,0.0,1.0,0.0,1.0,0.0,2.0,0.0,0.0,0.0,2.0,0.0,2.0,1.0,1.0,2.0,1.0,2.0,0.0,2.0,1.0,1.0,1.0,2.0,2.0,2.0
4097,2.0,0.0,1.0,1.0,1.0,0.0,1.0,2.0,1.0,0.0,0.0,0.0,2.0,2.0,1.0,1.0,2.0,1.0,2.0,0.0,2.0,0.0,1.0,0.0,2.0,1.0,2.0,2.0,2.0,1.0,0.0,1.0,1.0,0.0,1.0,0.0,1.0,2.0,1.0,1.0,2.0,0.0,1.0,2.0,0.0,1.0,2.0,0.0,1.0,1.0,0.0,0.0,2.0,0.0,1.0,1.0,1.0,0.0,2.0,2.0,1.0,2.0,1.0,2.0,2.0,0.0,0.0,2.0,1.0,2.0,1.0,1.0,0.0,0.0,0.0,0.0,0.0,0.0,0.0,0.0,1.0,2.0,1.0,2.0,2.0,0.0,2.0,1.0,2.0,2.0,2.0,1.0,1.0,2.0,2.0,2.0,0.0,2.0,1.0,0.0
4099,2.0,0.0,2.0,1.0,1.0,0.0,1.0,2.0,1.0,1.0,1.0,0.0,1.0,2.0,2.0,2.0,2.0,2.0,1.0,2.0,2.0,1.0,1.0,0.0,2.0,2.0,2.0,2.0,1.0,2.0,0.0,2.0,0.0,0.0,2.0,1.0,2.0,2.0,2.0,1.0,2.0,0.0,2.0,1.0,0.0,0.0,2.0,1.0,2.0,0.0,0.0,0.0,2.0,0.0,2.0,0.0,0.0,0.0,1.0,2.0,2.0,2.0,1.0,2.0,2.0,0.0,0.0,2.0,1.0,1.0,2.0,1.0,0.0,0.0,0.0,0.0,1.0,0.0,0.0,0.0,0.0,0.0,1.0,1.0,2.0,0.0,2.0,2.0,1.0,2.0,1.0,2.0,0.0,2.0,2.0,2.0,0.0,2.0,1.0,0.0
4104,1.0,0.0,1.0,1.0,1.0,0.0,1.0,1.0,2.0,1.0,0.0,0.0,2.0,2.0,2.0,2.0,2.0,1.0,0.0,0.0,2.0,0.0,1.0,0.0,2.0,2.0,2.0,1.0,2.0,1.0,0.0,2.0,0.0,0.0,2.0,1.0,1.0,2.0,1.0,0.0,2.0,0.0,1.0,0.0,0.0,0.0,2.0,2.0,1.0,1.0,0.0,0.0,2.0,0.0,2.0,0.0,2.0,0.0,2.0,2.0,0.0,2.0,0.0,2.0,2.0,0.0,2.0,1.0,2.0,0.0,2.0,1.0,1.0,0.0,0.0,0.0,1.0,0.0,1.0,0.0,2.0,0.0,0.0,1.0,2.0,2.0,2.0,2.0,1.0,2.0,0.0,2.0,0.0,1.0,1.0,2.0,2.0,2.0,2.0,2.0
4108,1.0,0.0,0.0,0.0,2.0,0.0,1.0,1.0,1.0,0.0,2.0,0.0,1.0,2.0,2.0,2.0,2.0,0.0,2.0,0.0,0.0,0.0,0.0,0.0,2.0,1.0,2.0,0.0,2.0,0.0,0.0,2.0,2.0,0.0,0.0,1.0,2.0,2.0,1.0,2.0,2.0,0.0,1.0,0.0,0.0,1.0,2.0,2.0,0.0,0.0,0.0,0.0,2.0,0.0,2.0,1.0,1.0,0.0,2.0,2.0,0.0,2.0,0.0,2.0,2.0,0.0,2.0,1.0,2.0,1.0,2.0,1.0,1.0,0.0,0.0,0.0,1.0,0.0,1.0,0.0,2.0,1.0,1.0,2.0,2.0,1.0,2.0,1.0,0.0,2.0,2.0,1.0,0.0,2.0,1.0,2.0,1.0,2.0,1.0,1.0
4115,1.0,0.0,1.0,0.0,1.0,0.0,0.0,2.0,1.0,0.0,0.0,0.0,2.0,0.0,2.0,1.0,2.0,0.0,2.0,2.0,2.0,0.0,1.0,0.0,2.0,1.0,2.0,2.0,1.0,0.0,0.0,1.0,1.0,0.0,1.0,0.0,2.0,2.0,1.0,2.0,2.0,0.0,1.0,1.0,0.0,1.0,2.0,2.0,1.0,1.0,0.0,0.0,2.0,0.0,1.0,1.0,1.0,0.0,2.0,2.0,1.0,2.0,0.0,2.0,2.0,0.0,0.0,2.0,1.0,1.0,2.0,1.0,1.0,0.0,0.0,2.0,1.0,0.0,1.0,0.0,1.0,2.0,0.0,1.0,2.0,0.0,1.0,0.0,0.0,2.0,0.0,2.0,0.0,2.0,1.0,1.0,0.0,2.0,0.0,1.0
4125,2.0,0.0,1.0,2.0,0.0,1.0,1.0,2.0,1.0,1.0,2.0,1.0,1.0,2.0,2.0,1.0,2.0,2.0,1.0,0.0,1.0,0.0,2.0,0.0,2.0,1.0,2.0,2.0,2.0,0.0,0.0,2.0,0.0,0.0,1.0,1.0,1.0,2.0,2.0,1.0,2.0,0.0,2.0,1.0,0.0,0.0,1.0,2.0,1.0,1.0,0.0,0.0,2.0,0.0,2.0,0.0,2.0,0.0,2.0,2.0,0.0,2.0,1.0,1.0,2.0,1.0,1.0,1.0,1.0,2.0,1.0,1.0,0.0,0.0,0.0,0.0,1.0,0.0,0.0,0.0,1.0,0.0,2.0,2.0,2.0,0.0,2.0,1.0,0.0,2.0,1.0,1.0,0.0,2.0,1.0,2.0,0.0,2.0,1.0,1.0
4129,2.0,0.0,2.0,1.0,0.0,0.0,2.0,2.0,2.0,0.0,0.0,0.0,0.0,1.0,2.0,2.0,1.0,1.0,0.0,1.0,2.0,0.0,1.0,2.0,2.0,1.0,1.0,2.0,1.0,1.0,0.0,2.0,0.0,0.0,0.0,1.0,2.0,1.0,1.0,0.0,2.0,0.0,1.0,1.0,0.0,2.0,1.0,1.0,2.0,2.0,0.0,0.0,2.0,0.0,2.0,2.0,1.0,0.0,1.0,2.0,1.0,1.0,2.0,1.0,2.0,0.0,1.0,0.0,2.0,0.0,1.0,2.0,0.0,0.0,2.0,0.0,2.0,0.0,0.0,0.0,1.0,0.0,0.0,2.0,2.0,0.0,2.0,1.0,0.0,2.0,2.0,2.0,1.0,2.0,2.0,2.0,1.0,2.0,0.0,2.0
4132,1.0,2.0,2.0,0.0,1.0,0.0,2.0,2.0,2.0,0.0,0.0,0.0,2.0,1.0,0.0,2.0,2.0,1.0,2.0,0.0,2.0,0.0,1.0,1.0,2.0,1.0,2.0,2.0,1.0,1.0,0.0,2.0,0.0,1.0,2.0,2.0,2.0,2.0,2.0,2.0,2.0,2.0,1.0,1.0,0.0,0.0,2.0,2.0,2.0,1.0,0.0,0.0,2.0,0.0,2.0,0.0,0.0,0.0,1.0,1.0,2.0,2.0,0.0,2.0,2.0,0.0,1.0,1.0,2.0,0.0,1.0,2.0,0.0,0.0,0.0,0.0,0.0,0.0,0.0,0.0,1.0,1.0,0.0,1.0,2.0,0.0,1.0,2.0,1.0,2.0,2.0,2.0,0.0,2.0,2.0,2.0,0.0,2.0,0.0,0.0
4133,2.0,1.0,1.0,1.0,0.0,0.0,2.0,2.0,2.0,1.0,0.0,0.0,2.0,2.0,2.0,2.0,2.0,2.0,2.0,0.0,2.0,0.0,2.0,1.0,2.0,1.0,2.0,1.0,1.0,1.0,0.0,2.0,1.0,0.0,2.0,1.0,1.0,1.0,1.0,2.0,2.0,0.0,2.0,0.0,0.0,0.0,1.0,1.0,2.0,1.0,0.0,0.0,2.0,0.0,2.0,0.0,0.0,0.0,2.0,2.0,2.0,2.0,2.0,2.0,2.0,1.0,1.0,2.0,1.0,0.0,1.0,1.0,0.0,1.0,0.0,0.0,1.0,0.0,0.0,0.0,1.0,1.0,0.0,1.0,2.0,0.0,1.0,2.0,2.0,2.0,2.0,1.0,0.0,2.0,2.0,2.0,1.0,2.0,0.0,1.0
4135,2.0,0.0,2.0,2.0,1.0,0.0,1.0,2.0,2.0,0.0,0.0,0.0,1.0,2.0,1.0,2.0,2.0,2.0,1.0,2.0,1.0,0.0,2.0,0.0,2.0,1.0,2.0,2.0,1.0,1.0,0.0,2.0,0.0,0.0,0.0,1.0,1.0,2.0,1.0,0.0,2.0,1.0,2.0,0.0,0.0,0.0,1.0,2.0,1.0,0.0,0.0,0.0,2.0,1.0,2.0,0.0,2.0,0.0,2.0,1.0,0.0,2.0,0.0,1.0,2.0,1.0,1.0,0.0,1.0,1.0,2.0,2.0,0.0,0.0,0.0,1.0,0.0,0.0,0.0,0.0,1.0,1.0,2.0,0.0,2.0,1.0,2.0,2.0,1.0,2.0,2.0,2.0,1.0,2.0,1.0,1.0,0.0,2.0,0.0,0.0
4142,2.0,1.0,2.0,2.0,0.0,1.0,2.0,2.0,1.0,0.0,2.0,2.0,2.0,2.0,2.0,1.0,2.0,1.0,1.0,1.0,2.0,0.0,1.0,0.0,1.0,2.0,2.0,0.0,1.0,2.0,0.0,2.0,2.0,0.0,0.0,0.0,2.0,2.0,2.0,2.0,2.0,1.0,2.0,1.0,0.0,2.0,2.0,1.0,2.0,1.0,1.0,0.0,2.0,0.0,2.0,0.0,1.0,1.0,2.0,1.0,1.0,2.0,1.0,2.0,2.0,0.0,0.0,1.0,0.0,1.0,2.0,2.0,0.0,0.0,1.0,1.0,1.0,1.0,1.0,0.0,2.0,0.0,1.0,1.0,2.0,2.0,1.0,2.0,0.0,1.0,2.0,2.0,0.0,2.0,2.0,1.0,0.0,2.0,1.0,1.0
4143,1.0,0.0,1.0,0.0,0.0,0.0,2.0,2.0,1.0,1.0,1.0,0.0,2.0,2.0,2.0,0.0,1.0,0.0,0.0,1.0,1.0,0.0,0.0,0.0,2.0,2.0,1.0,1.0,1.0,0.0,1.0,0.0,0.0,0.0,1.0,1.0,1.0,1.0,2.0,1.0,2.0,2.0,2.0,1.38,0.0,2.0,2.0,1.0,1.0,0.0,1.0,0.0,2.0,0.0,2.0,0.0,1.0,0.0,2.0,2.0,2.0,2.0,2.0,2.0,2.0,1.0,0.0,0.0,1.0,1.0,2.0,1.0,0.0,0.0,0.0,0.0,0.0,1.0,0.0,0.0,2.0,0.0,1.0,1.0,2.0,1.0,1.0,2.0,0.0,1.99,2.0,1.0,1.0,2.0,1.0,1.0,1.0,2.0,0.0,0.0
4155,2.0,0.0,2.0,1.0,1.0,0.0,1.0,2.0,2.0,0.0,0.0,0.0,1.0,2.0,0.0,2.0,2.0,1.0,1.0,2.0,2.0,0.0,1.0,2.0,2.0,1.0,2.0,0.0,0.0,1.0,0.0,2.0,2.0,1.0,0.0,2.0,1.0,2.0,2.0,2.0,2.0,2.0,2.0,0.0,0.0,0.0,1.0,2.0,1.0,0.0,0.0,0.0,2.0,0.0,2.0,1.0,2.0,0.0,2.0,2.0,0.0,1.0,0.0,1.0,2.0,1.0,2.0,1.0,2.0,1.0,2.0,2.0,0.0,1.0,0.0,0.0,0.0,0.0,0.0,0.0,0.0,0.0,1.0,1.0,2.0,0.0,2.0,1.0,0.0,2.0,2.0,2.0,0.0,2.0,1.0,1.0,0.0,2.0,0.0,0.0
4160,2.0,1.0,2.0,1.0,1.0,0.0,2.0,1.0,1.0,2.0,0.0,0.0,1.0,1.0,1.0,2.0,2.0,2.0,2.0,1.0,1.0,0.0,1.0,0.0,2.0,2.0,2.0,0.0,1.0,1.0,0.0,2.0,1.0,1.0,2.0,1.0,1.0,2.0,2.0,1.0,2.0,0.0,2.0,1.0,0.0,0.0,1.0,1.0,1.0,0.0,0.0,0.0,1.99,0.0,2.0,1.0,1.0,0.0,2.0,2.0,1.0,2.0,0.0,2.0,2.0,1.0,2.0,2.0,0.0,1.0,1.0,1.0,1.0,0.0,0.0,0.0,1.0,0.0,0.0,0.0,0.0,0.0,2.0,1.0,2.0,0.0,2.0,2.0,0.0,2.0,2.0,2.0,0.0,2.0,2.0,2.0,0.0,2.0,2.0,2.0
4161,1.0,1.0,0.0,2.0,0.0,0.0,2.0,1.0,2.0,1.0,0.0,0.0,1.0,2.0,2.0,2.0,2.0,1.0,1.0,1.0,0.0,0.0,0.0,0.0,2.0,1.0,1.0,0.0,1.0,1.0,0.0,2.0,1.0,0.0,1.0,1.0,2.0,1.0,1.0,2.0,2.0,2.0,2.0,1.0,0.0,0.0,2.0,0.0,0.0,1.0,1.0,0.0,2.0,0.0,1.0,0.0,2.0,0.0,2.0,2.0,1.0,2.0,1.0,0.0,1.0,0.0,1.0,1.0,1.0,1.0,1.0,0.0,0.0,1.0,1.0,0.0,1.0,0.0,0.0,0.0,1.0,0.0,0.0,1.0,2.0,2.0,2.0,1.0,1.0,1.0,1.0,2.0,0.0,2.0,2.0,2.0,1.0,2.0,0.0,2.0
4162,1.0,0.0,2.0,0.0,1.0,0.0,2.0,1.0,1.0,1.0,0.0,1.0,2.0,2.0,2.0,2.0,2.0,1.0,1.0,1.0,2.0,0.0,0.0,1.0,2.0,1.0,1.0,1.0,1.0,0.0,0.0,2.0,1.0,1.0,1.0,0.0,1.0,1.0,2.0,2.0,2.0,2.0,2.0,1.0,1.0,1.0,2.0,1.0,1.0,1.0,0.0,0.0,1.0,0.0,2.0,2.0,2.0,0.0,2.0,2.0,1.0,1.0,1.0,1.0,2.0,0.0,1.0,1.0,0.0,1.0,2.0,1.0,0.0,1.0,1.0,0.0,1.0,0.0,1.0,0.0,2.0,0.0,1.0,2.0,2.0,2.0,0.0,2.0,0.0,2.0,1.0,0.0,0.0,1.0,2.0,2.0,1.0,2.0,1.0,1.0
4163,2.0,0.0,2.0,1.0,1.0,0.0,2.0,1.0,2.0,0.0,1.0,1.0,0.0,2.0,2.0,2.0,2.0,0.0,2.0,1.0,1.32,0.0,0.0,0.0,2.0,0.0,1.0,2.0,2.0,0.0,0.0,1.0,1.0,0.0,0.0,1.0,2.0,1.0,0.0,1.0,2.0,2.0,1.0,0.0,0.0,1.0,2.0,0.0,1.0,1.0,1.0,0.0,2.0,0.0,1.0,0.0,2.0,0.0,2.0,1.0,1.0,1.0,0.0,1.0,2.0,0.0,0.0,0.0,1.0,1.0,2.0,2.0,0.0,0.0,2.0,0.0,0.0,0.0,1.0,1.0,1.0,1.0,0.0,1.0,2.0,1.0,2.0,2.0,1.0,2.0,1.0,1.0,0.0,2.0,2.0,2.0,1.0,2.0,1.0,1.0
4165,2.0,0.0,2.0,2.0,0.0,0.0,2.0,2.0,2.0,2.0,1.0,1.0,0.0,2.0,1.0,2.0,2.0,1.0,0.0,1.0,1.0,0.0,1.0,0.0,2.0,1.0,1.0,1.0,1.0,2.0,0.0,2.0,1.0,0.0,0.0,1.0,1.0,2.0,1.0,1.0,2.0,1.0,2.0,0.0,1.0,1.0,1.0,0.0,2.0,0.0,0.0,1.0,2.0,0.0,2.0,0.0,2.0,0.0,2.0,2.0,1.0,2.0,0.0,1.0,1.0,0.0,1.0,0.0,1.0,0.0,2.0,1.0,0.0,0.0,1.0,0.0,2.0,0.0,0.0,0.0,2.0,1.0,0.0,2.0,2.0,2.0,0.0,2.0,0.0,1.0,1.0,1.0,0.0,2.0,2.0,2.0,2.0,1.0,2.0,1.0
4167,2.0,0.0,1.0,1.0,0.0,0.0,1.0,2.0,2.0,1.0,1.0,0.0,2.0,0.0,2.0,1.0,2.0,2.0,2.0,2.0,2.0,0.0,0.0,2.0,2.0,2.0,2.0,2.0,1.0,1.0,0.0,1.0,0.0,0.0,0.0,1.0,1.0,2.0,1.0,1.0,2.0,1.0,2.0,0.0,0.0,0.0,2.0,1.0,1.0,1.0,0.0,0.0,2.0,0.0,2.0,0.0,1.0,0.0,1.0,1.0,0.0,2.0,2.0,2.0,2.0,1.0,1.0,0.0,2.0,0.0,2.0,0.0,0.0,0.0,0.0,0.0,0.0,0.0,1.0,0.0,1.0,0.0,1.0,1.0,2.0,1.0,2.0,2.0,0.0,2.0,2.0,2.0,0.0,2.0,1.0,2.0,1.0,2.0,0.0,0.0
4185,2.0,0.0,2.0,0.0,1.0,1.0,2.0,1.0,2.0,1.0,1.0,0.0,1.0,2.0,2.0,2.0,2.0,2.0,2.0,1.0,2.0,0.0,0.0,1.0,2.0,0.0,1.0,2.0,1.0,0.0,0.0,1.0,1.0,0.0,0.0,2.0,2.0,2.0,0.0,1.0,2.0,0.0,1.0,2.0,0.0,1.0,2.0,1.0,0.0,1.0,1.0,0.0,2.0,0.0,2.0,0.0,2.0,0.0,2.0,2.0,1.0,2.0,0.0,2.0,2.0,1.0,1.0,0.0,1.0,0.0,2.0,2.0,0.0,0.0,0.0,0.0,2.0,0.0,1.0,0.0,1.0,0.0,1.0,1.0,2.0,1.0,2.0,2.0,0.0,2.0,2.0,2.0,0.0,2.0,0.0,2.0,0.0,1.0,0.0,1.0
4191,2.0,0.0,1.0,1.0,0.0,0.0,2.0,1.0,1.0,0.0,1.0,0.0,1.0,2.0,1.0,2.0,2.0,2.0,0.0,0.0,2.0,0.0,1.0,0.0,2.0,0.0,2.0,1.0,1.0,1.0,0.0,1.0,2.0,0.0,1.0,2.0,1.0,1.0,1.0,2.0,2.0,1.0,2.0,1.0,0.0,1.0,2.0,2.0,0.0,0.0,0.0,0.0,2.0,0.0,2.0,0.0,2.0,0.0,2.0,2.0,0.0,2.0,0.0,2.0,2.0,0.0,0.0,1.0,1.0,0.0,2.0,2.0,0.0,1.0,1.0,0.0,1.0,0.0,0.0,0.0,2.0,1.0,0.0,1.0,2.0,0.0,2.0,0.0,1.0,2.0,0.0,1.0,0.0,2.0,0.0,2.0,1.0,2.0,1.0,2.0
4193,2.0,1.0,0.0,1.0,0.0,0.0,0.0,2.0,1.0,0.0,1.0,0.0,1.0,2.0,1.0,2.0,2.0,1.0,1.0,1.0,2.0,0.0,0.0,0.0,2.0,1.0,2.0,1.0,1.0,2.0,0.0,1.0,1.0,0.0,1.0,1.0,1.0,2.0,1.0,0.0,2.0,1.0,1.0,1.0,0.0,1.0,2.0,1.0,1.0,1.0,1.0,0.0,2.0,0.0,2.0,0.0,2.0,0.0,2.0,2.0,1.0,2.0,0.0,1.0,2.0,1.0,2.0,1.0,2.0,0.0,2.0,2.0,0.0,0.0,0.0,0.0,2.0,0.0,0.0,0.0,2.0,0.0,1.0,1.0,2.0,1.0,2.0,2.0,0.0,2.0,1.0,2.0,0.0,1.0,0.0,2.0,2.0,2.0,2.0,2.0
4198,1.0,1.0,0.0,1.0,1.0,0.0,1.0,2.0,1.0,1.0,2.0,0.0,0.0,2.0,2.0,2.0,2.0,2.0,1.0,0.0,2.0,0.0,1.0,0.0,2.0,1.0,2.0,1.0,2.0,2.0,0.0,2.0,2.0,0.0,2.0,1.0,2.0,1.0,1.0,2.0,2.0,0.0,2.0,0.0,0.0,1.0,1.0,2.0,1.0,1.0,1.0,0.0,2.0,0.0,2.0,0.0,1.0,0.0,2.0,2.0,2.0,2.0,0.0,2.0,2.0,0.0,1.0,1.0,1.0,2.0,2.0,2.0,0.0,1.0,0.0,1.0,0.0,0.0,0.0,0.0,2.0,1.0,1.0,0.0,2.0,0.0,1.0,2.0,0.0,2.0,1.0,2.0,0.0,2.0,2.0,2.0,2.0,2.0,1.0,0.0
4201,1.0,0.0,2.0,1.0,1.0,1.0,2.0,2.0,2.0,2.0,1.0,0.0,2.0,2.0,2.0,2.0,2.0,1.0,1.0,2.0,1.0,0.0,1.0,0.0,1.0,1.0,2.0,1.0,1.0,0.0,0.0,2.0,2.0,0.0,1.0,1.0,2.0,2.0,1.0,1.0,2.0,0.0,2.0,0.0,0.0,1.0,2.0,1.0,1.0,1.0,0.0,0.0,2.0,0.0,2.0,1.0,1.0,0.0,2.0,2.0,1.0,2.0,1.0,2.0,2.0,0.0,0.0,1.0,2.0,1.0,2.0,1.0,0.0,0.0,1.0,0.0,1.0,1.0,0.0,0.0,0.0,0.0,0.0,2.0,2.0,1.0,1.0,2.0,1.0,2.0,1.0,1.0,0.0,2.0,2.0,2.0,1.0,2.0,1.0,0.0
4205,2.0,1.0,1.0,0.0,2.0,0.0,0.0,2.0,2.0,1.0,1.0,1.0,1.0,2.0,2.0,1.0,1.0,1.0,1.0,2.0,1.41,0.0,0.0,0.0,2.0,1.0,1.0,1.0,2.0,0.0,1.0,2.0,1.0,0.0,1.0,1.0,1.0,1.0,2.0,2.0,2.0,0.0,2.0,1.0,0.0,1.0,2.0,1.0,1.5,2.0,1.0,0.0,2.0,2.0,2.0,2.0,2.0,0.0,2.0,1.0,0.0,1.0,1.0,1.0,2.0,0.0,1.0,0.0,1.0,0.0,2.0,2.0,0.0,1.0,0.0,0.0,1.0,0.0,0.0,0.0,2.0,0.0,0.0,0.0,2.0,2.0,1.0,1.0,2.0,2.0,2.0,1.0,0.0,1.0,2.0,1.0,0.0,2.0,1.0,0.0
4206,0.0,0.0,2.0,1.0,1.0,0.0,2.0,1.0,2.0,0.0,1.0,2.0,1.0,2.0,2.0,2.0,2.0,1.0,0.0,0.0,2.0,1.0,1.0,1.0,2.0,1.0,1.0,1.0,0.0,2.0,0.0,2.0,1.0,0.0,1.0,1.0,1.0,0.0,2.0,2.0,2.0,1.0,1.0,2.0,0.0,0.0,2.0,0.0,1.0,1.0,1.0,0.0,2.0,0.0,2.0,2.0,2.0,0.0,1.0,1.0,1.0,2.0,1.0,2.0,2.0,1.0,0.0,2.0,2.0,0.0,2.0,2.0,0.0,2.0,2.0,0.0,1.0,0.0,0.0,0.0,2.0,1.0,0.0,0.0,2.0,2.0,1.0,2.0,1.0,2.0,2.0,0.0,0.0,2.0,2.0,2.0,1.0,1.0,1.0,0.0
4208,2.0,0.0,2.0,2.0,1.0,0.0,0.0,2.0,1.0,0.0,0.0,1.0,2.0,2.0,2.0,2.0,2.0,1.0,1.0,1.0,1.0,0.0,2.0,0.0,2.0,1.0,2.0,1.0,1.0,0.0,0.0,2.0,0.0,0.0,0.0,1.0,0.0,2.0,0.0,2.0,2.0,2.0,2.0,1.0,0.0,1.0,2.0,2.0,1.0,1.0,0.0,0.0,2.0,0.0,2.0,0.0,1.0,0.0,2.0,2.0,1.0,2.0,0.0,1.0,2.0,0.0,1.0,1.0,2.0,1.0,1.0,2.0,1.0,0.0,1.0,1.0,1.0,0.0,0.0,0.0,2.0,1.0,1.0,0.0,2.0,0.0,2.0,0.0,0.0,2.0,0.0,2.0,0.0,2.0,2.0,2.0,2.0,2.0,0.0,2.0
4211,1.0,1.0,1.0,0.0,1.0,0.0,2.0,1.0,2.0,0.0,2.0,0.0,2.0,2.0,2.0,2.0,2.0,1.0,1.0,0.0,1.0,1.0,1.0,0.0,2.0,1.0,2.0,1.0,2.0,1.0,1.0,1.0,0.0,0.0,1.0,0.0,1.0,1.0,2.0,1.0,2.0,1.0,2.0,1.0,0.0,2.0,2.0,0.0,1.0,0.0,0.0,0.0,2.0,0.0,2.0,1.0,1.0,0.0,1.0,1.0,2.0,2.0,1.0,2.0,2.0,0.0,1.0,0.0,2.0,0.0,2.0,1.0,0.0,1.0,1.0,0.0,1.0,0.0,0.0,0.0,1.0,0.0,0.0,1.0,2.0,1.0,1.0,2.0,1.0,2.0,1.0,0.0,0.0,2.0,2.0,2.0,1.0,2.0,1.0,0.0
4213,2.0,1.0,2.0,2.0,0.0,0.0,1.0,1.0,2.0,0.0,2.0,2.0,1.0,2.0,1.0,1.0,1.0,2.0,1.0,1.0,2.0,0.0,1.0,1.0,2.0,1.0,2.0,1.0,1.0,1.0,0.0,1.0,1.0,0.0,0.0,2.0,0.0,1.0,1.0,0.0,2.0,0.0,2.0,0.0,0.0,1.0,1.0,2.0,0.0,0.0,1.0,0.0,1.0,0.0,2.0,1.0,1.0,0.0,2.0,2.0,1.0,1.0,1.0,1.0,2.0,1.0,1.0,1.0,1.0,1.0,2.0,2.0,0.0,1.0,2.0,0.0,1.0,0.0,1.0,0.0,2.0,0.0,1.0,0.0,2.0,2.0,2.0,2.0,1.0,1.0,1.0,0.0,0.0,2.0,1.0,2.0,2.0,2.0,1.0,0.0
4214,2.0,1.0,2.0,2.0,0.0,0.0,2.0,2.0,2.0,0.0,1.0,1.0,1.0,2.0,2.0,1.0,1.0,2.0,1.0,1.0,1.0,0.0,1.0,0.0,2.0,1.0,2.0,1.0,0.0,1.0,0.0,1.0,2.0,0.0,2.0,2.0,0.0,2.0,1.0,2.0,2.0,0.0,2.0,0.0,0.0,1.0,2.0,2.0,1.0,0.0,1.0,0.0,1.0,0.0,2.0,1.0,2.0,0.0,2.0,2.0,0.0,2.0,1.0,0.0,2.0,1.0,0.0,1.0,1.0,1.0,2.0,2.0,0.0,0.0,2.0,0.0,1.0,0.0,1.0,0.0,2.0,1.0,0.0,0.0,2.0,2.0,2.0,2.0,1.0,1.0,1.0,0.0,0.0,2.0,1.0,2.0,2.0,2.0,2.0,0.0
4221,2.0,0.0,2.0,2.0,1.0,0.0,1.0,2.0,2.0,1.0,1.0,0.0,1.0,2.0,2.0,2.0,2.0,2.0,1.0,0.0,1.0,0.0,0.0,1.0,2.0,1.0,2.0,0.0,2.0,1.0,0.0,1.0,1.0,0.0,1.0,1.0,1.0,1.0,1.0,1.0,2.0,0.0,2.0,1.0,0.0,0.0,1.0,2.0,2.0,1.0,0.0,0.0,2.0,0.0,1.0,0.0,1.0,0.0,2.0,2.0,2.0,2.0,0.0,1.0,2.0,1.0,2.0,2.0,1.0,2.0,1.0,2.0,0.0,1.0,0.0,1.0,0.0,0.0,1.0,0.0,1.0,0.0,1.0,1.0,2.0,0.0,2.0,2.0,0.0,2.0,2.0,2.0,0.0,2.0,2.0,2.0,0.0,2.0,1.0,1.0
4224,2.0,0.0,2.0,1.0,1.0,0.0,1.0,2.0,2.0,2.0,0.0,0.0,1.0,1.0,2.0,2.0,2.0,1.0,2.0,0.0,2.0,0.0,0.0,0.0,2.0,1.0,2.0,2.0,2.0,1.0,0.0,2.0,1.0,1.0,1.0,1.0,2.0,2.0,0.0,2.0,2.0,1.0,2.0,1.0,0.0,0.0,1.0,0.0,2.0,2.0,0.0,0.0,2.0,0.0,1.0,1.0,1.0,0.0,2.0,1.0,0.0,2.0,0.0,2.0,2.0,0.0,1.0,2.0,2.0,1.0,2.0,2.0,0.0,0.0,1.0,1.0,0.0,0.0,1.0,0.0,2.0,0.0,1.0,1.0,2.0,0.0,2.0,1.0,1.0,2.0,1.0,2.0,0.0,2.0,1.0,2.0,0.0,2.0,0.0,0.0
4227,2.0,0.0,2.0,1.0,0.0,1.0,1.0,2.0,2.0,0.0,1.0,1.0,0.0,2.0,1.0,2.0,2.0,2.0,2.0,0.0,1.0,0.0,1.0,1.0,2.0,1.0,2.0,0.0,1.0,0.0,0.0,2.0,0.0,0.0,1.0,1.0,1.0,1.0,2.0,1.0,2.0,1.0,1.0,0.0,0.0,0.0,1.0,2.0,0.0,1.0,1.0,0.0,2.0,0.0,2.0,0.0,2.0,0.0,2.0,2.0,1.0,2.0,2.0,2.0,2.0,1.0,1.0,2.0,1.0,1.0,1.0,1.0,0.0,1.0,1.0,0.0,0.0,0.0,0.0,0.0,2.0,0.0,1.0,0.0,2.0,2.0,1.0,2.0,0.0,2.0,1.0,1.0,1.0,2.0,2.0,2.0,1.0,2.0,1.0,1.0
4228,2.0,0.0,2.0,1.0,0.0,1.0,2.0,2.0,2.0,0.0,0.0,2.0,1.0,2.0,1.0,2.0,1.0,1.0,2.0,0.0,2.0,0.0,1.0,1.0,2.0,1.0,2.0,0.0,1.0,0.0,0.0,2.0,1.0,1.0,0.0,2.0,1.0,1.0,2.0,2.0,2.0,1.0,1.0,0.0,0.0,1.0,1.0,1.0,1.0,1.0,0.0,0.0,2.0,0.0,2.0,0.0,2.0,0.0,2.0,2.0,1.0,2.0,1.0,2.0,2.0,1.0,1.0,2.0,2.0,1.0,1.0,1.0,0.0,1.0,1.0,0.0,0.0,0.0,0.0,0.0,1.0,0.0,1.0,0.0,2.0,1.0,1.0,1.0,0.0,2.0,1.0,1.0,0.0,2.0,2.0,2.0,1.0,2.0,2.0,1.0
4230,1.0,2.0,2.0,2.0,1.0,0.0,2.0,2.0,2.0,1.0,1.0,0.0,2.0,2.0,1.0,2.0,2.0,1.0,1.0,2.0,2.0,0.0,1.0,0.0,2.0,1.0,1.0,0.0,2.0,0.0,0.0,2.0,1.0,1.0,0.0,2.0,1.0,2.0,1.0,1.0,2.0,1.0,1.0,0.0,0.0,0.0,1.0,0.0,1.0,1.0,0.0,0.0,2.0,0.0,0.0,0.0,1.0,0.0,2.0,2.0,0.0,2.0,0.0,2.0,1.0,0.0,2.0,0.0,1.0,1.0,1.0,0.0,1.0,0.0,1.0,0.0,0.0,0.0,0.0,0.0,2.0,1.0,0.0,0.0,2.0,1.0,1.0,1.0,2.0,2.0,1.0,0.0,0.0,2.0,1.0,2.0,2.0,2.0,1.0,1.0
4232,2.0,0.0,1.0,0.0,0.0,0.0,1.0,1.0,2.0,0.0,1.0,0.0,2.0,2.0,1.0,2.0,2.0,1.0,2.0,1.0,1.0,0.0,2.0,1.0,2.0,0.0,2.0,0.0,1.0,1.0,0.0,1.0,2.0,0.0,2.0,1.0,2.0,1.0,0.0,2.0,2.0,0.0,1.0,1.0,0.0,0.0,2.0,2.0,2.0,0.0,0.0,0.0,2.0,0.0,1.0,0.0,1.0,0.0,1.0,2.0,2.0,2.0,0.0,2.0,2.0,0.0,0.0,2.0,2.0,2.0,1.0,2.0,0.0,1.0,0.0,0.0,0.0,0.0,0.0,0.0,1.0,1.0,1.0,2.0,2.0,0.0,0.0,2.0,2.0,2.0,1.0,2.0,0.0,2.0,2.0,2.0,0.0,2.0,1.0,0.0
4233,1.0,0.0,2.0,2.0,0.0,1.0,2.0,2.0,2.0,0.0,0.0,0.0,0.0,2.0,2.0,2.0,1.0,0.0,2.0,0.0,1.0,0.0,2.0,1.0,2.0,1.0,2.0,2.0,1.0,1.0,0.0,2.0,1.0,0.0,0.0,0.0,2.0,1.0,1.0,1.0,2.0,0.0,2.0,2.0,0.0,0.0,2.0,1.0,1.0,0.0,1.0,0.0,2.0,0.0,2.0,0.0,2.0,1.0,1.0,2.0,2.0,2.0,1.0,1.0,2.0,0.0,1.0,2.0,0.0,1.0,1.0,2.0,0.0,1.0,2.0,0.0,1.0,0.0,1.0,0.0,2.0,0.0,0.0,1.0,2.0,1.0,2.0,1.0,0.0,2.0,1.0,2.0,1.0,0.0,2.0,2.0,0.0,2.0,1.0,1.0
4238,1.0,0.0,2.0,2.0,0.0,0.0,2.0,2.0,2.0,0.0,1.0,0.0,2.0,1.0,2.0,2.0,2.0,2.0,2.0,0.0,0.0,0.0,1.0,1.0,2.0,0.0,2.0,2.0,0.0,1.0,0.0,1.0,0.0,0.0,1.0,2.0,0.0,2.0,2.0,0.0,2.0,0.0,2.0,2.0,0.0,0.0,2.0,2.0,2.0,1.0,0.0,0.0,2.0,0.0,2.0,1.0,1.0,0.0,2.0,0.0,0.0,2.0,0.0,1.0,2.0,1.0,0.0,2.0,2.0,1.0,2.0,2.0,0.0,0.0,1.0,0.0,2.0,0.0,0.0,0.0,0.0,2.0,1.0,1.0,2.0,0.0,1.0,1.0,0.0,2.0,2.0,2.0,0.0,2.0,2.0,2.0,1.0,2.0,1.0,1.0
4239,2.0,0.0,1.0,1.0,0.0,0.0,2.0,2.0,2.0,0.0,0.0,0.0,2.0,1.0,2.0,2.0,2.0,2.0,0.0,0.0,2.0,0.0,1.0,2.0,2.0,1.0,2.0,2.0,2.0,2.0,0.0,1.0,0.0,1.0,0.0,2.0,1.0,1.0,1.0,1.0,2.0,1.0,2.0,0.0,0.0,0.0,2.0,1.0,2.0,1.0,0.0,0.0,2.0,0.0,2.0,0.0,1.0,0.0,2.0,2.0,0.0,2.0,1.0,2.0,2.0,1.0,1.0,1.0,1.0,0.0,2.0,0.0,0.0,1.0,0.0,0.0,1.0,0.0,1.0,0.0,2.0,0.0,1.0,1.0,2.0,0.0,2.0,1.0,1.0,2.0,2.0,1.0,0.0,2.0,1.0,2.0,2.0,2.0,1.0,0.0
4242,2.0,0.0,2.0,0.0,1.0,0.0,0.0,2.0,1.0,0.0,1.0,0.0,0.0,2.0,2.0,2.0,2.0,1.0,1.0,1.0,2.0,0.0,2.0,0.0,2.0,1.0,1.0,2.0,0.0,0.0,0.0,2.0,1.0,1.0,0.0,1.0,2.0,2.0,1.0,2.0,2.0,1.0,2.0,0.0,0.0,1.0,2.0,2.0,2.0,0.0,0.0,0.0,2.0,0.0,2.0,0.0,2.0,0.0,2.0,2.0,1.0,1.0,0.0,2.0,2.0,0.0,1.0,1.0,2.0,0.0,1.0,2.0,1.0,0.0,1.0,1.0,1.0,0.0,1.0,0.0,1.0,0.0,0.0,2.0,2.0,2.0,1.0,1.0,1.0,2.0,1.0,1.0,0.0,1.0,1.0,2.0,0.0,1.0,1.0,1.0
4249,2.0,2.0,2.0,1.0,0.0,0.0,2.0,2.0,1.0,1.0,0.0,0.0,2.0,2.0,1.0,1.0,2.0,1.0,1.0,1.0,2.0,0.0,1.0,0.0,2.0,0.0,2.0,0.0,2.0,2.0,0.0,2.0,2.0,0.0,2.0,1.0,1.0,2.0,2.0,2.0,2.0,1.0,1.0,1.0,0.0,0.0,2.0,2.0,2.0,0.0,0.0,0.0,2.0,0.0,1.0,0.0,0.0,0.0,1.0,2.0,1.0,2.0,1.0,1.0,2.0,0.0,1.0,1.0,1.0,1.0,1.0,2.0,0.0,0.0,0.0,0.0,0.0,0.0,0.0,0.0,1.0,0.0,0.0,2.0,2.0,0.0,2.0,2.0,1.0,2.0,1.0,2.0,0.0,2.0,2.0,2.0,1.0,2.0,0.0,0.0
4256,2.0,0.0,2.0,1.0,1.0,1.0,1.0,1.0,2.0,1.0,1.0,0.0,1.0,2.0,1.0,2.0,2.0,1.0,1.0,1.0,2.0,0.0,0.0,0.0,2.0,1.0,1.0,0.0,1.0,2.0,1.0,2.0,0.0,0.0,1.0,2.0,0.0,1.0,1.0,1.0,1.0,1.0,1.0,1.0,1.0,0.0,1.0,2.0,1.0,1.0,0.0,0.0,2.0,0.0,1.0,0.0,1.0,0.0,2.0,2.0,1.0,1.0,1.0,1.0,2.0,0.0,1.0,0.0,1.0,1.0,2.0,1.0,0.0,1.0,1.0,1.0,2.0,0.0,1.0,0.0,1.0,0.0,1.0,1.0,2.0,0.0,1.0,2.0,1.0,1.0,1.0,1.0,1.0,1.0,2.0,1.0,0.0,2.0,1.0,0.0
4269,2.0,2.0,0.0,0.0,0.0,0.0,1.0,2.0,2.0,1.0,1.0,0.0,1.0,2.0,1.0,2.0,2.0,0.0,1.0,1.0,2.0,0.0,2.0,1.0,2.0,1.0,2.0,1.0,1.0,1.0,0.0,1.0,1.0,0.0,0.0,1.0,2.0,2.0,0.0,1.0,2.0,1.0,2.0,1.0,0.0,0.0,2.0,0.0,0.0,1.0,0.0,0.0,2.0,0.0,2.0,1.0,1.0,0.0,2.0,2.0,1.0,2.0,0.0,0.0,2.0,0.0,2.0,0.0,2.0,1.0,2.0,1.0,0.0,0.0,1.0,2.0,0.0,0.0,1.0,0.0,1.0,1.0,0.0,1.0,2.0,1.0,0.0,2.0,1.0,2.0,1.0,1.0,1.0,2.0,2.0,1.0,1.0,2.0,1.0,2.0
4272,1.0,1.0,2.0,1.0,1.0,0.0,0.0,2.0,1.0,0.0,1.0,1.0,2.0,2.0,2.0,1.0,2.0,1.0,0.0,1.0,2.0,0.0,0.0,0.0,2.0,2.0,2.0,0.0,1.0,1.0,0.0,2.0,2.0,0.0,0.0,1.0,1.0,1.0,1.0,2.0,2.0,0.0,2.0,1.0,0.0,1.0,1.0,1.0,1.0,2.0,0.0,0.0,2.0,0.0,1.0,0.0,2.0,0.0,2.0,0.0,1.0,2.0,0.0,2.0,2.0,0.0,2.0,1.0,2.0,1.0,1.0,2.0,0.0,1.0,1.0,0.0,0.0,0.0,1.0,0.0,0.0,0.0,0.0,2.0,2.0,0.0,2.0,1.0,1.0,2.0,2.0,2.0,0.0,2.0,2.0,2.0,1.0,2.0,1.0,2.0
4288,2.0,1.0,1.0,0.0,1.0,0.0,1.0,2.0,1.0,0.0,2.0,0.0,1.0,1.0,2.0,2.0,2.0,0.0,1.0,0.0,2.0,0.0,2.0,1.0,2.0,0.0,1.0,1.0,2.0,1.0,0.0,2.0,0.0,0.0,2.0,1.0,2.0,2.0,1.0,1.0,2.0,0.0,1.0,2.0,0.0,0.0,2.0,1.0,2.0,1.0,0.0,0.0,2.0,0.0,2.0,2.0,1.0,0.0,2.0,2.0,1.0,2.0,0.0,2.0,2.0,0.0,1.0,0.0,1.0,0.0,2.0,2.0,0.0,0.0,1.0,1.0,0.0,0.0,0.0,0.0,2.0,1.0,1.0,1.0,2.0,1.0,2.0,1.0,1.0,2.0,1.0,2.0,0.0,2.0,1.0,1.0,1.0,2.0,0.0,1.0
4291,0.0,1.0,1.0,0.0,2.0,1.0,1.0,0.0,1.0,0.0,1.0,0.0,0.0,2.0,1.0,0.0,1.0,1.0,1.0,1.0,0.0,0.0,0.0,0.0,2.0,1.0,1.0,0.0,0.0,0.0,1.0,2.0,1.0,0.0,1.0,0.0,1.0,2.0,1.0,2.0,1.0,2.0,0.0,1.0,0.0,0.0,2.0,1.0,2.0,0.0,0.0,0.0,2.0,0.0,0.0,0.0,2.0,1.0,2.0,2.0,1.0,2.0,2.0,2.0,0.0,0.0,1.0,1.0,0.0,1.0,2.0,2.0,0.0,0.0,1.0,0.0,2.0,0.0,0.0,0.0,2.0,1.0,0.0,1.0,2.0,2.0,0.0,2.0,2.0,1.0,1.0,0.0,1.0,2.0,2.0,2.0,1.0,2.0,1.0,1.0
4293,0.0,1.0,1.0,1.0,0.0,2.0,1.0,2.0,2.0,1.0,1.0,1.0,0.0,2.0,0.0,2.0,1.0,1.0,0.0,0.0,1.0,0.0,1.0,1.0,2.0,2.0,1.0,0.0,2.0,1.0,0.0,2.0,2.0,0.0,0.0,0.0,2.0,1.0,0.0,2.0,2.0,2.0,2.0,1.0,0.0,0.0,2.0,1.0,2.0,0.0,0.0,0.0,2.0,1.0,1.0,0.0,2.0,0.0,2.0,2.0,1.0,2.0,1.0,2.0,2.0,0.0,1.0,0.0,0.0,0.0,2.0,2.0,0.0,1.0,1.0,0.0,1.0,0.0,0.0,0.0,2.0,1.0,0.0,0.0,2.0,2.0,2.0,1.0,1.0,1.0,1.0,1.0,1.0,2.0,1.0,2.0,0.0,2.0,0.0,0.0
4294,2.0,0.0,2.0,0.0,1.0,0.0,1.0,2.0,2.0,0.0,0.0,0.0,2.0,2.0,2.0,2.0,2.0,1.0,1.0,1.0,2.0,0.0,1.0,0.0,2.0,0.0,2.0,2.0,1.0,1.0,0.0,2.0,1.0,1.0,1.0,1.0,2.0,2.0,2.0,2.0,2.0,2.0,2.0,1.0,0.0,2.0,2.0,1.0,1.0,1.0,0.0,0.0,2.0,0.0,1.0,0.0,2.0,0.0,2.0,2.0,2.0,2.0,0.0,1.0,2.0,0.0,1.0,1.0,2.0,2.0,1.0,2.0,0.0,0.0,0.0,1.0,0.0,0.0,0.0,0.0,0.0,0.0,1.0,1.0,2.0,0.0,2.0,1.0,1.0,2.0,1.0,2.0,0.0,2.0,2.0,2.0,1.0,2.0,1.0,0.0
4297,2.0,1.0,2.0,1.0,1.0,0.0,2.0,2.0,1.0,0.0,1.0,1.0,2.0,2.0,1.0,2.0,2.0,1.0,1.0,1.0,2.0,0.0,2.0,0.0,2.0,0.0,2.0,1.0,1.0,1.0,0.0,2.0,0.0,0.0,0.0,2.0,2.0,2.0,0.0,0.0,2.0,1.0,2.0,1.0,0.0,0.0,2.0,2.0,0.0,0.0,0.0,0.0,2.0,0.0,2.0,2.0,2.0,0.0,2.0,2.0,1.0,2.0,0.0,2.0,2.0,0.0,0.0,1.0,1.0,1.0,2.0,2.0,0.0,0.0,1.0,0.0,0.0,0.0,1.0,0.0,1.0,2.0,0.0,1.0,2.0,0.0,2.0,1.0,1.0,2.0,1.0,1.0,0.0,2.0,1.0,1.0,1.0,2.0,0.0,1.0
4300,1.0,0.0,2.0,0.0,1.0,0.0,2.0,0.0,0.0,0.0,1.0,0.0,0.0,2.0,1.0,2.0,2.0,1.0,1.0,0.0,1.0,0.0,1.0,0.0,2.0,0.0,1.0,1.0,2.0,2.0,0.0,2.0,1.0,0.0,1.0,1.0,2.0,0.0,0.0,1.0,2.0,0.0,2.0,0.0,0.0,0.0,2.0,2.0,0.0,0.0,0.0,0.0,2.0,0.0,2.0,0.0,2.0,0.0,2.0,2.0,1.0,1.0,1.0,0.0,2.0,0.0,0.0,1.0,1.0,0.0,2.0,2.0,0.0,2.0,0.0,0.0,0.0,0.0,0.0,0.0,1.0,1.0,1.0,0.0,2.0,1.0,2.0,2.0,1.0,2.0,1.0,2.0,0.0,2.0,0.0,1.0,0.0,2.0,0.0,0.0
4302,2.0,0.0,2.0,1.0,1.0,0.0,1.0,1.0,2.0,0.0,0.0,0.0,0.0,0.0,1.0,2.0,2.0,2.0,0.0,2.0,1.0,0.0,2.0,0.0,2.0,0.0,2.0,1.0,2.0,1.0,0.0,2.0,1.0,0.0,1.0,0.0,1.0,1.0,1.0,1.0,2.0,0.0,1.0,1.0,0.0,0.0,2.0,1.0,1.0,1.0,0.0,0.0,2.0,0.0,2.0,0.0,2.0,0.0,2.0,2.0,1.0,2.0,0.0,0.0,2.0,0.0,0.0,0.0,1.0,1.0,2.0,1.0,0.0,1.0,0.0,0.0,0.0,0.0,1.0,0.0,1.0,0.0,0.0,1.0,2.0,1.0,2.0,2.0,0.0,2.0,1.0,2.0,0.0,2.0,1.0,2.0,1.0,2.0,2.0,0.0
4303,2.0,0.0,2.0,0.0,0.0,0.0,0.0,2.0,1.0,0.0,0.0,0.0,1.0,2.0,2.0,2.0,2.0,1.0,2.0,1.0,2.0,0.0,1.0,0.0,2.0,0.0,2.0,2.0,0.0,1.0,0.0,2.0,1.0,0.0,1.0,1.0,2.0,2.0,2.0,1.0,2.0,1.0,1.0,2.0,0.0,0.0,2.0,2.0,1.0,1.0,0.0,0.0,2.0,0.0,2.0,0.0,1.0,0.0,2.0,2.0,0.0,1.0,0.0,2.0,2.0,0.0,0.0,2.0,2.0,1.0,2.0,2.0,0.0,0.0,1.0,0.0,0.0,0.0,0.0,0.0,1.0,0.0,0.0,0.0,2.0,0.0,1.0,2.0,0.0,2.0,2.0,2.0,0.0,2.0,2.0,2.0,0.0,2.0,1.0,0.0
4307,1.0,1.0,2.0,1.0,0.0,1.0,1.0,1.0,1.0,0.0,1.0,2.0,2.0,1.0,1.0,2.0,2.0,2.0,1.0,2.0,1.0,0.0,1.0,0.0,2.0,1.0,2.0,2.0,2.0,1.0,0.0,2.0,1.0,1.0,0.0,2.0,2.0,2.0,2.0,1.0,2.0,0.0,2.0,1.0,0.0,1.0,2.0,1.0,1.0,0.0,0.0,0.0,2.0,0.0,2.0,0.0,2.0,0.0,2.0,1.0,2.0,2.0,0.0,1.0,2.0,0.0,1.0,2.0,1.0,1.0,1.0,2.0,0.0,0.0,0.0,0.0,0.0,0.0,0.0,0.0,2.0,1.0,0.0,0.0,2.0,0.0,1.0,1.0,0.0,2.0,1.0,2.0,0.0,2.0,1.0,2.0,0.0,2.0,0.0,1.0
4310,2.0,0.0,0.0,1.0,1.0,1.0,2.0,2.0,2.0,1.0,1.0,0.0,2.0,2.0,2.0,2.0,2.0,1.0,1.0,2.0,2.0,0.0,1.0,0.0,2.0,0.0,2.0,1.0,2.0,0.0,0.0,2.0,1.0,1.0,0.0,1.0,2.0,2.0,1.0,1.0,2.0,0.0,2.0,0.0,0.0,0.0,2.0,1.0,1.0,0.0,0.0,0.0,2.0,0.0,2.0,0.0,2.0,0.0,2.0,2.0,1.0,2.0,0.0,1.0,2.0,0.0,1.0,0.0,2.0,1.0,2.0,1.0,1.0,0.0,0.0,0.0,1.0,0.0,0.0,0.0,2.0,0.0,1.0,0.0,2.0,1.0,2.0,0.0,0.0,2.0,2.0,2.0,0.0,2.0,1.0,1.0,1.0,2.0,1.0,2.0
4311,2.0,0.0,2.0,0.0,0.0,0.0,2.0,2.0,2.0,0.0,0.0,0.0,1.0,2.0,2.0,2.0,2.0,2.0,1.0,1.0,2.0,0.0,0.0,0.0,2.0,2.0,2.0,2.0,1.0,1.0,0.0,1.0,1.0,0.0,1.0,1.0,2.0,2.0,1.0,1.0,1.0,0.0,1.0,1.0,0.0,1.0,2.0,1.0,1.0,1.0,0.0,0.0,2.0,0.0,2.0,1.0,2.0,0.0,1.0,2.0,2.0,2.0,0.0,2.0,2.0,0.0,1.0,2.0,1.0,0.0,2.0,2.0,0.0,0.0,1.0,1.0,0.0,0.0,0.0,0.0,2.0,0.0,1.0,1.0,2.0,1.0,0.0,0.0,2.0,2.0,2.0,2.0,0.0,2.0,0.0,2.0,1.0,2.0,0.0,0.0
4313,2.0,0.0,1.0,1.0,0.0,0.0,2.0,2.0,2.0,0.0,0.0,1.0,1.0,1.0,2.0,2.0,2.0,2.0,1.0,0.0,1.0,0.0,0.0,1.0,2.0,1.0,1.0,2.0,1.0,1.0,0.0,2.0,1.0,0.0,0.0,0.0,2.0,0.0,1.0,1.0,2.0,1.0,2.0,0.0,0.0,1.0,2.0,2.0,1.0,2.0,0.0,0.0,2.0,0.0,2.0,0.0,0.0,0.0,2.0,2.0,1.0,2.0,0.0,2.0,2.0,0.0,2.0,1.0,2.0,0.0,2.0,1.0,0.0,1.0,0.0,0.0,1.0,0.0,1.0,0.0,1.0,0.0,1.0,2.0,2.0,0.0,2.0,1.0,0.0,2.0,1.0,1.0,0.0,2.0,2.0,2.0,1.0,2.0,1.0,1.0
4314,2.0,0.0,2.0,2.0,1.0,0.0,2.0,2.0,2.0,0.0,0.0,0.0,2.0,1.0,2.0,2.0,1.0,2.0,2.0,0.0,1.0,0.0,1.0,1.0,2.0,0.0,2.0,1.0,2.0,0.0,0.0,2.0,0.0,0.0,1.0,1.0,0.0,1.0,2.0,1.0,2.0,0.0,1.0,0.0,0.0,0.0,1.0,1.0,2.0,0.0,0.0,0.0,2.0,0.0,1.0,0.0,1.0,0.0,2.0,2.0,0.0,2.0,1.0,2.0,2.0,1.0,1.0,1.0,0.0,2.0,1.0,1.0,0.0,1.0,0.0,0.0,0.0,0.0,0.0,0.0,0.0,1.0,0.0,1.0,2.0,0.0,2.0,2.0,0.0,2.0,1.0,0.0,0.0,2.0,1.0,2.0,0.0,2.0,1.0,1.0
4320,2.0,0.0,1.0,1.0,1.0,0.0,0.0,2.0,2.0,1.0,1.0,1.0,2.0,1.0,2.0,1.0,2.0,0.0,2.0,1.0,2.0,0.0,0.0,1.0,2.0,1.0,1.0,1.0,2.0,0.0,0.0,2.0,1.0,0.0,1.0,2.0,1.0,1.0,1.0,1.0,2.0,0.0,2.0,1.0,0.0,2.0,2.0,0.0,1.0,1.0,0.0,0.0,2.0,0.0,2.0,0.0,2.0,0.0,2.0,2.0,0.0,2.0,0.0,2.0,2.0,0.0,0.0,0.0,1.0,0.0,2.0,1.0,0.0,0.0,0.0,1.0,1.0,0.0,1.0,0.0,2.0,1.0,0.0,2.0,2.0,1.0,0.0,2.0,1.0,2.0,2.0,2.0,0.0,1.0,1.0,2.0,0.0,2.0,0.0,1.0
4329,1.0,0.0,2.0,1.0,0.0,0.0,2.0,2.0,2.0,0.0,1.0,0.0,1.0,1.0,1.0,2.0,2.0,1.0,0.0,2.0,2.0,0.0,0.0,0.0,2.0,2.0,2.0,2.0,1.0,0.0,0.0,1.0,2.0,0.0,1.0,0.0,1.0,2.0,1.0,2.0,2.0,0.0,1.0,0.0,0.0,2.0,2.0,0.0,1.0,0.0,0.0,0.0,2.0,0.0,2.0,1.0,2.0,0.0,1.0,2.0,1.0,2.0,1.0,2.0,2.0,1.0,1.0,2.0,0.0,1.0,2.0,2.0,0.0,1.0,2.0,0.0,1.0,0.0,0.0,0.0,2.0,1.0,0.0,1.0,2.0,1.0,1.0,0.0,1.0,2.0,0.0,2.0,0.0,2.0,0.0,1.0,1.0,2.0,0.0,1.0
4339,0.0,0.0,0.0,2.0,0.0,0.0,0.0,2.0,1.0,0.0,0.0,1.0,0.0,2.0,2.0,2.0,2.0,1.0,2.0,1.0,2.0,0.0,0.0,0.0,2.0,2.0,2.0,1.0,1.0,2.0,0.0,1.0,1.0,0.0,1.0,0.0,0.0,2.0,1.0,1.0,2.0,1.0,1.0,0.0,0.0,1.0,1.0,1.0,0.0,1.0,0.0,0.0,2.0,0.0,2.0,1.0,1.0,0.0,2.0,1.0,0.0,2.0,0.0,2.0,2.0,1.0,0.0,1.0,2.0,1.0,2.0,1.0,0.0,1.0,0.0,0.0,0.0,0.0,1.0,0.0,1.0,2.0,0.0,1.0,2.0,0.0,1.0,1.0,1.0,2.0,1.0,2.0,0.0,2.0,0.0,2.0,0.0,2.0,1.0,2.0
4351,2.0,0.0,1.0,1.0,0.0,0.0,2.0,2.0,1.0,0.0,1.0,0.0,2.0,2.0,2.0,2.0,2.0,2.0,2.0,2.0,1.0,0.0,1.0,0.0,2.0,1.0,2.0,0.0,1.0,1.0,0.0,2.0,1.0,0.0,2.0,2.0,1.0,1.0,1.0,1.0,2.0,1.0,1.0,1.0,0.0,0.0,2.0,2.0,1.0,0.0,0.0,0.0,2.0,0.0,2.0,0.0,2.0,0.0,2.0,2.0,0.0,2.0,1.0,1.0,2.0,1.0,1.0,1.0,2.0,0.0,2.0,2.0,0.0,1.0,1.0,1.0,1.0,0.0,1.0,0.0,2.0,0.0,0.0,0.0,2.0,0.0,2.0,0.0,0.0,2.0,1.0,2.0,0.0,2.0,1.0,2.0,2.0,2.0,1.0,0.0
4354,2.0,0.0,2.0,0.0,1.0,0.0,0.0,2.0,1.0,1.0,2.0,1.0,1.0,1.0,2.0,2.0,2.0,1.0,2.0,1.0,1.0,0.0,2.0,0.0,2.0,0.0,1.0,2.0,1.0,1.0,0.0,2.0,0.0,0.0,0.0,1.0,2.0,1.0,0.0,0.0,2.0,2.0,2.0,0.0,0.0,0.0,2.0,2.0,1.0,0.0,0.0,0.0,2.0,0.0,1.0,1.0,1.0,0.0,2.0,2.0,2.0,2.0,0.0,1.0,2.0,0.0,1.0,2.0,2.0,0.0,2.0,2.0,0.0,1.0,0.0,0.0,0.0,0.0,0.0,0.0,2.0,2.0,0.0,1.0,2.0,0.0,1.0,0.0,0.0,2.0,2.0,1.0,0.0,2.0,2.0,2.0,0.0,2.0,1.0,0.0
4356,2.0,0.0,2.0,1.0,0.0,1.0,1.0,2.0,1.0,0.0,1.0,1.0,2.0,2.0,2.0,2.0,2.0,0.0,2.0,1.0,2.0,0.0,2.0,0.0,2.0,0.0,2.0,1.0,1.0,1.0,0.0,2.0,0.0,0.0,0.0,1.0,2.0,2.0,2.0,1.0,2.0,2.0,2.0,0.0,0.0,0.0,2.0,2.0,0.0,1.0,0.0,0.0,2.0,0.0,2.0,0.0,1.0,0.0,2.0,2.0,1.0,2.0,0.0,2.0,2.0,0.0,1.0,0.0,2.0,1.0,2.0,2.0,0.0,0.0,0.0,0.0,2.0,0.0,0.0,0.0,2.0,1.0,1.0,1.0,2.0,0.0,2.0,1.0,0.0,2.0,2.0,2.0,0.0,2.0,2.0,2.0,1.0,2.0,1.0,1.0
4358,2.0,2.0,1.0,2.0,0.0,0.0,0.0,2.0,2.0,1.0,1.0,0.0,1.0,2.0,2.0,1.0,2.0,1.0,0.0,1.0,1.0,0.0,1.0,0.0,2.0,1.0,1.0,1.0,1.0,1.0,0.0,2.0,0.0,1.0,0.0,1.0,0.0,2.0,1.0,0.0,2.0,1.0,0.0,1.0,0.0,0.0,2.0,1.0,2.0,0.0,0.0,0.0,2.0,0.0,1.0,1.0,1.0,0.0,2.0,1.0,1.0,2.0,0.0,1.0,2.0,1.0,2.0,1.0,2.0,2.0,2.0,1.0,0.0,0.0,1.0,1.0,1.0,0.0,1.0,0.0,0.0,1.0,0.0,1.0,2.0,0.0,2.0,1.0,0.0,2.0,0.0,1.0,0.0,2.0,1.0,2.0,2.0,2.0,2.0,1.0
4365,2.0,1.0,1.0,0.0,1.0,0.0,0.0,1.0,1.0,0.0,0.0,0.0,0.0,1.0,2.0,2.0,2.0,0.0,0.0,0.0,1.0,0.0,1.0,0.0,2.0,1.0,2.0,1.0,1.0,1.0,0.0,2.0,1.0,0.0,1.0,1.0,2.0,2.0,1.0,1.0,1.0,1.0,1.0,0.0,0.0,0.0,2.0,2.0,2.0,0.0,0.0,0.0,2.0,0.0,2.0,0.0,0.0,0.0,2.0,2.0,1.0,2.0,0.0,2.0,2.0,0.0,0.0,2.0,1.0,0.0,1.0,2.0,1.0,0.0,2.0,1.0,0.0,0.0,1.0,0.0,1.0,0.0,1.0,2.0,2.0,1.0,1.0,2.0,0.0,2.0,1.0,0.0,0.0,2.0,2.0,2.0,1.0,2.0,2.0,1.0
4366,2.0,0.0,1.0,0.0,1.0,0.0,2.0,1.0,2.0,0.0,0.0,0.0,1.0,2.0,2.0,2.0,2.0,1.0,0.0,1.0,1.0,0.0,0.0,0.0,2.0,1.0,1.0,2.0,2.0,2.0,0.0,2.0,2.0,0.0,2.0,1.0,2.0,2.0,0.0,2.0,1.0,2.0,2.0,0.0,0.0,0.0,2.0,1.0,1.0,0.0,0.0,0.0,2.0,0.0,1.0,0.0,0.0,0.0,2.0,2.0,0.0,1.0,0.0,2.0,2.0,0.0,0.0,1.0,1.0,0.0,2.0,2.0,1.0,0.0,1.0,0.0,0.0,0.0,2.0,0.0,1.0,0.0,0.0,2.0,2.0,0.0,1.0,2.0,2.0,2.0,1.0,1.0,0.0,2.0,1.0,2.0,0.0,2.0,2.0,1.0
4369,2.0,0.0,2.0,1.0,0.0,2.0,2.0,1.0,1.0,1.0,1.0,0.0,0.0,2.0,1.0,2.0,2.0,1.0,1.0,1.0,1.0,0.0,1.0,1.0,2.0,0.0,2.0,1.0,1.0,2.0,0.0,2.0,0.0,0.0,0.0,2.0,2.0,2.0,2.0,1.0,2.0,0.0,2.0,1.0,0.0,0.0,2.0,2.0,0.0,0.0,0.0,0.0,2.0,0.0,2.0,1.0,1.0,0.0,2.0,2.0,1.0,2.0,1.0,2.0,2.0,0.0,2.0,0.0,1.0,1.0,2.0,2.0,0.0,0.0,0.0,0.0,2.0,0.0,0.0,0.0,1.0,0.0,0.0,0.0,2.0,2.0,2.0,1.0,0.0,2.0,0.0,2.0,0.0,2.0,1.0,2.0,0.0,2.0,0.0,0.0
4372,2.0,1.0,1.0,1.0,1.0,0.0,1.0,2.0,2.0,1.0,1.0,2.0,1.0,2.0,2.0,2.0,2.0,1.0,2.0,2.0,2.0,0.0,1.0,1.0,2.0,2.0,2.0,1.0,2.0,2.0,0.0,2.0,0.0,0.0,0.0,1.0,2.0,1.0,0.0,1.0,2.0,2.0,2.0,0.0,0.0,2.0,1.0,2.0,1.0,0.0,0.0,0.0,2.0,0.0,2.0,0.0,2.0,0.0,1.0,2.0,1.0,2.0,0.0,1.0,2.0,1.0,0.0,1.0,2.0,1.0,2.0,2.0,0.0,0.0,0.0,1.0,2.0,0.0,0.0,0.0,1.0,1.0,0.0,2.0,2.0,1.0,2.0,1.0,1.0,2.0,1.0,2.0,0.0,2.0,2.0,2.0,1.0,2.0,1.0,1.0
4384,0.0,0.0,1.0,0.0,0.0,0.0,2.0,2.0,1.0,1.0,0.0,1.0,1.0,1.0,2.0,2.0,2.0,1.0,1.0,0.0,2.0,0.0,1.0,0.0,2.0,2.0,1.0,1.0,1.0,0.0,0.0,2.0,2.0,0.0,1.0,1.0,2.0,0.0,2.0,2.0,2.0,1.0,2.0,0.0,0.0,1.0,2.0,1.0,1.05,0.0,0.0,0.0,2.0,0.0,2.0,0.0,2.0,0.0,2.0,2.0,0.0,2.0,0.0,2.0,2.0,0.0,0.0,2.0,1.0,0.0,1.0,2.0,0.0,2.0,1.0,0.0,0.0,0.0,0.0,0.0,1.0,1.0,0.0,1.0,2.0,2.0,0.0,1.0,2.0,2.0,1.0,1.0,0.0,1.0,1.0,2.0,2.0,2.0,0.0,0.0
4385,2.0,1.0,0.0,1.0,0.0,0.0,2.0,2.0,2.0,0.0,2.0,1.0,2.0,1.0,1.0,2.0,2.0,0.0,1.0,0.0,2.0,0.0,1.0,0.0,2.0,1.0,2.0,1.0,1.0,2.0,0.0,2.0,0.0,0.0,1.0,1.0,2.0,2.0,1.0,2.0,2.0,0.0,2.0,1.0,0.0,1.0,2.0,1.0,2.0,1.0,0.0,0.0,2.0,0.0,2.0,1.0,1.0,1.0,2.0,2.0,1.0,2.0,0.0,2.0,2.0,0.0,2.0,2.0,2.0,0.0,1.0,2.0,0.0,0.0,1.0,0.0,0.0,0.0,1.0,0.0,1.0,0.0,0.0,0.0,2.0,0.0,1.0,2.0,1.0,2.0,1.0,2.0,0.0,2.0,0.0,2.0,1.0,2.0,1.0,1.0
4387,2.0,0.0,1.0,1.0,0.0,1.0,1.0,2.0,1.0,0.0,0.0,0.0,2.0,2.0,2.0,2.0,2.0,2.0,1.0,0.0,2.0,0.0,1.0,0.0,2.0,0.0,2.0,2.0,1.0,0.0,0.0,2.0,0.0,1.0,0.0,0.0,1.0,0.0,2.0,1.0,2.0,1.0,2.0,0.0,0.0,1.0,2.0,2.0,1.0,1.0,0.0,0.0,2.0,0.0,1.0,0.0,2.0,0.0,2.0,1.0,0.0,2.0,0.0,1.0,2.0,1.0,0.0,1.0,2.0,1.0,0.0,2.0,0.0,2.0,0.0,0.0,1.0,0.0,0.0,0.0,1.0,0.0,1.0,1.0,2.0,0.0,2.0,2.0,0.0,2.0,2.0,1.0,0.0,2.0,1.0,1.0,0.0,2.0,0.0,0.0
4392,2.0,0.0,2.0,0.0,0.0,1.0,1.0,2.0,2.0,0.0,1.0,0.0,1.0,0.0,2.0,2.0,2.0,1.0,2.0,1.0,1.0,0.0,0.0,0.0,2.0,0.0,2.0,2.0,0.0,1.0,0.0,1.0,1.0,0.0,2.0,0.0,2.0,1.0,2.0,1.0,2.0,1.0,2.0,1.0,0.0,1.0,2.0,1.0,1.0,1.0,0.0,0.0,2.0,0.0,2.0,1.0,2.0,0.0,2.0,2.0,0.0,1.0,0.0,2.0,2.0,0.0,1.0,0.0,1.0,1.0,2.0,2.0,0.0,1.0,2.0,0.0,1.0,0.0,0.0,0.0,2.0,1.0,0.0,1.0,2.0,1.0,2.0,1.0,2.0,2.0,1.0,2.0,0.0,2.0,1.0,2.0,1.0,2.0,1.0,1.0
4403,1.0,0.0,2.0,1.0,0.0,0.0,0.0,2.0,1.0,0.0,0.0,1.0,1.0,1.0,2.0,2.0,2.0,2.0,1.0,2.0,1.0,0.0,0.0,1.0,2.0,0.0,2.0,1.0,2.0,1.0,0.0,1.0,1.0,1.0,0.0,1.0,1.0,2.0,1.0,2.0,2.0,1.0,2.0,1.0,0.0,0.0,2.0,2.0,1.0,2.0,0.0,0.0,2.0,0.0,1.0,1.0,1.0,0.0,2.0,2.0,1.0,2.0,0.0,1.0,2.0,1.0,0.0,2.0,2.0,1.0,0.0,2.0,0.0,0.0,0.0,1.0,0.0,0.0,0.0,0.0,2.0,0.0,1.0,2.0,2.0,0.0,2.0,1.0,1.0,2.0,1.0,2.0,0.0,1.0,2.0,2.0,0.0,2.0,1.0,0.0
4406,1.0,0.0,2.0,1.0,0.0,0.0,1.0,2.0,2.0,0.0,1.0,1.0,2.0,2.0,2.0,2.0,2.0,2.0,1.0,0.0,2.0,0.0,1.0,0.0,2.0,0.0,2.0,2.0,2.0,1.0,0.0,2.0,2.0,0.0,1.0,1.0,1.0,2.0,2.0,2.0,2.0,0.0,2.0,1.0,0.0,1.0,2.0,2.0,0.79,0.0,1.0,0.0,2.0,0.0,2.0,0.0,2.0,0.0,2.0,2.0,0.0,2.0,0.0,2.0,2.0,0.0,0.0,2.0,1.0,0.0,2.0,2.0,0.0,0.0,1.0,2.0,1.0,0.0,0.0,0.0,2.0,1.0,0.0,2.0,2.0,2.0,0.0,0.0,1.0,2.0,1.0,2.0,0.0,2.0,1.0,2.0,1.0,2.0,1.0,0.0
4409,2.0,2.0,1.0,2.0,2.0,1.0,2.0,0.0,2.0,1.0,1.0,1.0,2.0,1.0,2.0,1.0,2.0,2.0,0.0,1.0,2.0,0.0,0.0,2.0,2.0,2.0,2.0,1.0,2.0,1.0,0.0,1.0,0.0,0.0,1.0,2.0,1.0,2.0,1.0,0.0,2.0,1.0,2.0,1.0,0.0,0.0,1.0,2.0,1.0,2.0,0.0,0.0,2.0,0.0,2.0,1.0,2.0,0.0,1.0,1.0,1.0,2.0,0.0,2.0,2.0,0.0,1.0,1.0,2.0,0.0,2.0,1.0,1.0,0.0,0.0,1.0,0.0,0.0,0.0,0.0,1.0,0.0,0.0,1.0,2.0,0.0,1.0,1.0,0.0,1.0,1.0,2.0,0.0,1.0,2.0,1.0,1.0,2.0,1.0,1.0
4415,2.0,0.0,2.0,1.0,0.0,0.0,1.0,2.0,1.0,0.0,1.0,0.0,0.0,1.0,1.0,2.0,2.0,0.0,1.0,0.0,2.0,0.0,0.0,0.0,2.0,1.0,0.0,2.0,0.0,0.0,0.0,1.0,1.0,1.0,1.0,2.0,1.0,2.0,2.0,1.0,2.0,0.0,1.0,1.0,0.0,1.0,2.0,1.0,1.0,0.0,0.0,0.0,2.0,0.0,2.0,1.0,2.0,0.0,2.0,2.0,1.0,2.0,0.0,2.0,2.0,0.0,1.0,1.0,1.0,2.0,2.0,2.0,0.0,0.0,1.0,0.0,2.0,0.0,0.0,0.0,2.0,1.0,0.0,1.0,2.0,0.0,1.0,1.0,1.0,2.0,1.0,2.0,0.0,2.0,1.0,1.0,1.0,2.0,0.0,0.0
4420,1.0,1.0,1.0,2.0,0.0,0.0,1.0,1.0,2.0,1.0,1.0,0.0,1.0,2.0,2.0,1.0,2.0,1.0,1.0,2.0,1.0,0.0,1.0,1.0,2.0,0.0,2.0,0.0,0.0,1.0,0.0,2.0,2.0,0.0,0.0,0.0,2.0,2.0,0.0,2.0,2.0,0.0,2.0,1.0,1.0,0.0,2.0,1.0,2.0,1.0,0.0,0.0,2.0,0.0,2.0,0.0,2.0,0.0,2.0,1.0,0.0,2.0,0.0,1.0,2.0,0.0,0.0,0.0,0.0,0.0,2.0,1.0,0.0,0.0,1.0,0.0,2.0,0.0,0.0,0.0,1.0,0.0,1.0,1.0,2.0,2.0,1.0,2.0,0.0,2.0,1.0,1.0,0.0,2.0,2.0,1.0,1.0,2.0,1.0,1.0
4422,2.0,0.0,2.0,1.0,0.0,1.0,2.0,2.0,1.0,1.0,1.0,0.0,1.0,2.0,2.0,2.0,2.0,1.0,1.0,2.0,1.0,1.0,1.0,0.0,2.0,1.0,2.0,0.0,2.0,2.0,0.0,1.0,1.0,0.0,1.0,2.0,2.0,2.0,2.0,1.0,2.0,1.0,1.0,1.0,0.0,0.0,2.0,1.0,1.0,0.0,0.0,0.0,2.0,0.0,2.0,0.0,0.0,0.0,2.0,2.0,1.0,1.0,2.0,2.0,2.0,0.0,0.0,1.0,1.0,2.0,1.0,2.0,0.0,0.0,0.0,1.0,1.0,0.0,0.0,0.0,2.0,0.0,1.0,1.0,2.0,0.0,1.0,2.0,0.0,2.0,1.0,2.0,0.0,1.0,2.0,2.0,1.0,2.0,0.0,0.0
4426,2.0,0.0,2.0,0.0,0.0,0.0,0.0,1.0,2.0,1.0,2.0,0.0,0.0,2.0,2.0,2.0,1.0,0.0,2.0,1.0,2.0,0.0,1.0,0.0,2.0,0.0,2.0,2.0,2.0,1.0,0.0,2.0,1.0,0.0,0.0,2.0,2.0,2.0,0.0,1.0,2.0,0.0,2.0,2.0,0.0,1.0,2.0,1.0,1.0,1.0,0.0,0.0,2.0,0.0,2.0,1.0,2.0,0.0,2.0,2.0,1.0,2.0,1.0,0.0,2.0,0.0,2.0,0.0,2.0,0.0,2.0,2.0,0.0,0.0,0.0,1.0,1.0,0.0,2.0,0.0,2.0,0.0,0.0,0.0,2.0,2.0,1.0,1.0,1.0,2.0,2.0,2.0,0.0,2.0,2.0,2.0,2.0,2.0,2.0,0.0
4427,2.0,1.0,1.0,1.0,1.0,0.0,1.0,2.0,1.0,0.0,0.0,0.0,1.0,1.0,1.0,2.0,2.0,0.0,2.0,2.0,1.0,0.0,2.0,0.0,2.0,0.0,1.0,1.0,0.0,0.0,0.0,1.0,2.0,2.0,0.0,2.0,2.0,2.0,1.0,2.0,2.0,0.0,2.0,2.0,0.0,1.0,2.0,1.0,2.0,1.0,0.0,0.0,2.0,0.0,2.0,1.0,1.0,0.0,2.0,2.0,1.0,2.0,1.0,1.0,2.0,0.0,1.0,2.0,1.0,0.0,2.0,2.0,0.0,0.0,0.0,0.0,1.0,0.0,0.0,0.0,2.0,2.0,1.0,0.0,2.0,0.0,2.0,1.0,1.0,1.0,0.0,1.0,0.0,1.0,1.0,0.0,1.0,2.0,1.0,1.0
4429,2.0,0.0,1.0,1.0,0.0,0.0,1.0,1.0,2.0,1.0,0.0,0.0,0.0,1.0,2.0,2.0,2.0,0.0,2.0,0.0,1.0,0.0,0.0,1.0,2.0,1.0,1.0,1.0,1.0,1.0,0.0,1.0,1.0,1.0,0.0,1.0,1.0,1.0,1.0,1.0,2.0,1.0,2.0,2.0,0.0,1.0,2.0,1.0,1.0,0.0,0.0,0.0,2.0,0.0,2.0,0.0,1.0,0.0,2.0,2.0,0.0,2.0,0.0,2.0,2.0,0.0,1.0,2.0,1.0,1.0,2.0,2.0,0.0,0.0,1.0,0.0,1.0,0.0,0.0,0.0,2.0,2.0,0.0,0.0,2.0,0.0,1.0,1.0,2.0,2.0,1.0,2.0,1.0,2.0,2.0,1.0,0.0,2.0,0.0,0.0
4433,0.0,0.0,2.0,0.0,1.0,0.0,1.0,1.0,2.0,1.0,1.0,0.0,1.0,1.0,2.0,2.0,1.0,1.0,1.0,2.0,1.0,1.0,1.0,0.0,2.0,2.0,2.0,1.0,1.0,1.0,0.0,2.0,1.0,0.0,0.0,2.0,1.0,1.0,2.0,2.0,2.0,0.0,2.0,2.0,1.0,1.0,2.0,1.0,2.0,1.0,0.0,0.0,2.0,0.0,2.0,2.0,2.0,0.0,2.0,1.0,1.0,2.0,1.0,0.0,2.0,0.0,0.0,2.0,0.0,2.0,2.0,2.0,0.0,1.0,1.0,0.0,1.0,0.0,1.0,0.0,2.0,2.0,1.0,2.0,2.0,1.0,1.0,2.0,1.0,2.0,1.0,1.0,0.0,2.0,1.0,2.0,1.0,2.0,1.0,0.0
4436,2.0,1.0,1.0,0.0,1.0,0.0,1.0,1.0,1.0,0.0,1.0,0.0,1.0,1.0,2.0,2.0,2.0,1.0,1.0,1.0,1.0,0.0,2.0,0.0,2.0,0.0,2.0,1.0,2.0,1.0,0.0,1.0,2.0,0.0,0.0,1.0,2.0,2.0,0.0,2.0,2.0,0.0,1.0,1.0,0.0,1.0,2.0,1.0,1.0,0.0,0.0,0.0,2.0,0.0,2.0,0.0,1.0,0.0,2.0,2.0,0.0,2.0,0.0,2.0,2.0,0.0,0.0,1.0,1.0,0.0,2.0,1.0,0.0,0.0,1.0,1.0,1.0,0.0,2.0,0.0,1.0,1.0,1.0,1.0,2.0,0.0,2.0,1.0,2.0,2.0,1.0,2.0,0.0,2.0,2.0,1.0,1.0,2.0,0.0,1.0
4437,2.0,0.0,2.0,1.0,0.0,0.0,0.0,2.0,2.0,1.0,0.0,0.0,2.0,2.0,2.0,2.0,2.0,2.0,1.0,2.0,1.0,0.0,1.0,0.0,2.0,1.0,2.0,2.0,2.0,1.0,0.0,2.0,0.0,1.0,1.0,1.0,2.0,0.0,2.0,1.0,2.0,2.0,1.0,1.0,0.0,1.0,2.0,2.0,0.0,2.0,0.0,0.0,2.0,0.0,1.0,0.0,1.0,0.0,2.0,2.0,0.0,2.0,1.0,2.0,2.0,0.0,0.0,2.0,2.0,1.0,1.0,2.0,0.0,2.0,0.0,1.0,1.0,0.0,0.0,0.0,2.0,0.0,1.0,1.0,2.0,0.0,2.0,1.0,1.0,2.0,1.0,2.0,0.0,2.0,0.0,2.0,0.0,2.0,0.0,1.0
4440,1.0,0.0,1.0,2.0,1.0,0.0,2.0,0.0,2.0,2.0,2.0,1.0,1.0,2.0,2.0,2.0,2.0,1.0,0.0,1.0,1.0,0.0,1.0,0.0,2.0,1.0,1.0,0.0,1.0,1.0,0.0,2.0,1.0,0.0,0.0,1.0,1.0,2.0,1.0,2.0,1.0,1.0,2.0,1.0,1.0,0.0,2.0,1.0,1.0,0.0,0.0,0.0,1.0,0.0,2.0,0.0,2.0,0.0,2.0,1.0,0.0,2.0,1.0,1.0,1.0,0.0,1.0,1.0,1.0,0.0,2.0,1.0,0.0,0.0,2.0,0.0,1.0,0.0,1.0,0.0,2.0,0.0,0.0,2.0,2.0,1.0,1.0,2.0,1.0,2.0,1.0,0.0,0.0,2.0,2.0,1.0,2.0,1.0,1.0,1.0
4447,2.0,1.0,1.0,1.0,1.0,0.0,0.0,2.0,1.0,1.0,0.0,1.0,1.0,2.0,2.0,2.0,2.0,1.0,1.0,0.0,1.0,0.0,0.0,0.0,2.0,1.0,1.0,1.0,1.0,0.0,0.0,2.0,0.0,1.0,0.0,2.0,2.0,2.0,2.0,1.0,2.0,2.0,2.0,0.0,0.0,2.0,2.0,1.0,2.0,2.0,0.0,0.0,2.0,0.0,1.0,1.0,1.0,0.0,2.0,1.0,0.0,2.0,0.0,1.0,2.0,0.0,1.0,2.0,2.0,1.0,2.0,2.0,1.0,0.0,1.0,0.0,0.0,0.0,0.0,0.0,1.0,0.0,0.0,2.0,2.0,1.0,1.0,0.0,0.0,2.0,2.0,2.0,0.0,2.0,2.0,2.0,0.0,2.0,0.0,0.0
4448,2.0,0.0,2.0,1.0,0.0,0.0,0.0,2.0,2.0,1.0,0.0,1.0,1.0,2.0,2.0,2.0,2.0,0.0,2.0,1.0,2.0,0.0,1.0,0.0,2.0,1.0,2.0,1.0,2.0,0.0,0.0,2.0,1.0,1.0,1.0,0.0,1.0,1.0,2.0,2.0,2.0,2.0,2.0,2.0,0.0,1.0,1.0,1.0,1.0,1.0,0.0,0.0,2.0,0.0,1.0,1.0,1.0,0.0,2.0,2.0,0.0,2.0,0.0,1.0,2.0,1.0,1.0,2.0,2.0,1.0,1.0,2.0,0.0,1.0,0.0,1.0,1.0,0.0,0.0,0.0,1.0,0.0,0.0,1.0,2.0,0.0,2.0,0.0,0.0,2.0,2.0,2.0,0.0,2.0,2.0,2.0,1.0,2.0,0.0,0.0
4449,1.0,0.0,2.0,2.0,1.0,1.0,1.0,1.0,2.0,0.0,1.0,1.0,1.0,1.0,2.0,2.0,2.0,0.0,1.0,1.0,1.0,0.0,1.0,1.0,2.0,1.0,2.0,2.0,0.0,2.0,0.0,2.0,1.0,1.0,0.0,2.0,0.0,1.0,0.0,1.0,2.0,1.0,1.0,2.0,0.0,1.0,2.0,2.0,1.0,0.0,0.0,0.0,2.0,0.0,2.0,0.0,2.0,0.0,2.0,1.0,1.0,2.0,0.0,2.0,2.0,0.0,0.0,2.0,2.0,0.0,2.0,2.0,0.0,1.0,1.0,0.0,0.0,0.0,0.0,0.0,0.0,2.0,0.0,1.0,2.0,0.0,2.0,2.0,1.0,2.0,0.0,2.0,0.0,2.0,1.0,2.0,1.0,2.0,0.0,0.0
4452,2.0,0.0,2.0,0.0,1.0,0.0,0.0,2.0,1.0,0.0,2.0,1.0,1.0,1.0,2.0,2.0,1.0,0.0,2.0,0.0,2.0,0.0,1.0,1.0,2.0,1.0,1.0,2.0,2.0,1.0,0.0,2.0,2.0,1.0,0.0,2.0,2.0,2.0,0.0,2.0,2.0,1.0,1.0,2.0,0.0,1.0,2.0,1.0,0.0,1.0,0.0,0.0,2.0,0.0,2.0,0.0,1.0,0.0,2.0,2.0,1.0,1.0,1.0,2.0,2.0,0.0,1.0,1.0,1.0,1.0,2.0,2.0,0.0,0.0,1.0,0.0,0.0,0.0,1.0,0.0,2.0,1.0,1.0,2.0,2.0,0.0,1.0,2.0,0.0,2.0,1.0,1.0,0.0,2.0,2.0,1.0,1.0,2.0,0.0,1.0
4455,2.0,0.0,2.0,1.0,0.0,0.0,0.0,2.0,1.0,0.0,1.0,1.0,2.0,1.0,2.0,2.0,2.0,1.0,2.0,1.0,2.0,0.0,1.0,0.0,2.0,1.0,2.0,2.0,2.0,1.0,0.0,2.0,0.0,1.0,1.0,1.0,1.0,2.0,2.0,2.0,2.0,1.0,1.0,1.0,0.0,1.0,2.0,1.0,2.0,1.0,0.0,0.0,2.0,0.0,0.0,0.0,2.0,0.0,2.0,2.0,2.0,2.0,0.0,1.0,2.0,1.0,1.0,2.0,2.0,1.0,2.0,1.0,0.0,0.0,1.0,2.0,1.0,0.0,0.0,0.0,2.0,1.0,1.0,2.0,2.0,0.0,2.0,1.0,1.0,2.0,1.0,2.0,0.0,2.0,2.0,1.0,0.0,2.0,0.0,0.0
4456,2.0,0.0,2.0,0.0,1.0,0.0,0.0,2.0,1.0,1.0,1.0,1.0,2.0,1.0,2.0,1.0,2.0,0.0,1.0,1.0,2.0,0.0,2.0,0.0,2.0,1.0,2.0,1.0,2.0,0.0,0.0,2.0,0.0,1.0,1.0,1.0,2.0,2.0,1.0,1.0,2.0,1.0,2.0,0.0,0.0,0.0,2.0,1.0,2.0,2.0,0.0,0.0,2.0,0.0,1.0,1.0,2.0,0.0,2.0,1.0,1.0,2.0,0.0,1.0,2.0,0.0,0.0,2.0,2.0,1.0,2.0,2.0,1.0,0.0,1.0,1.0,1.0,0.0,1.0,0.0,2.0,1.0,0.0,2.0,2.0,0.0,2.0,1.0,1.0,2.0,2.0,2.0,0.0,2.0,2.0,2.0,0.0,2.0,0.0,1.0
4460,2.0,0.0,2.0,0.0,1.0,0.0,0.0,1.0,1.0,0.0,1.0,0.0,1.0,1.0,2.0,2.0,1.0,1.0,2.0,1.0,1.0,0.0,1.0,1.0,2.0,0.0,1.0,2.0,2.0,0.0,0.0,1.0,1.0,1.0,0.0,2.0,2.0,1.0,1.0,1.0,2.0,0.0,0.0,1.0,0.0,1.0,2.0,2.0,0.0,0.0,0.0,0.0,2.0,0.0,2.0,0.0,1.0,0.0,2.0,1.0,0.0,2.0,1.0,2.0,2.0,0.0,0.0,1.0,0.0,1.0,2.0,2.0,0.0,1.0,1.0,1.0,0.0,0.0,1.0,0.0,2.0,1.0,0.0,1.0,2.0,1.0,1.0,1.0,1.0,2.0,1.0,2.0,1.0,2.0,2.0,1.0,2.0,2.0,1.0,1.0
4463,1.0,0.0,1.0,2.0,0.0,0.0,0.0,2.0,1.0,0.0,1.0,0.0,1.0,1.0,2.0,2.0,2.0,0.0,2.0,1.0,1.0,0.0,0.0,1.0,2.0,0.0,2.0,2.0,1.0,0.0,0.0,2.0,2.0,0.0,1.0,1.0,0.0,2.0,1.0,2.0,2.0,0.0,2.0,1.0,0.0,0.0,2.0,0.0,0.0,1.0,0.0,0.0,2.0,0.0,2.0,1.0,2.0,0.0,2.0,2.0,0.0,2.0,0.0,1.0,2.0,1.0,1.0,2.0,1.0,1.0,2.0,1.0,0.0,0.0,1.0,1.0,2.0,0.0,0.0,0.0,2.0,2.0,0.0,2.0,2.0,1.0,1.0,0.0,2.0,2.0,0.0,2.0,0.0,2.0,1.0,1.0,0.0,2.0,0.0,0.0
4464,2.0,0.0,2.0,1.0,1.0,0.0,0.0,1.0,2.0,0.0,2.0,0.0,0.0,0.0,2.0,2.0,2.0,0.0,2.0,0.0,2.0,0.0,1.0,0.0,2.0,0.0,1.0,1.0,2.0,0.0,0.0,1.0,1.0,0.0,1.0,2.0,1.0,2.0,1.0,2.0,2.0,0.0,1.0,2.0,0.0,1.0,2.0,0.0,1.0,2.0,0.0,0.0,2.0,0.0,2.0,1.0,2.0,0.0,2.0,2.0,1.0,2.0,0.0,1.0,2.0,1.0,1.0,1.0,2.0,1.0,2.0,2.0,0.0,0.0,1.0,0.0,1.0,0.0,1.0,0.0,2.0,2.0,0.0,0.0,2.0,1.0,2.0,2.0,2.0,2.0,1.0,2.0,0.0,2.0,1.0,1.0,1.0,2.0,0.0,1.0
4469,2.0,0.0,1.0,1.0,0.0,0.0,1.0,1.0,2.0,1.0,1.0,1.0,1.0,2.0,2.0,1.0,1.0,0.0,2.0,1.0,1.0,0.0,1.0,2.0,2.0,0.0,1.0,0.0,2.0,1.0,0.0,2.0,1.0,0.0,0.0,1.0,1.0,2.0,1.0,1.0,2.0,1.0,2.0,2.0,0.0,2.0,2.0,1.0,1.0,2.0,0.0,0.0,2.0,0.0,1.0,0.0,2.0,0.0,2.0,2.0,1.0,2.0,1.0,1.0,2.0,0.0,1.0,1.0,2.0,1.0,1.0,2.0,0.0,0.0,0.0,0.0,1.0,0.0,0.0,0.0,0.0,1.0,0.0,1.0,2.0,1.0,2.0,1.0,1.0,2.0,0.0,2.0,0.0,1.0,1.0,1.0,2.0,2.0,0.0,1.0
4472,0.0,1.0,0.0,1.0,1.0,0.0,2.0,1.0,2.0,0.0,2.0,1.0,0.0,2.0,1.0,1.0,2.0,1.0,0.0,2.0,2.0,0.0,0.0,1.0,2.0,2.0,1.0,1.0,1.0,0.0,0.0,2.0,1.0,0.0,2.0,2.0,2.0,1.0,0.0,2.0,1.0,1.0,2.0,1.0,0.0,0.0,2.0,2.0,2.0,1.0,0.0,0.0,2.0,0.0,0.0,1.0,2.0,1.0,2.0,2.0,1.0,2.0,1.0,1.0,2.0,0.0,1.0,1.0,0.0,1.0,1.0,1.0,0.0,1.0,1.0,1.0,2.0,0.0,0.0,0.0,2.0,1.0,1.0,2.0,2.0,1.0,1.0,2.0,0.0,1.0,1.0,1.0,0.0,2.0,1.0,2.0,1.0,2.0,0.0,0.0
4474,1.0,2.0,2.0,0.0,1.0,2.0,2.0,1.0,2.0,0.0,0.0,1.0,1.0,1.0,0.0,1.0,2.0,1.0,1.0,1.0,1.0,0.0,2.0,0.0,2.0,2.0,1.0,0.0,1.0,0.0,1.0,2.0,1.0,0.0,0.0,0.0,1.0,2.0,0.0,1.0,2.0,1.0,1.0,0.0,0.0,0.0,2.0,2.0,2.0,0.0,0.0,0.0,2.0,0.0,1.0,1.0,2.0,0.0,2.0,2.0,1.0,2.0,1.0,2.0,2.0,0.0,1.0,0.0,0.0,1.0,1.0,2.0,0.0,0.0,1.0,0.0,1.0,0.0,0.0,1.0,2.0,2.0,1.0,1.0,2.0,1.0,1.0,2.0,1.0,1.0,2.0,0.0,1.0,2.0,0.0,2.0,0.0,1.0,0.0,0.0
4476,1.0,1.0,1.0,2.0,0.0,1.0,1.0,1.0,1.0,0.0,0.0,1.0,1.0,1.0,1.0,2.0,1.0,1.0,0.0,1.0,2.0,0.0,2.0,0.0,2.0,1.0,1.0,0.0,1.0,0.0,0.0,2.0,1.0,0.0,1.0,1.0,1.0,2.0,1.0,2.0,2.0,1.0,1.0,0.0,0.0,0.0,2.0,2.0,2.0,0.0,1.0,0.0,2.0,0.0,1.0,1.0,2.0,0.0,2.0,2.0,1.0,2.0,1.0,2.0,1.0,0.0,0.0,1.0,0.0,0.0,1.0,2.0,0.0,0.0,2.0,0.0,2.0,0.0,0.0,1.0,2.0,2.0,1.0,1.0,2.0,2.0,1.0,2.0,2.0,1.0,0.0,0.0,0.0,2.0,1.0,2.0,1.0,1.0,0.0,0.0
4482,2.0,0.0,1.0,0.0,0.0,1.0,0.0,2.0,1.0,0.0,1.0,0.0,1.0,2.0,1.0,2.0,2.0,2.0,2.0,0.0,2.0,0.0,0.0,1.0,2.0,1.0,2.0,0.0,0.0,1.0,0.0,2.0,1.0,0.0,1.0,2.0,2.0,1.0,1.0,1.0,2.0,2.0,2.0,2.0,0.0,1.0,2.0,1.0,1.0,0.0,0.0,0.0,2.0,0.0,1.0,0.0,2.0,0.0,2.0,2.0,1.0,2.0,0.0,2.0,2.0,0.0,1.0,0.0,2.0,0.0,2.0,1.0,0.0,1.0,1.0,0.0,2.0,0.0,1.0,0.0,2.0,0.0,0.0,1.0,2.0,0.0,2.0,1.0,1.0,2.0,0.0,2.0,0.0,2.0,1.0,2.0,0.0,2.0,1.0,2.0
4484,2.0,0.0,0.0,0.0,1.0,0.0,0.0,2.0,2.0,0.0,0.0,0.0,2.0,1.0,2.0,2.0,2.0,1.0,2.0,1.0,2.0,0.0,1.0,0.0,2.0,1.0,2.0,1.0,1.0,0.0,0.0,1.0,2.0,1.0,2.0,2.0,2.0,1.0,1.0,2.0,2.0,1.0,1.0,0.0,0.0,1.0,2.0,2.0,0.0,0.0,0.0,0.0,2.0,0.0,2.0,0.0,2.0,0.0,2.0,2.0,0.0,1.0,0.0,2.0,2.0,0.0,1.0,1.0,2.0,0.0,2.0,1.0,1.0,1.0,1.0,0.0,1.0,0.0,1.0,0.0,2.0,0.0,0.0,2.0,2.0,0.0,2.0,2.0,0.0,2.0,1.0,2.0,0.0,2.0,1.0,2.0,1.0,2.0,2.0,0.0
4485,2.0,0.0,2.0,1.0,0.0,0.0,0.0,2.0,1.0,0.0,2.0,1.0,1.0,1.0,2.0,2.0,2.0,1.0,2.0,0.0,2.0,0.0,0.0,2.0,2.0,0.0,2.0,2.0,1.0,0.0,0.0,2.0,2.0,0.0,0.0,2.0,1.0,1.0,1.0,2.0,2.0,1.0,1.0,0.0,0.0,1.0,2.0,2.0,1.0,2.0,1.0,0.0,2.0,0.0,2.0,1.0,2.0,0.0,2.0,2.0,0.0,2.0,0.0,2.0,2.0,0.0,1.0,0.0,1.0,0.0,2.0,1.0,0.0,1.0,1.0,0.0,0.0,0.0,1.0,0.0,1.0,1.0,0.0,1.0,2.0,2.0,2.0,0.0,0.0,2.0,0.0,2.0,0.0,1.0,2.0,2.0,2.0,2.0,1.0,1.0
4500,0.0,2.0,1.0,2.0,1.0,1.0,2.0,1.0,2.0,0.0,2.0,1.0,1.0,2.0,1.0,2.0,2.0,2.0,1.0,2.0,0.0,0.0,1.0,1.0,2.0,1.0,2.0,0.0,1.0,0.0,0.0,2.0,2.0,0.0,1.0,2.0,1.0,2.0,0.0,2.0,2.0,1.0,1.0,1.0,0.0,0.0,1.0,2.0,2.0,1.0,0.0,1.0,2.0,0.0,1.0,1.0,2.0,0.0,2.0,2.0,1.0,2.0,0.0,1.0,1.0,0.0,2.0,0.0,0.0,1.0,1.0,1.0,1.0,0.0,1.0,0.0,0.0,0.0,0.0,0.0,2.0,0.0,0.0,1.0,2.0,1.0,1.0,1.0,0.0,1.0,1.0,0.0,0.0,2.0,2.0,2.0,1.0,2.0,2.0,0.0
4501,1.0,2.0,1.0,2.0,0.0,1.0,1.0,2.0,2.0,0.0,2.0,1.0,0.0,2.0,1.0,2.0,2.0,1.0,0.0,2.0,2.0,0.0,1.0,1.0,2.0,1.0,2.0,0.0,0.0,0.0,0.0,2.0,2.0,0.0,2.0,2.0,2.0,2.0,1.0,2.0,2.0,2.0,1.0,1.0,1.0,0.0,1.0,0.0,1.0,2.0,0.0,0.0,2.0,0.0,1.0,0.0,2.0,0.0,2.0,2.0,1.0,2.0,1.0,1.0,2.0,0.0,2.0,1.0,0.0,2.0,1.0,1.0,0.0,0.0,1.0,0.0,1.0,0.0,0.0,0.0,2.0,0.0,0.0,1.0,2.0,1.0,2.0,2.0,0.0,1.0,1.0,0.0,0.0,2.0,2.0,2.0,0.0,2.0,1.0,0.0
4514,2.0,0.0,2.0,1.0,0.0,1.0,0.0,1.0,2.0,1.0,0.0,0.0,1.0,2.0,2.0,2.0,2.0,1.0,2.0,1.0,2.0,0.0,2.0,1.0,2.0,0.0,2.0,2.0,1.0,1.0,0.0,2.0,1.0,1.0,1.0,2.0,1.0,2.0,1.0,1.0,2.0,1.0,1.0,1.0,0.0,2.0,2.0,2.0,1.0,1.0,0.0,0.0,2.0,0.0,2.0,0.0,2.0,0.0,2.0,2.0,1.0,2.0,0.0,2.0,2.0,0.0,2.0,2.0,2.0,2.0,2.0,2.0,0.0,0.0,0.0,0.0,0.0,0.0,0.0,0.0,2.0,0.0,0.0,1.0,2.0,0.0,1.0,1.0,0.0,2.0,1.0,2.0,0.0,2.0,2.0,2.0,1.0,2.0,0.0,0.0
4521,1.0,1.0,0.0,1.0,1.0,1.0,1.0,1.0,2.0,1.0,2.0,1.0,2.0,2.0,2.0,2.0,2.0,1.0,1.0,2.0,1.0,0.0,0.0,0.0,2.0,0.0,1.0,1.0,0.0,0.0,0.0,2.0,1.0,0.0,1.0,2.0,1.0,2.0,1.0,2.0,2.0,0.0,2.0,1.0,2.0,1.0,1.0,0.0,2.0,0.0,1.0,0.0,1.0,0.0,2.0,1.0,2.0,0.0,2.0,2.0,0.0,1.0,0.0,1.0,2.0,0.0,2.0,1.0,0.0,0.0,2.0,1.0,0.0,0.0,2.0,0.0,1.0,0.0,1.0,0.0,2.0,0.0,0.0,2.0,2.0,1.0,1.0,2.0,2.0,1.0,1.0,0.0,0.0,2.0,1.0,1.0,1.0,2.0,0.0,2.0
4528,2.0,1.0,2.0,2.0,0.0,1.0,1.0,1.0,2.0,0.0,1.0,1.0,2.0,1.0,1.0,2.0,2.0,0.0,1.0,0.0,1.0,0.0,1.0,0.0,2.0,0.0,1.0,2.0,0.0,2.0,0.0,1.0,0.0,1.0,0.0,2.0,0.0,1.0,2.0,0.0,2.0,1.0,2.0,1.0,0.0,2.0,2.0,2.0,1.0,0.0,0.0,0.0,2.0,0.0,1.0,0.0,2.0,0.0,2.0,2.0,1.0,2.0,0.0,2.0,2.0,0.0,0.0,1.0,2.0,0.0,2.0,1.0,0.0,1.0,1.0,1.0,1.0,0.0,0.0,0.0,2.0,0.0,0.0,2.0,2.0,1.0,1.0,2.0,1.0,2.0,1.0,1.0,0.0,1.0,1.0,2.0,1.0,2.0,0.0,1.0
4534,1.0,1.0,1.0,1.0,1.0,1.0,1.0,1.0,2.0,1.0,0.0,0.0,0.0,2.0,1.0,2.0,1.0,1.0,1.0,1.0,0.0,0.0,2.0,0.0,2.0,2.0,1.0,0.0,1.0,1.0,1.0,2.0,1.0,0.0,1.0,0.0,1.0,2.0,0.0,1.0,2.0,2.0,2.0,1.0,1.0,0.0,1.0,1.0,1.0,0.0,1.0,0.0,2.0,0.0,1.0,1.0,2.0,0.0,2.0,1.0,2.0,2.0,2.0,2.0,1.0,0.0,1.0,0.0,1.0,1.0,1.0,2.0,0.0,0.0,1.0,0.0,1.0,0.0,0.0,1.0,2.0,2.0,1.0,1.0,1.0,2.0,1.0,1.0,2.0,2.0,1.0,2.0,1.0,1.0,1.0,2.0,1.0,2.0,0.0,0.0
4535,1.0,1.0,1.0,2.0,0.0,0.0,2.0,1.0,2.0,1.0,1.0,0.0,0.0,1.0,1.0,2.0,2.0,1.0,0.0,2.0,1.0,0.0,0.0,0.0,2.0,0.0,1.0,0.0,0.0,0.0,0.0,2.0,1.0,0.0,0.0,1.0,2.0,1.0,2.0,2.0,2.0,0.0,2.0,1.0,1.0,1.0,2.0,1.0,1.0,0.0,0.0,1.0,1.0,0.0,1.0,2.0,2.0,0.0,2.0,2.0,0.0,2.0,1.0,2.0,2.0,0.0,1.0,2.0,1.0,1.0,2.0,0.0,0.0,0.0,1.0,0.0,1.0,0.0,1.0,0.0,2.0,1.0,0.0,0.0,2.0,1.0,0.0,2.0,2.0,1.0,2.0,0.0,0.0,2.0,2.0,2.0,1.0,2.0,1.0,1.0
4541,2.0,1.0,1.0,0.0,2.0,0.0,1.0,2.0,2.0,0.0,2.0,0.0,1.0,1.0,1.0,2.0,1.0,2.0,1.0,0.0,0.0,0.0,0.0,2.0,2.0,1.0,1.0,2.0,2.0,1.0,0.0,2.0,2.0,1.0,1.0,2.0,2.0,2.0,2.0,0.0,2.0,0.0,2.0,0.0,0.0,1.0,2.0,2.0,1.0,0.0,0.0,0.0,2.0,0.0,2.0,1.0,2.0,0.0,2.0,1.0,0.0,2.0,0.0,1.0,2.0,0.0,1.0,1.0,2.0,0.0,2.0,2.0,0.0,0.0,1.0,0.0,0.0,0.0,0.0,0.0,1.0,0.0,0.0,2.0,2.0,2.0,2.0,1.0,1.0,2.0,1.0,1.0,0.0,2.0,0.0,2.0,1.0,1.0,1.0,1.0
4542,2.0,0.0,1.0,1.0,1.0,0.0,1.0,2.0,2.0,0.0,0.0,0.0,2.0,1.0,2.0,2.0,1.0,1.0,2.0,1.0,2.0,0.0,1.0,0.0,2.0,1.0,2.0,2.0,2.0,0.0,0.0,2.0,1.0,1.0,1.0,1.0,1.0,1.0,2.0,1.0,2.0,1.0,1.0,1.0,0.0,1.0,2.0,2.0,1.3,1.0,0.0,0.0,2.0,0.0,2.0,0.0,2.0,0.0,2.0,1.0,0.0,2.0,0.0,2.0,2.0,0.0,1.0,0.0,1.0,0.0,2.0,2.0,0.0,1.0,0.0,0.0,0.0,0.0,0.0,0.0,2.0,1.0,1.0,1.0,2.0,0.0,2.0,1.0,1.0,2.0,1.0,2.0,0.0,2.0,0.0,1.0,0.0,2.0,1.0,0.0
4549,2.0,0.0,0.0,2.0,0.0,0.0,1.0,2.0,1.0,0.0,0.0,0.0,2.0,1.0,2.0,2.0,1.0,0.0,2.0,1.0,1.0,0.0,2.0,1.0,2.0,2.0,2.0,2.0,0.0,0.0,0.0,1.0,1.0,0.0,1.0,1.0,1.0,2.0,2.0,1.0,2.0,1.0,1.0,0.0,0.0,1.0,2.0,1.0,1.0,0.0,0.0,0.0,2.0,0.0,2.0,0.0,1.0,1.0,2.0,2.0,1.0,2.0,1.0,1.0,2.0,0.0,1.0,1.0,2.0,0.0,2.0,2.0,0.0,0.0,1.0,2.0,1.0,0.0,0.0,0.0,1.0,1.0,0.0,2.0,2.0,0.0,2.0,2.0,0.0,2.0,1.0,2.0,0.0,2.0,1.0,2.0,2.0,2.0,1.0,1.0
4550,2.0,0.0,1.0,0.0,1.0,0.0,2.0,2.0,2.0,0.0,2.0,0.0,1.0,1.0,2.0,2.0,2.0,1.0,2.0,2.0,2.0,0.0,1.0,2.0,2.0,1.0,1.0,1.0,1.0,1.0,0.0,2.0,1.0,0.0,1.0,0.0,2.0,0.0,1.0,1.0,2.0,1.0,1.0,0.0,0.0,1.0,2.0,1.0,2.0,0.0,0.0,0.0,2.0,0.0,2.0,0.0,2.0,0.0,1.0,2.0,0.0,1.0,0.0,1.0,2.0,1.0,1.0,1.0,2.0,1.0,2.0,1.0,0.0,2.0,0.0,0.0,1.0,0.0,1.0,0.0,2.0,0.0,0.0,0.0,2.0,1.0,2.0,2.0,0.0,2.0,2.0,2.0,0.0,2.0,1.0,1.0,1.0,1.0,0.0,1.0
4552,2.0,1.0,0.0,1.0,1.0,0.0,1.0,2.0,1.0,0.0,1.0,0.0,2.0,0.0,2.0,2.0,1.0,2.0,1.0,0.0,1.0,0.0,0.0,0.0,2.0,1.0,2.0,1.0,1.0,0.0,0.0,1.0,1.0,0.0,2.0,2.0,1.0,1.0,1.0,1.0,2.0,1.0,1.0,0.0,0.0,2.0,2.0,1.0,2.0,0.0,0.0,0.0,2.0,0.0,2.0,0.0,2.0,0.0,2.0,1.0,1.0,2.0,1.0,0.0,2.0,0.0,1.0,2.0,2.0,0.0,2.0,2.0,0.0,1.0,1.0,0.0,2.0,0.0,1.0,0.0,1.0,1.0,0.0,1.0,2.0,1.0,2.0,1.0,0.0,2.0,2.0,1.0,0.0,2.0,1.0,2.0,0.0,1.0,1.0,1.0
4557,2.0,0.0,2.0,0.0,0.0,0.0,0.0,2.0,2.0,0.0,0.0,1.0,1.0,2.0,2.0,2.0,2.0,2.0,1.0,0.0,1.0,0.0,2.0,0.0,2.0,0.0,1.0,2.0,1.0,1.0,0.0,1.0,1.0,0.0,0.0,1.0,2.0,2.0,0.0,0.0,2.0,2.0,2.0,2.0,0.0,1.0,2.0,2.0,2.0,1.0,0.0,0.0,2.0,0.0,1.0,2.0,2.0,0.0,2.0,2.0,0.0,1.0,0.0,2.0,2.0,0.0,1.0,0.0,2.0,0.0,2.0,2.0,0.0,0.0,0.0,0.0,2.0,0.0,0.0,0.0,2.0,0.0,0.0,1.0,2.0,1.0,2.0,2.0,2.0,2.0,1.0,2.0,0.0,2.0,1.0,1.0,2.0,2.0,1.0,0.0
4559,2.0,1.0,2.0,2.0,2.0,0.0,1.0,2.0,2.0,0.0,0.0,0.0,1.0,2.0,1.0,2.0,2.0,2.0,2.0,1.0,2.0,0.0,1.0,0.0,2.0,0.0,2.0,2.0,2.0,0.0,0.0,1.0,1.0,0.0,0.0,2.0,1.0,2.0,1.0,1.0,2.0,0.0,2.0,2.0,0.0,1.0,2.0,2.0,1.0,0.0,0.0,0.0,2.0,0.0,2.0,2.0,2.0,0.0,2.0,2.0,1.0,2.0,0.0,1.0,2.0,1.0,1.0,2.0,2.0,2.0,2.0,2.0,0.0,0.0,1.0,0.0,1.0,0.0,0.0,0.0,2.0,1.0,0.0,2.0,2.0,0.0,2.0,2.0,1.0,1.0,2.0,1.0,0.0,2.0,2.0,2.0,1.0,2.0,0.0,1.0
4560,2.0,0.0,2.0,1.0,0.0,1.0,2.0,2.0,2.0,0.0,1.0,0.0,0.0,2.0,0.0,2.0,2.0,2.0,2.0,1.0,2.0,0.0,2.0,1.0,2.0,1.0,2.0,2.0,2.0,2.0,0.0,2.0,1.0,0.0,1.0,1.0,1.0,1.0,2.0,2.0,2.0,0.0,2.0,2.0,0.0,0.0,1.0,2.0,1.0,1.0,0.0,0.0,2.0,0.0,2.0,1.0,1.0,0.0,2.0,2.0,1.0,1.0,0.0,1.0,2.0,0.0,1.0,1.0,2.0,2.0,1.0,2.0,0.0,0.0,1.0,0.0,2.0,0.0,0.0,0.0,1.0,1.0,1.0,0.0,2.0,0.0,2.0,1.0,1.0,2.0,2.0,1.0,1.0,2.0,2.0,2.0,0.0,2.0,0.0,0.0
4561,0.0,1.0,2.0,1.0,1.0,1.0,2.0,1.0,2.0,1.0,1.0,0.0,1.0,2.0,2.0,2.0,1.0,0.0,2.0,2.0,1.0,0.0,0.0,0.0,2.0,0.0,2.0,0.0,0.0,1.0,1.0,1.0,0.0,0.0,0.0,2.0,0.0,1.0,1.0,2.0,2.0,0.0,2.0,1.0,2.0,0.0,2.0,2.0,2.0,0.0,0.0,1.0,2.0,0.0,2.0,0.0,2.0,0.0,2.0,2.0,1.0,2.0,2.0,2.0,2.0,0.0,1.0,0.0,1.0,0.0,2.0,1.0,0.0,0.0,2.0,0.0,2.0,0.0,0.0,0.0,2.0,0.0,0.0,2.0,2.0,1.0,1.0,2.0,1.0,1.0,2.0,0.0,0.0,2.0,2.0,2.0,1.0,2.0,0.0,0.0
4570,1.0,1.0,2.0,0.0,0.0,0.0,0.0,1.0,2.0,0.0,0.0,0.0,1.0,2.0,2.0,1.0,2.0,1.0,2.0,0.0,1.07,0.0,1.0,0.0,2.0,1.0,1.0,1.0,2.0,2.0,0.0,2.0,0.0,1.0,0.0,2.0,2.0,1.0,2.0,0.0,2.0,2.0,1.0,2.0,0.0,1.0,2.0,2.0,0.0,1.0,0.0,0.0,2.0,0.0,2.0,0.0,2.0,0.0,2.0,1.0,2.0,2.0,1.0,1.0,2.0,0.0,2.0,1.0,1.0,1.0,2.0,1.0,0.0,1.0,0.0,1.0,1.0,0.0,0.0,0.0,2.0,0.0,0.0,0.0,2.0,0.0,2.0,2.0,0.0,2.0,0.0,2.0,0.0,1.0,1.0,2.0,0.0,2.0,1.0,0.0
4573,2.0,1.0,2.0,1.0,0.0,0.0,2.0,2.0,1.0,1.0,1.0,0.0,0.0,2.0,2.0,2.0,2.0,1.0,2.0,1.0,2.0,0.0,2.0,0.0,2.0,2.0,2.0,2.0,2.0,1.0,0.0,2.0,2.0,0.0,0.0,1.0,2.0,1.0,2.0,2.0,2.0,2.0,2.0,1.0,0.0,0.0,2.0,2.0,2.0,0.0,0.0,0.0,2.0,0.0,1.0,0.0,2.0,0.0,2.0,2.0,1.0,2.0,0.0,2.0,2.0,0.0,1.0,1.0,1.0,0.0,2.0,1.0,0.0,0.0,1.0,1.0,0.0,0.0,0.0,0.0,1.0,1.0,0.0,1.0,2.0,0.0,2.0,2.0,0.0,2.0,2.0,2.0,0.0,2.0,0.0,1.0,0.0,2.0,0.0,0.0
4589,2.0,1.0,0.0,1.0,1.0,1.0,1.0,2.0,1.0,1.0,1.0,0.0,1.0,2.0,1.0,2.0,2.0,0.0,1.0,1.0,2.0,0.0,0.0,0.0,2.0,1.0,2.0,0.0,1.0,0.0,0.0,1.0,1.0,0.0,0.0,0.0,2.0,1.0,1.0,1.0,2.0,1.0,1.0,1.0,0.0,1.0,1.0,2.0,1.0,0.0,0.0,0.0,2.0,0.0,1.0,1.0,2.0,1.0,2.0,1.0,1.0,2.0,1.0,2.0,2.0,0.0,0.0,1.0,2.0,0.0,2.0,2.0,0.0,1.0,1.0,0.0,0.0,0.0,0.0,0.0,1.0,0.0,0.0,0.0,2.0,0.0,1.0,0.0,1.0,2.0,2.0,0.0,0.0,2.0,0.0,2.0,1.0,2.0,0.0,1.0
4594,0.0,0.0,2.0,1.0,2.0,0.0,2.0,2.0,2.0,0.0,0.0,0.0,2.0,2.0,2.0,2.0,2.0,1.0,1.0,0.0,2.0,0.0,1.0,0.0,2.0,0.0,2.0,2.0,2.0,1.0,0.0,1.0,0.0,0.0,0.0,1.0,2.0,2.0,1.0,0.0,2.0,0.0,1.0,1.0,0.0,1.0,2.0,1.0,2.0,1.0,0.0,0.0,2.0,0.0,2.0,1.0,2.0,0.0,2.0,2.0,2.0,2.0,0.0,1.0,2.0,0.0,1.0,1.0,1.0,1.0,2.0,1.0,0.0,0.0,1.0,0.0,1.0,0.0,0.0,0.0,1.0,0.0,0.0,1.0,2.0,1.0,2.0,0.0,1.0,2.0,0.0,2.0,0.0,1.0,1.0,2.0,1.0,2.0,2.0,2.0
4595,2.0,0.0,2.0,2.0,1.0,0.0,1.0,2.0,1.0,1.0,0.0,0.0,1.0,2.0,2.0,2.0,2.0,0.0,2.0,0.0,1.0,0.0,2.0,1.0,2.0,0.0,2.0,1.0,2.0,1.0,0.0,0.0,2.0,0.0,1.0,1.0,1.0,2.0,0.0,2.0,2.0,2.0,2.0,1.0,0.0,1.0,2.0,2.0,2.0,0.0,0.0,0.0,2.0,0.0,2.0,1.0,2.0,0.0,1.0,2.0,0.0,2.0,0.0,2.0,2.0,0.0,2.0,0.0,2.0,1.0,2.0,2.0,0.0,0.0,0.0,1.0,0.0,0.0,1.0,0.0,2.0,0.0,0.0,2.0,2.0,1.0,2.0,1.0,1.0,2.0,0.0,2.0,0.0,2.0,1.0,2.0,0.0,2.0,1.0,1.0
4601,2.0,0.0,2.0,0.0,2.0,0.0,2.0,2.0,1.0,1.0,1.0,1.0,0.0,2.0,1.0,2.0,2.0,1.0,0.0,1.0,2.0,0.0,1.0,0.0,2.0,0.0,2.0,1.0,0.0,1.0,0.0,2.0,2.0,0.0,1.0,0.0,2.0,2.0,1.0,2.0,2.0,2.0,2.0,1.0,0.0,1.0,2.0,0.0,1.0,0.0,0.0,0.0,2.0,0.0,2.0,2.0,1.0,0.0,1.0,2.0,1.0,2.0,0.0,2.0,2.0,0.0,0.0,2.0,2.0,0.0,2.0,2.0,0.0,0.0,1.0,0.0,0.0,0.0,0.0,0.0,1.0,0.0,0.0,1.0,2.0,1.0,2.0,1.0,0.0,2.0,1.0,1.0,0.0,1.0,2.0,2.0,0.0,2.0,1.0,0.0
4607,0.0,1.0,1.0,1.0,1.0,0.0,1.0,0.0,2.0,1.0,0.0,1.0,1.0,2.0,2.0,1.0,2.0,0.0,1.0,1.0,1.0,0.0,0.0,1.0,2.0,0.0,1.0,0.0,1.0,1.0,0.0,2.0,1.0,0.0,0.0,1.0,2.0,0.0,1.0,2.0,2.0,0.0,2.0,1.0,1.0,1.0,2.0,1.0,2.0,0.0,1.0,1.0,1.0,0.0,1.0,2.0,1.0,0.0,2.0,2.0,1.0,2.0,1.0,2.0,2.0,0.0,2.0,0.0,1.0,0.0,2.0,1.0,0.0,1.0,1.0,0.0,0.0,0.0,2.0,0.0,2.0,1.0,0.0,1.0,2.0,2.0,2.0,2.0,1.0,1.0,0.0,0.0,0.0,2.0,1.0,2.0,1.0,2.0,0.0,2.0
4613,2.0,0.0,2.0,1.0,1.0,0.0,0.0,2.0,2.0,0.0,0.0,1.0,0.0,2.0,2.0,2.0,2.0,1.0,2.0,1.0,2.0,0.0,1.0,0.0,2.0,1.0,2.0,1.0,2.0,1.0,0.0,1.0,0.0,1.0,0.0,1.0,1.0,1.0,1.0,0.0,2.0,1.0,1.0,1.0,0.0,0.0,2.0,1.0,0.0,0.0,0.0,0.0,2.0,0.0,1.0,1.0,2.0,0.0,2.0,2.0,1.0,2.0,0.0,2.0,2.0,0.0,2.0,0.0,1.0,2.0,1.0,2.0,0.0,0.0,0.0,1.0,0.0,0.0,1.0,0.0,2.0,0.0,1.0,2.0,2.0,0.0,1.0,0.0,1.0,2.0,1.0,2.0,1.0,2.0,2.0,2.0,0.0,1.0,1.0,0.0
4614,2.0,0.0,2.0,0.0,1.0,0.0,1.0,1.0,2.0,0.0,0.0,0.0,1.0,2.0,2.0,2.0,2.0,1.0,2.0,1.0,2.0,0.0,2.0,1.0,2.0,2.0,2.0,2.0,1.0,2.0,0.0,2.0,1.0,1.0,0.0,1.0,2.0,2.0,1.0,1.0,2.0,0.0,0.0,1.0,0.0,1.0,2.0,1.0,1.0,0.0,0.0,0.0,2.0,0.0,2.0,0.0,2.0,0.0,2.0,2.0,1.0,2.0,0.0,2.0,2.0,1.0,1.0,1.0,1.0,2.0,2.0,2.0,0.0,0.0,0.0,0.0,1.0,0.0,0.0,0.0,1.0,1.0,0.0,2.0,2.0,0.0,2.0,0.0,0.0,2.0,0.0,2.0,0.0,1.0,1.0,2.0,1.0,2.0,1.0,0.0
4616,0.0,1.0,2.0,1.0,1.0,0.0,1.0,0.0,2.0,1.0,1.0,0.0,1.0,2.0,1.0,2.0,1.0,1.0,1.0,1.0,0.0,0.0,1.0,0.0,2.0,0.0,1.0,0.0,1.0,0.0,0.0,2.0,0.0,0.0,0.0,1.0,1.0,2.0,1.0,2.0,2.0,1.0,1.0,2.0,1.0,0.0,2.0,1.0,2.0,1.0,0.0,1.0,1.0,0.0,2.0,0.0,2.0,0.0,2.0,2.0,1.0,2.0,2.0,1.0,1.0,0.0,2.0,2.0,0.0,0.0,2.0,1.0,0.0,0.0,1.0,0.0,1.0,0.0,2.0,0.0,2.0,0.0,0.0,0.0,2.0,1.0,0.0,2.0,1.0,0.0,0.0,1.0,0.0,2.0,2.0,2.0,1.0,2.0,0.0,1.0
4617,0.0,2.0,1.0,1.0,0.0,0.0,2.0,1.0,2.0,1.0,1.0,0.0,2.0,2.0,1.0,2.0,1.0,1.0,0.0,1.0,0.0,0.0,0.0,0.0,2.0,2.0,1.0,0.0,1.0,1.0,0.0,2.0,0.0,0.0,0.0,0.0,2.0,1.0,1.0,2.0,2.0,1.0,2.0,2.0,1.0,1.0,2.0,1.0,2.0,0.0,0.0,2.0,1.0,0.0,2.0,1.0,2.0,0.0,2.0,2.0,0.0,2.0,2.0,1.0,2.0,0.0,2.0,2.0,0.0,1.0,2.0,1.0,0.0,0.0,2.0,0.0,1.0,0.0,2.0,0.0,2.0,1.0,0.0,1.0,2.0,1.0,1.0,2.0,2.0,1.0,0.0,1.0,1.0,2.0,2.0,2.0,1.0,2.0,0.0,1.0
4622,2.0,0.0,1.0,1.0,2.0,0.0,0.0,2.0,1.0,0.0,0.0,0.0,1.0,1.0,2.0,2.0,2.0,1.0,2.0,0.0,1.0,0.0,2.0,0.0,2.0,1.0,2.0,2.0,0.0,1.0,0.0,1.0,1.0,0.0,0.0,1.0,1.0,2.0,2.0,1.0,2.0,2.0,2.0,1.0,0.0,1.0,2.0,2.0,2.0,0.0,0.0,0.0,2.0,0.0,2.0,1.0,2.0,0.0,2.0,2.0,1.0,2.0,0.0,1.0,2.0,0.0,1.0,2.0,1.0,0.0,2.0,1.0,1.0,0.0,1.0,0.0,1.0,0.0,0.0,0.0,0.0,0.0,0.0,2.0,2.0,0.0,1.0,1.0,1.0,2.0,1.0,2.0,0.0,2.0,0.0,2.0,0.0,2.0,0.0,1.0
4626,2.0,0.0,2.0,2.0,0.0,0.0,1.0,2.0,2.0,0.0,0.0,1.0,0.0,2.0,1.0,2.0,2.0,2.0,2.0,0.0,0.0,0.0,1.0,1.0,2.0,0.0,2.0,1.0,1.0,2.0,0.0,2.0,1.0,1.0,1.0,2.0,0.0,2.0,1.0,1.0,2.0,1.0,2.0,1.0,0.0,1.0,2.0,2.0,2.0,1.0,0.0,0.0,2.0,0.0,2.0,1.0,2.0,0.0,2.0,0.0,1.0,2.0,0.0,2.0,2.0,1.0,1.0,1.0,2.0,1.0,2.0,2.0,0.0,0.0,2.0,0.0,1.0,0.0,0.0,0.0,2.0,1.0,0.0,0.0,2.0,0.0,2.0,0.0,1.0,2.0,1.0,2.0,0.0,1.0,1.0,2.0,1.0,2.0,1.0,1.0
4628,2.0,1.0,1.0,1.0,0.0,2.0,2.0,2.0,0.0,0.0,0.0,1.0,2.0,2.0,1.0,2.0,2.0,1.0,2.0,0.0,1.0,0.0,0.0,0.0,2.0,1.0,2.0,1.0,1.0,2.0,0.0,1.0,0.0,0.0,0.0,2.0,1.0,1.0,1.0,0.0,2.0,2.0,1.0,1.0,0.0,1.0,2.0,2.0,0.0,0.0,0.0,0.0,2.0,0.0,2.0,0.0,2.0,0.0,2.0,2.0,0.0,2.0,0.0,2.0,2.0,0.0,1.0,0.0,2.0,0.0,2.0,1.0,0.0,1.0,1.0,1.0,1.0,0.0,0.0,0.0,2.0,0.0,0.0,0.0,2.0,2.0,1.0,2.0,2.0,2.0,1.0,2.0,0.0,1.0,1.0,1.0,0.0,2.0,1.0,2.0
4632,1.0,1.0,1.0,1.0,1.0,0.0,1.0,1.0,2.0,0.0,1.0,1.0,1.0,1.0,2.0,1.0,2.0,0.0,0.0,1.0,1.0,1.0,0.0,0.0,2.0,0.0,0.0,1.0,1.0,1.0,0.0,2.0,0.0,0.0,1.0,1.0,1.0,1.0,1.0,1.0,2.0,1.0,2.0,2.0,0.0,0.0,1.0,1.0,1.0,0.0,1.0,0.0,1.0,0.0,1.0,2.0,1.0,0.0,2.0,2.0,0.0,2.0,0.0,2.0,2.0,0.0,0.0,1.0,1.0,0.0,2.0,2.0,0.0,1.0,0.0,0.0,2.0,0.0,1.0,0.0,1.0,0.0,1.0,0.0,2.0,2.0,1.0,2.0,1.0,2.0,1.0,2.0,0.0,2.0,1.0,1.0,1.0,2.0,0.0,1.0
4637,2.0,0.0,1.0,2.0,2.0,0.0,1.0,2.0,2.0,0.0,1.0,0.0,0.0,2.0,1.0,2.0,2.0,1.0,1.0,0.0,2.0,0.0,1.0,0.0,2.0,1.0,2.0,1.0,1.0,2.0,0.0,1.0,1.0,1.0,0.0,1.0,0.0,1.0,1.0,2.0,2.0,2.0,2.0,1.0,0.0,1.0,2.0,2.0,1.0,1.0,0.0,0.0,2.0,0.0,2.0,1.0,2.0,0.0,2.0,2.0,1.0,2.0,1.0,1.0,2.0,0.0,2.0,1.0,2.0,0.0,2.0,2.0,0.0,1.0,1.0,0.0,1.0,0.0,0.0,0.0,2.0,0.0,0.0,2.0,2.0,1.0,2.0,0.0,1.0,2.0,1.0,2.0,0.0,2.0,0.0,2.0,0.0,2.0,1.0,1.0
4641,2.0,0.0,2.0,1.0,1.0,0.0,1.0,2.0,1.0,0.0,1.0,1.0,2.0,1.0,2.0,2.0,2.0,1.0,1.0,0.0,2.0,0.0,1.0,0.0,2.0,1.0,2.0,0.0,0.0,1.0,0.0,2.0,1.0,0.0,0.0,2.0,1.0,1.0,2.0,1.0,2.0,1.0,2.0,1.0,0.0,1.0,2.0,2.0,2.0,1.0,0.0,0.0,2.0,0.0,2.0,1.0,0.0,0.0,2.0,2.0,0.0,2.0,0.0,1.0,2.0,1.0,0.0,2.0,1.0,0.0,2.0,2.0,1.0,1.0,2.0,0.0,1.0,0.0,0.0,0.0,0.0,0.0,0.0,0.0,2.0,0.0,1.0,2.0,0.0,2.0,1.0,2.0,0.0,2.0,2.0,1.0,0.0,2.0,1.0,1.0
4643,2.0,0.0,1.0,0.0,2.0,0.0,2.0,2.0,2.0,1.0,2.0,0.0,1.0,2.0,1.0,2.0,2.0,1.0,2.0,1.0,2.0,0.0,1.0,1.0,2.0,0.0,2.0,2.0,2.0,0.0,0.0,2.0,0.0,1.0,1.0,1.0,2.0,0.0,0.0,1.0,2.0,2.0,2.0,0.0,0.0,1.0,2.0,2.0,1.0,0.0,0.0,0.0,2.0,0.0,2.0,0.0,2.0,0.0,2.0,2.0,1.0,1.0,0.0,1.0,2.0,1.0,2.0,2.0,2.0,0.0,2.0,2.0,0.0,2.0,0.0,0.0,2.0,0.0,2.0,0.0,2.0,1.0,0.0,0.0,2.0,0.0,2.0,1.0,2.0,2.0,2.0,2.0,0.0,2.0,0.0,1.0,1.0,2.0,0.0,2.0
4648,2.0,0.0,1.0,0.0,2.0,0.0,0.0,2.0,1.0,0.0,1.0,1.0,2.0,2.0,2.0,2.0,2.0,1.0,2.0,1.0,2.0,1.0,2.0,0.0,2.0,1.0,2.0,2.0,1.0,1.0,0.0,0.0,2.0,0.0,0.0,2.0,2.0,2.0,2.0,2.0,2.0,2.0,1.0,1.0,0.0,1.0,2.0,2.0,1.0,0.0,0.0,0.0,2.0,0.0,2.0,2.0,0.0,0.0,2.0,1.0,0.0,2.0,0.0,0.0,2.0,0.0,0.0,2.0,2.0,1.0,2.0,2.0,1.0,0.0,1.0,1.0,0.0,0.0,0.0,0.0,2.0,0.0,0.0,0.0,2.0,1.0,1.0,2.0,0.0,2.0,1.0,2.0,0.0,2.0,2.0,2.0,0.0,2.0,0.0,1.0
4650,1.0,0.0,2.0,1.0,0.0,0.0,2.0,2.0,2.0,0.0,0.0,0.0,1.0,0.0,1.0,2.0,2.0,1.0,1.0,0.0,1.0,0.0,0.0,1.0,2.0,0.0,1.0,2.0,2.0,0.0,0.0,1.0,2.0,1.0,0.0,2.0,1.0,2.0,2.0,2.0,2.0,1.0,1.0,2.0,0.0,1.0,2.0,2.0,0.0,1.0,0.0,0.0,2.0,0.0,2.0,1.0,2.0,0.0,2.0,2.0,2.0,2.0,0.0,2.0,2.0,1.0,0.0,0.0,1.0,1.0,2.0,2.0,0.0,0.0,0.0,0.0,0.0,0.0,0.0,0.0,2.0,1.0,0.0,2.0,2.0,1.0,2.0,0.0,0.0,2.0,1.0,2.0,0.0,1.0,0.0,1.0,1.0,2.0,1.0,1.0
4652,2.0,2.0,2.0,2.0,0.0,0.0,2.0,1.0,1.0,0.0,1.0,1.0,2.0,2.0,1.0,1.0,2.0,1.0,0.0,2.0,1.0,0.0,0.0,1.0,2.0,1.0,1.0,0.0,0.0,0.0,0.0,2.0,2.0,0.0,0.0,2.0,2.0,2.0,1.0,2.0,2.0,1.0,2.0,1.0,0.0,0.0,2.0,1.0,1.0,0.0,0.0,0.0,2.0,0.0,0.0,1.0,2.0,0.0,2.0,2.0,0.0,2.0,0.0,2.0,1.0,0.0,1.0,0.0,0.0,1.0,2.0,2.0,0.0,0.0,0.0,0.0,2.0,0.0,0.0,0.0,1.0,0.0,0.0,1.0,2.0,1.0,2.0,2.0,1.0,1.0,0.0,0.0,0.0,2.0,2.0,1.0,0.0,2.0,0.0,1.0
4655,2.0,1.0,0.0,2.0,1.0,0.0,0.0,2.0,1.0,0.0,0.0,0.0,1.0,1.0,2.0,2.0,1.0,0.0,2.0,1.0,2.0,0.0,1.0,0.0,2.0,2.0,2.0,0.0,1.0,1.0,0.0,2.0,1.0,0.0,0.0,1.0,0.0,2.0,1.0,1.0,2.0,1.0,2.0,0.0,0.0,1.0,1.0,1.0,2.0,1.0,0.0,0.0,2.0,0.0,2.0,1.0,1.0,0.0,2.0,2.0,0.0,2.0,1.0,1.0,2.0,1.0,2.0,1.0,2.0,0.0,1.0,2.0,0.0,0.0,1.0,0.0,1.0,0.0,0.0,0.0,1.0,0.0,0.0,1.0,2.0,1.0,2.0,1.0,0.0,2.0,1.0,2.0,0.0,2.0,1.0,2.0,1.0,2.0,1.0,1.0
4658,2.0,1.0,2.0,0.0,2.0,0.0,0.0,1.0,1.0,0.0,2.0,0.0,2.0,0.0,2.0,2.0,2.0,0.0,2.0,0.0,1.0,0.0,1.0,1.0,2.0,0.0,2.0,2.0,2.0,1.0,0.0,1.0,1.0,0.0,1.0,1.0,2.0,2.0,0.0,1.0,2.0,1.0,1.0,2.0,0.0,1.0,2.0,2.0,2.0,0.0,0.0,0.0,2.0,0.0,2.0,0.0,1.0,0.0,2.0,2.0,0.0,2.0,0.0,2.0,2.0,0.0,1.0,0.0,0.0,0.0,2.0,1.0,0.0,0.0,0.0,0.0,0.0,0.0,1.0,0.0,2.0,1.0,0.0,0.0,2.0,1.0,2.0,1.0,2.0,2.0,1.0,2.0,0.0,2.0,1.0,1.0,1.0,2.0,1.0,0.0
4659,2.0,0.0,2.0,1.0,2.0,0.0,1.0,2.0,2.0,1.0,2.0,0.0,0.0,1.0,2.0,2.0,2.0,1.0,0.0,1.0,1.0,0.0,2.0,0.0,2.0,2.0,2.0,2.0,2.0,1.0,0.0,1.0,1.0,1.0,0.0,1.0,1.0,1.0,1.0,2.0,2.0,1.0,1.0,2.0,0.0,0.0,2.0,1.0,1.0,1.0,0.0,0.0,2.0,0.0,2.0,0.0,2.0,0.0,2.0,2.0,0.0,2.0,0.0,2.0,2.0,0.0,0.0,2.0,1.0,0.0,2.0,1.0,1.0,1.0,0.0,0.0,2.0,0.0,0.0,0.0,2.0,0.0,0.0,2.0,2.0,0.0,2.0,2.0,0.0,2.0,2.0,2.0,0.0,2.0,0.0,2.0,1.0,2.0,1.0,0.0
4661,0.0,1.0,1.0,2.0,0.0,0.0,1.0,0.0,2.0,1.0,2.0,0.0,1.0,2.0,1.0,2.0,2.0,1.0,0.0,1.0,1.0,0.0,0.0,0.0,2.0,2.0,2.0,0.0,1.0,0.0,0.0,1.0,1.0,0.0,1.0,0.0,2.0,1.0,1.0,2.0,0.0,1.0,2.0,2.0,1.0,1.0,2.0,0.0,2.0,1.0,0.0,0.0,1.0,0.0,2.0,2.0,2.0,0.0,2.0,2.0,1.0,1.0,1.0,2.0,1.0,0.0,1.0,0.0,1.0,0.0,2.0,2.0,0.0,1.0,1.0,0.0,0.0,0.0,1.0,0.0,2.0,0.0,0.0,1.0,2.0,2.0,2.0,2.0,0.0,1.0,1.0,0.0,0.0,2.0,2.0,2.0,2.0,2.0,1.0,1.0
4662,0.0,2.0,1.0,1.0,1.0,0.0,1.0,1.0,2.0,1.0,2.0,1.0,1.0,2.0,2.0,2.0,2.0,2.0,0.0,2.0,1.0,0.0,0.0,1.0,2.0,2.0,2.0,0.0,1.0,0.0,0.0,1.0,1.0,0.0,1.0,1.0,2.0,2.0,1.0,2.0,1.0,1.0,1.0,1.0,1.0,0.0,2.0,1.0,2.0,1.0,0.0,1.0,1.0,0.0,1.0,0.0,2.0,1.0,2.0,2.0,1.0,2.0,0.0,2.0,1.0,0.0,1.0,1.0,1.0,1.0,2.0,1.0,0.0,0.0,2.0,0.0,1.0,0.0,1.0,0.0,2.0,0.0,0.0,2.0,2.0,1.0,1.0,2.0,1.0,0.0,0.0,0.0,0.0,2.0,2.0,2.0,2.0,2.0,1.0,1.0
4668,0.0,1.0,1.0,2.0,2.0,0.0,2.0,1.0,2.0,1.0,1.0,1.0,1.0,2.0,2.0,2.0,2.0,0.0,1.0,1.0,0.0,0.0,1.0,1.0,2.0,0.0,2.0,1.0,1.0,1.0,0.0,2.0,1.0,0.0,0.0,2.0,1.0,1.0,2.0,2.0,2.0,0.0,1.0,2.0,1.0,2.0,2.0,1.0,2.0,0.0,0.0,1.0,1.0,0.0,2.0,2.0,2.0,0.0,1.0,2.0,0.0,2.0,1.0,1.0,2.0,0.0,1.0,2.0,1.0,0.0,2.0,1.0,0.0,1.0,2.0,0.0,2.0,0.0,1.0,0.0,2.0,0.0,0.0,2.0,1.0,2.0,0.0,2.0,2.0,0.0,1.0,1.0,0.0,2.0,2.0,2.0,2.0,2.0,1.0,1.0
4671,2.0,0.0,2.0,1.0,1.0,0.0,0.0,2.0,1.0,0.0,0.0,0.0,2.0,1.0,2.0,2.0,2.0,1.0,2.0,1.0,0.0,0.0,0.0,2.0,2.0,0.0,1.0,2.0,1.0,1.0,0.0,2.0,2.0,1.0,0.0,1.0,1.0,2.0,1.0,2.0,2.0,0.0,2.0,2.0,0.0,1.0,2.0,2.0,2.0,2.0,0.0,0.0,2.0,0.0,2.0,0.0,1.0,0.0,2.0,1.0,0.0,2.0,0.0,2.0,2.0,0.0,0.0,2.0,1.0,1.0,2.0,2.0,0.0,0.0,1.0,1.0,2.0,0.0,1.0,0.0,1.0,1.0,0.0,1.0,2.0,1.0,1.0,0.0,1.0,2.0,0.0,1.0,0.0,2.0,2.0,1.0,1.0,2.0,0.0,0.0
4682,2.0,0.0,1.0,1.0,0.0,0.0,0.0,2.0,1.0,0.0,0.0,1.0,1.0,1.0,2.0,2.0,2.0,0.0,2.0,0.0,1.0,0.0,2.0,1.0,2.0,1.0,2.0,1.0,0.0,1.0,0.0,2.0,1.0,2.0,0.0,1.0,1.0,2.0,2.0,1.0,2.0,1.0,1.0,1.0,0.0,0.0,2.0,2.0,1.0,1.0,0.0,0.0,2.0,0.0,2.0,1.0,0.0,0.0,2.0,2.0,1.0,2.0,0.0,2.0,2.0,0.0,0.0,1.0,2.0,1.0,2.0,2.0,0.0,0.0,0.0,0.0,2.0,0.0,0.0,0.0,2.0,1.0,0.0,2.0,2.0,0.0,1.0,2.0,0.0,2.0,1.0,2.0,0.0,2.0,1.0,1.0,1.0,2.0,1.0,0.0
4683,2.0,0.0,2.0,1.0,0.0,0.0,0.0,1.0,0.0,0.0,1.0,1.0,2.0,1.0,2.0,2.0,2.0,0.0,2.0,1.0,2.0,0.0,1.0,0.0,2.0,1.0,1.0,2.0,0.0,1.0,0.0,2.0,2.0,1.0,0.0,1.0,1.0,2.0,2.0,1.0,2.0,1.0,1.0,2.0,0.0,1.0,2.0,1.0,1.0,1.0,0.0,0.0,2.0,0.0,2.0,1.0,1.0,0.0,2.0,2.0,1.0,2.0,0.0,2.0,2.0,0.0,1.0,1.0,1.0,1.0,2.0,2.0,0.0,0.0,1.0,1.0,2.0,0.0,0.0,0.0,2.0,1.0,0.0,1.0,2.0,0.0,1.0,1.0,1.0,2.0,1.0,2.0,0.0,2.0,0.0,1.0,1.0,2.0,1.0,0.0
4684,2.0,0.0,2.0,1.0,0.0,0.0,0.0,1.0,1.0,0.0,1.0,0.0,1.0,1.0,2.0,2.0,2.0,1.0,2.0,0.0,2.0,0.0,1.0,0.0,2.0,0.0,1.0,2.0,2.0,1.0,0.0,1.0,2.0,1.0,1.0,1.0,1.0,2.0,1.0,1.0,2.0,0.0,1.0,2.0,0.0,0.0,2.0,2.0,1.0,0.0,0.0,0.0,2.0,0.0,1.0,1.0,1.0,0.0,2.0,2.0,1.0,2.0,0.0,2.0,2.0,0.0,1.0,2.0,1.0,0.0,2.0,2.0,0.0,0.0,1.0,0.0,1.0,0.0,0.0,0.0,2.0,1.0,0.0,1.0,2.0,0.0,0.0,1.0,1.0,2.0,1.0,2.0,0.0,2.0,1.0,1.0,1.0,2.0,1.0,0.0
4686,2.0,0.0,1.0,1.0,0.0,0.0,0.0,2.0,2.0,0.0,1.0,0.0,2.0,1.0,2.0,2.0,2.0,1.0,2.0,0.0,1.0,0.0,1.0,1.0,2.0,0.0,1.0,1.0,0.0,1.0,0.0,1.0,1.0,2.0,1.0,1.0,1.0,2.0,2.0,1.0,2.0,1.0,1.0,1.0,0.0,1.0,2.0,1.0,0.0,2.0,0.0,0.0,2.0,0.0,2.0,1.0,1.0,0.0,2.0,1.0,0.0,2.0,0.0,2.0,2.0,0.0,1.0,1.0,1.0,0.0,2.0,2.0,0.0,0.0,1.0,0.0,2.0,0.0,0.0,0.0,1.0,1.0,0.0,2.0,2.0,0.0,1.0,2.0,2.0,2.0,1.0,2.0,0.0,2.0,2.0,1.0,1.0,2.0,1.0,0.0
4688,2.0,0.0,1.0,1.0,0.0,0.0,0.0,1.0,2.0,0.0,1.0,0.0,0.0,1.0,2.0,2.0,2.0,1.0,2.0,0.0,2.0,0.0,1.0,2.0,2.0,1.0,2.0,1.0,2.0,1.0,0.0,2.0,1.0,0.0,0.0,2.0,1.0,2.0,0.0,1.0,2.0,0.0,1.0,1.0,0.0,2.0,2.0,1.0,0.0,1.0,0.0,0.0,2.0,0.0,2.0,0.0,2.0,0.0,2.0,2.0,0.0,2.0,0.0,2.0,2.0,0.0,1.0,1.0,1.0,1.0,2.0,2.0,0.0,0.0,0.0,0.0,2.0,0.0,1.0,0.0,2.0,1.0,0.0,1.0,2.0,0.0,1.0,2.0,0.0,2.0,1.0,2.0,0.0,2.0,1.0,0.0,0.0,2.0,1.0,0.0
4693,2.0,1.0,2.0,1.0,0.0,0.0,0.0,1.0,1.0,0.0,1.0,0.0,1.0,0.0,2.0,2.0,2.0,0.0,2.0,2.0,2.0,0.0,1.0,0.0,2.0,2.0,1.0,2.0,2.0,1.0,0.0,1.0,2.0,1.0,1.0,2.0,1.0,2.0,1.0,2.0,1.0,0.0,0.0,2.0,0.0,1.0,2.0,2.0,1.0,1.0,0.0,0.0,2.0,0.0,2.0,1.0,1.0,0.0,2.0,2.0,1.0,2.0,0.0,2.0,2.0,1.0,1.0,1.0,1.0,0.0,2.0,2.0,0.0,0.0,0.0,2.0,1.0,0.0,1.0,0.0,2.0,1.0,0.0,0.0,2.0,1.0,1.0,1.0,1.0,2.0,1.0,2.0,0.0,2.0,1.0,1.0,1.0,2.0,1.0,0.0
4694,2.0,0.0,2.0,1.0,0.0,0.0,1.0,1.0,0.0,0.0,1.0,0.0,2.0,0.0,2.0,2.0,2.0,0.0,1.0,1.0,2.0,0.0,1.0,0.0,2.0,2.0,1.0,1.0,0.0,1.0,0.0,0.0,1.0,1.0,1.0,2.0,1.0,2.0,2.0,1.0,2.0,0.0,1.0,1.0,0.0,0.0,2.0,2.0,1.0,0.0,1.0,0.0,2.0,0.0,2.0,1.0,1.0,0.0,2.0,2.0,0.0,2.0,0.0,1.0,2.0,0.0,1.0,1.0,2.0,0.0,2.0,1.0,0.0,0.0,1.0,1.0,1.0,0.0,0.0,0.0,2.0,1.0,0.0,1.0,2.0,1.0,1.0,2.0,1.0,2.0,0.0,2.0,0.0,2.0,2.0,1.0,1.0,2.0,0.0,1.0
4695,2.0,0.0,2.0,1.0,1.0,0.0,1.0,2.0,1.0,0.0,0.0,0.0,1.0,1.0,2.0,2.0,2.0,1.0,2.0,0.0,2.0,0.0,1.0,1.0,2.0,0.0,1.0,1.0,2.0,0.0,0.0,2.0,2.0,1.0,1.0,2.0,1.0,1.0,0.0,2.0,2.0,1.0,1.0,1.0,0.0,1.0,2.0,1.0,1.0,0.0,1.0,0.0,2.0,0.0,2.0,0.0,1.0,0.0,2.0,2.0,0.0,2.0,0.0,1.0,2.0,0.0,1.0,0.0,2.0,0.0,2.0,2.0,0.0,1.0,1.0,0.0,0.0,0.0,2.0,0.0,1.0,1.0,0.0,2.0,2.0,1.0,2.0,0.0,0.0,2.0,0.0,2.0,0.0,1.0,1.0,1.0,2.0,2.0,0.0,0.0
4696,2.0,0.0,2.0,0.0,1.0,0.0,1.0,2.0,0.0,0.0,0.0,0.0,1.0,0.0,2.0,2.0,2.0,0.0,2.0,1.0,2.0,0.0,0.0,0.0,2.0,0.0,1.0,1.0,1.0,1.0,0.0,1.0,2.0,0.0,1.0,1.0,2.0,2.0,1.0,2.0,2.0,1.0,1.0,1.0,0.0,1.0,2.0,2.0,0.0,1.0,1.0,0.0,2.0,0.0,2.0,1.0,1.0,0.0,2.0,2.0,0.0,2.0,0.0,1.0,2.0,0.0,1.0,0.0,1.0,0.0,2.0,1.0,0.0,0.0,1.0,1.0,0.0,0.0,1.0,0.0,2.0,1.0,0.0,0.0,2.0,1.0,2.0,0.0,1.0,2.0,0.0,2.0,0.0,2.0,1.0,1.0,2.0,2.0,0.0,1.0
4698,2.0,0.0,2.0,0.0,2.0,0.0,1.0,1.0,2.0,1.0,0.0,0.0,2.0,1.0,2.0,2.0,2.0,1.0,2.0,1.0,1.0,0.0,1.0,1.0,2.0,1.0,1.0,1.0,1.0,0.0,0.0,1.0,1.0,1.0,1.0,1.0,2.0,1.0,2.0,1.0,2.0,0.0,1.0,2.0,0.0,0.0,2.0,2.0,1.0,0.0,0.0,0.0,2.0,0.0,2.0,0.0,1.0,0.0,2.0,2.0,1.0,2.0,0.0,2.0,2.0,0.0,0.0,1.0,2.0,0.0,2.0,2.0,0.0,1.0,1.0,1.0,1.0,0.0,0.0,0.0,2.0,1.0,0.0,1.0,2.0,1.0,2.0,1.0,2.0,2.0,1.0,2.0,0.0,2.0,1.0,0.0,0.0,2.0,1.0,0.0
4702,0.0,0.0,1.0,2.0,0.0,0.0,1.0,1.0,2.0,0.0,1.0,1.0,1.0,2.0,1.0,2.0,2.0,1.0,1.0,1.0,1.0,0.0,0.0,1.0,2.0,0.0,1.0,0.0,1.0,1.0,0.0,2.0,0.0,0.0,0.0,2.0,2.0,1.0,2.0,2.0,2.0,0.0,1.0,2.0,0.0,0.0,2.0,0.0,2.0,0.0,0.0,1.0,1.0,0.0,2.0,0.0,2.0,0.0,2.0,2.0,0.0,2.0,0.0,2.0,1.0,0.0,1.0,1.0,1.0,0.0,2.0,2.0,0.0,0.0,1.0,0.0,1.0,0.0,1.0,0.0,1.0,0.0,0.0,2.0,2.0,2.0,2.0,2.0,1.0,0.0,2.0,0.0,1.0,1.0,2.0,2.0,1.0,2.0,0.0,1.0
4710,1.0,1.0,2.0,1.0,1.0,0.0,0.0,1.0,2.0,0.0,0.0,0.0,2.0,1.0,2.0,2.0,2.0,1.0,1.0,1.0,0.0,0.0,1.0,0.0,2.0,1.0,1.0,2.0,1.0,1.0,0.0,1.0,2.0,1.0,0.0,1.0,1.0,1.0,1.0,1.0,2.0,0.0,2.0,2.0,0.0,1.0,2.0,1.0,1.0,1.0,0.0,0.0,2.0,0.0,1.0,0.0,1.0,0.0,2.0,2.0,1.0,2.0,0.0,2.0,2.0,0.0,1.0,1.0,0.0,0.0,1.0,1.0,0.0,1.0,0.0,2.0,1.0,0.0,0.0,0.0,2.0,1.0,0.0,1.0,2.0,0.0,1.0,2.0,1.0,2.0,0.0,2.0,0.0,2.0,1.0,1.0,0.0,1.0,0.0,0.0
4713,2.0,0.0,1.0,1.0,0.0,0.0,0.0,2.0,1.0,0.0,0.0,0.0,2.0,1.0,2.0,2.0,2.0,1.0,1.0,1.0,2.0,0.0,1.0,1.0,2.0,2.0,0.0,2.0,1.0,1.0,0.0,2.0,2.0,1.0,1.0,2.0,1.0,2.0,1.0,1.0,2.0,1.0,1.0,1.0,0.0,0.0,2.0,2.0,1.0,0.0,0.0,0.0,2.0,0.0,1.0,0.0,2.0,0.0,2.0,2.0,0.0,2.0,0.0,2.0,2.0,0.0,1.0,2.0,2.0,1.0,2.0,2.0,1.0,1.0,1.0,1.0,2.0,0.0,1.0,0.0,2.0,1.0,0.0,0.0,2.0,0.0,1.0,2.0,0.0,2.0,0.0,2.0,0.0,2.0,0.0,0.0,1.0,2.0,1.0,1.0
4718,2.0,2.0,1.0,0.0,1.0,0.0,1.0,1.0,2.0,1.0,0.0,0.0,1.0,2.0,2.0,1.0,2.0,2.0,1.0,1.0,1.0,1.0,2.0,0.0,2.0,2.0,2.0,1.0,1.0,1.0,0.0,1.0,1.0,0.0,0.0,1.0,2.0,1.0,2.0,1.0,2.0,1.0,1.0,0.0,0.0,0.0,1.0,1.0,1.0,0.0,0.0,0.0,2.0,0.0,2.0,0.0,1.0,0.0,2.0,2.0,1.0,1.0,0.0,1.0,2.0,1.0,0.0,1.0,1.0,0.0,1.0,1.0,0.0,2.0,0.0,0.0,0.0,0.0,0.0,0.0,2.0,0.0,1.0,2.0,2.0,0.0,1.0,0.0,0.0,2.0,0.0,1.0,0.0,1.0,0.0,1.0,0.0,2.0,1.0,0.0
4720,2.0,0.0,2.0,1.0,0.0,0.0,1.0,1.0,1.0,0.0,1.0,1.0,2.0,1.0,2.0,2.0,2.0,1.0,2.0,1.0,0.0,0.0,0.0,1.0,2.0,2.0,1.0,2.0,1.0,1.0,0.0,2.0,2.0,1.0,0.0,2.0,0.0,1.0,2.0,1.0,2.0,0.0,1.0,2.0,0.0,1.0,1.0,1.0,0.0,1.0,0.0,0.0,2.0,0.0,2.0,0.0,2.0,0.0,2.0,2.0,0.0,1.0,0.0,1.0,2.0,0.0,0.0,2.0,0.0,1.0,2.0,2.0,0.0,1.0,2.0,1.0,1.0,0.0,0.0,0.0,2.0,2.0,0.0,1.0,2.0,0.0,1.0,1.0,1.0,2.0,0.0,2.0,0.0,2.0,2.0,1.0,0.0,2.0,1.0,0.0
4723,2.0,0.0,2.0,2.0,0.0,0.0,1.0,1.0,1.0,0.0,1.0,0.0,1.0,1.0,2.0,2.0,1.0,0.0,1.0,0.0,1.0,0.0,1.0,0.0,2.0,1.0,2.0,2.0,1.0,1.0,0.0,1.0,2.0,0.0,0.0,1.0,1.0,2.0,1.0,2.0,2.0,0.0,2.0,1.0,0.0,1.0,2.0,1.0,1.0,1.0,0.0,0.0,2.0,0.0,2.0,0.0,1.0,0.0,2.0,2.0,1.0,2.0,1.0,1.0,2.0,0.0,1.0,2.0,1.0,0.0,2.0,2.0,0.0,0.0,0.0,0.0,2.0,0.0,0.0,0.0,2.0,1.0,0.0,0.0,2.0,0.0,1.0,1.0,0.0,2.0,0.0,2.0,0.0,2.0,2.0,1.0,1.0,2.0,0.0,1.0
4728,1.0,0.0,2.0,1.0,1.0,0.0,1.0,1.0,2.0,0.0,1.0,0.0,0.0,1.0,2.0,2.0,2.0,1.0,0.0,0.0,1.0,0.0,1.0,0.0,2.0,1.0,2.0,2.0,1.0,2.0,0.0,1.0,2.0,0.0,0.0,2.0,2.0,1.0,1.0,1.0,2.0,1.0,1.0,1.0,0.0,0.0,2.0,2.0,2.0,1.0,0.0,0.0,2.0,0.0,1.0,0.0,2.0,0.0,2.0,1.0,1.0,2.0,0.0,1.0,2.0,0.0,1.0,1.0,0.0,1.0,2.0,2.0,1.0,1.0,1.0,0.0,2.0,0.0,0.0,0.0,2.0,0.0,0.0,1.0,2.0,1.0,2.0,1.0,1.0,2.0,0.0,2.0,0.0,2.0,1.0,1.0,1.0,2.0,2.0,1.0
4735,2.0,0.0,2.0,1.0,0.0,0.0,1.0,2.0,2.0,0.0,0.0,1.0,0.0,2.0,1.0,1.0,1.0,1.0,1.0,0.0,2.0,0.0,2.0,0.0,2.0,0.0,2.0,2.0,2.0,2.0,0.0,1.0,0.0,1.0,1.0,2.0,1.0,2.0,1.0,0.0,2.0,2.0,2.0,2.0,0.0,2.0,2.0,1.0,1.0,0.0,0.0,0.0,2.0,0.0,2.0,1.0,2.0,0.0,2.0,1.0,0.0,2.0,1.0,2.0,2.0,0.0,0.0,1.0,1.0,1.0,2.0,2.0,0.0,0.0,1.0,0.0,1.0,0.0,1.0,0.0,1.0,1.0,0.0,1.0,2.0,1.0,2.0,0.0,1.0,2.0,0.0,2.0,0.0,1.0,2.0,2.0,0.0,2.0,0.0,0.0
4737,1.0,0.0,2.0,0.0,0.0,1.0,0.0,2.0,2.0,1.0,1.0,0.0,1.0,2.0,2.0,2.0,2.0,1.0,1.0,0.0,2.0,0.0,2.0,1.0,2.0,0.0,2.0,1.0,1.0,2.0,0.0,2.0,1.0,1.0,0.0,2.0,2.0,2.0,1.0,1.0,2.0,0.0,1.0,2.0,0.0,1.0,2.0,2.0,1.0,1.0,0.0,0.0,2.0,0.0,2.0,2.0,2.0,0.0,2.0,2.0,2.0,2.0,0.0,2.0,2.0,0.0,0.0,0.0,1.0,0.0,2.0,2.0,0.0,0.0,0.0,0.0,1.0,0.0,0.0,0.0,1.0,2.0,0.0,0.0,2.0,0.0,2.0,2.0,0.0,2.0,1.0,2.0,0.0,2.0,0.0,2.0,0.0,2.0,0.0,0.0
4741,2.0,1.0,2.0,2.0,0.0,0.0,2.0,2.0,2.0,1.0,2.0,1.0,0.0,2.0,2.0,2.0,2.0,1.0,0.0,2.0,0.0,0.0,2.0,0.0,2.0,1.0,1.0,0.0,1.0,1.0,0.0,2.0,2.0,0.0,0.0,0.0,1.0,0.0,1.0,2.0,1.0,2.0,2.0,1.0,0.0,2.0,1.0,1.0,1.0,0.0,1.0,0.0,2.0,0.0,2.0,2.0,2.0,0.0,2.0,2.0,1.0,2.0,2.0,1.0,2.0,1.0,1.0,1.0,2.0,1.0,2.0,1.0,0.0,2.0,2.0,0.0,1.0,0.0,0.0,0.0,2.0,0.0,0.0,1.0,2.0,2.0,2.0,2.0,1.0,1.0,1.0,1.0,0.0,1.0,2.0,1.0,1.0,2.0,1.0,1.0
4742,1.0,0.0,2.0,1.0,1.0,0.0,2.0,2.0,2.0,1.0,1.0,2.0,0.0,1.0,2.0,1.0,2.0,0.0,2.0,0.0,1.0,0.0,0.0,0.0,2.0,0.0,1.0,0.0,2.0,1.0,0.0,2.0,0.0,0.0,1.0,1.0,2.0,2.0,2.0,2.0,2.0,2.0,2.0,0.0,1.0,1.0,2.0,2.0,1.0,1.0,0.0,0.0,2.0,0.0,2.0,1.0,2.0,0.0,2.0,2.0,1.0,2.0,2.0,1.0,2.0,0.0,0.0,2.0,0.0,0.0,2.0,1.0,0.0,0.0,1.0,0.0,2.0,0.0,0.0,0.0,2.0,1.0,0.0,2.0,2.0,1.0,1.0,2.0,2.0,0.0,1.0,2.0,0.0,2.0,2.0,2.0,2.0,2.0,0.0,1.0
4744,0.0,1.0,0.0,0.0,1.0,0.0,1.0,1.0,2.0,1.0,1.0,0.0,1.0,2.0,2.0,1.0,2.0,1.0,1.0,1.0,0.0,0.0,1.0,0.0,2.0,1.0,2.0,0.0,1.0,0.0,0.0,2.0,1.0,0.0,1.0,0.0,1.0,0.0,1.0,2.0,2.0,2.0,2.0,1.0,1.0,2.0,1.0,1.0,1.0,1.0,0.0,0.0,2.0,0.0,1.0,2.0,2.0,0.0,2.0,1.0,1.0,2.0,1.0,2.0,2.0,0.0,2.0,1.0,1.0,0.0,2.0,2.0,0.0,2.0,0.0,0.0,1.0,0.0,0.0,0.0,2.0,0.0,0.0,1.0,2.0,2.0,1.0,2.0,0.0,2.0,0.0,0.0,0.0,2.0,1.0,2.0,1.0,2.0,1.0,2.0
4749,0.0,0.0,1.0,0.0,0.0,0.0,1.0,1.0,0.0,0.0,0.0,0.0,1.0,2.0,2.0,2.0,2.0,1.0,2.0,0.0,2.0,0.0,1.0,0.0,2.0,1.0,2.0,2.0,1.0,1.0,0.0,1.0,0.0,1.0,1.0,0.0,2.0,2.0,1.0,1.0,2.0,1.0,1.0,1.0,0.0,0.0,2.0,1.0,2.0,1.0,0.0,0.0,2.0,0.0,2.0,0.0,2.0,0.0,2.0,2.0,0.0,2.0,0.0,2.0,2.0,0.0,2.0,2.0,2.0,0.0,1.0,2.0,0.0,0.0,0.0,0.0,0.0,0.0,1.0,0.0,2.0,1.0,0.0,1.0,2.0,0.0,0.0,1.0,2.0,2.0,2.0,2.0,0.0,2.0,0.0,1.0,1.0,2.0,1.0,1.0
4755,2.0,0.0,1.0,0.0,2.0,0.0,0.0,2.0,2.0,1.0,1.0,0.0,1.0,2.0,1.0,2.0,2.0,0.0,1.0,2.0,2.0,0.0,1.0,0.0,2.0,2.0,2.0,0.0,1.0,0.0,0.0,2.0,0.0,0.0,0.0,1.0,2.0,2.0,2.0,0.0,2.0,2.0,1.0,1.0,0.0,0.0,2.0,2.0,2.0,0.0,0.0,0.0,2.0,0.0,1.0,1.0,2.0,0.0,2.0,2.0,2.0,2.0,1.0,2.0,2.0,0.0,1.0,1.0,2.0,1.0,2.0,2.0,0.0,1.0,0.0,0.0,0.0,0.0,0.0,0.0,1.0,0.0,0.0,1.0,2.0,0.0,2.0,1.0,0.0,2.0,1.0,1.0,0.0,1.0,1.0,1.0,0.0,2.0,2.0,0.0
4763,2.0,1.0,2.0,0.0,0.0,1.0,2.0,1.0,2.0,0.0,0.0,1.0,1.0,2.0,1.0,1.0,2.0,1.0,1.0,0.0,2.0,0.0,0.0,1.0,2.0,1.0,2.0,1.0,1.0,2.0,0.0,1.0,2.0,0.0,1.0,2.0,2.0,1.0,2.0,1.0,2.0,1.0,1.0,1.0,0.0,1.0,2.0,1.0,1.0,0.0,0.0,0.0,2.0,0.0,2.0,1.0,2.0,0.0,2.0,1.0,0.0,2.0,0.0,2.0,2.0,0.0,1.0,1.0,2.0,1.0,2.0,2.0,0.0,1.0,2.0,0.0,1.0,0.0,0.0,0.0,1.0,0.0,0.0,1.0,2.0,1.0,1.0,1.0,1.0,2.0,1.0,2.0,0.0,2.0,1.0,2.0,1.0,2.0,0.0,1.0
4766,1.0,1.0,1.0,1.0,2.0,1.0,2.0,1.0,2.0,1.0,1.0,1.0,2.0,2.0,1.0,2.0,2.0,1.0,1.0,1.0,0.0,0.0,0.0,1.0,2.0,1.0,1.0,0.0,0.0,1.0,1.0,2.0,0.0,0.0,0.0,0.0,0.0,1.0,1.0,1.0,2.0,1.0,2.0,1.0,2.0,2.0,2.0,1.0,2.0,0.0,0.0,0.0,1.0,0.0,2.0,2.0,2.0,0.0,2.0,2.0,0.0,2.0,0.0,1.0,2.0,0.0,2.0,1.0,0.0,0.0,2.0,0.0,0.0,0.0,2.0,0.0,2.0,0.0,1.0,0.0,1.0,0.0,0.0,0.0,2.0,1.0,0.0,2.0,1.0,1.0,1.0,0.0,0.0,2.0,2.0,2.0,1.0,2.0,1.0,1.0
4767,1.0,0.0,0.0,0.0,0.0,0.0,2.0,2.0,1.0,0.0,1.0,0.0,1.0,2.0,2.0,1.0,2.0,2.0,2.0,1.0,1.0,0.0,0.0,1.0,2.0,0.0,2.0,1.0,2.0,0.0,0.0,2.0,1.0,0.0,0.0,1.0,2.0,2.0,0.0,1.0,2.0,1.0,0.0,0.0,0.0,0.0,2.0,1.0,2.0,0.0,1.0,0.0,2.0,0.0,2.0,0.0,2.0,0.0,2.0,2.0,0.0,1.0,0.0,2.0,2.0,0.0,1.0,1.0,2.0,0.0,2.0,2.0,0.0,0.0,0.0,0.0,0.0,0.0,2.0,0.0,2.0,0.0,0.0,1.0,2.0,1.0,1.0,1.0,2.0,2.0,1.0,2.0,0.0,2.0,0.0,2.0,1.0,2.0,1.0,1.0
4769,2.0,0.0,0.0,0.0,0.0,1.0,1.0,1.0,2.0,0.0,2.0,1.0,2.0,2.0,1.0,2.0,2.0,1.0,2.0,0.0,2.0,0.0,0.0,1.0,2.0,0.0,2.0,0.0,0.0,1.0,0.0,2.0,0.0,0.0,0.0,2.0,2.0,0.0,1.0,0.0,2.0,2.0,2.0,1.0,0.0,2.0,2.0,2.0,0.0,0.0,0.0,0.0,2.0,0.0,2.0,1.0,2.0,0.0,2.0,2.0,0.0,1.0,0.0,2.0,2.0,0.0,1.0,0.0,2.0,0.0,2.0,1.0,0.0,2.0,1.0,0.0,2.0,0.0,0.0,0.0,2.0,0.0,0.0,0.0,2.0,2.0,2.0,1.0,1.0,2.0,1.0,2.0,0.0,2.0,1.0,1.0,1.0,2.0,0.0,1.0
4771,2.0,0.0,1.0,0.0,0.0,0.0,0.0,2.0,2.0,0.0,0.0,0.0,2.0,2.0,2.0,2.0,2.0,2.0,1.0,0.0,1.0,0.0,2.0,0.0,2.0,1.0,2.0,2.0,2.0,2.0,0.0,1.0,0.0,1.0,1.0,1.0,2.0,2.0,2.0,0.0,2.0,1.0,0.0,1.0,0.0,0.0,2.0,2.0,0.0,2.0,0.0,0.0,2.0,0.0,2.0,0.0,2.0,0.0,2.0,1.0,1.0,2.0,0.0,2.0,2.0,1.0,2.0,1.0,0.0,1.0,2.0,2.0,0.0,0.0,0.0,0.0,1.0,0.0,0.0,0.0,2.0,1.0,0.0,1.0,2.0,0.0,2.0,2.0,2.0,2.0,1.0,2.0,0.0,2.0,1.0,1.0,2.0,2.0,2.0,0.0
4773,2.0,0.0,1.0,1.0,0.0,0.0,2.0,1.0,0.0,0.0,2.0,2.0,0.0,2.0,2.0,2.0,2.0,1.0,1.0,0.0,2.0,0.0,2.0,0.0,2.0,0.0,0.0,2.0,1.0,2.0,0.0,2.0,1.0,0.0,1.0,0.0,1.0,1.0,1.0,1.0,2.0,1.0,2.0,1.0,0.0,2.0,2.0,2.0,1.0,1.0,0.0,0.0,2.0,0.0,2.0,1.0,2.0,0.0,2.0,2.0,0.0,2.0,0.0,1.0,2.0,0.0,2.0,1.0,1.0,0.0,2.0,2.0,0.0,1.0,1.0,1.0,0.0,0.0,0.0,0.0,1.0,0.0,0.0,1.0,2.0,0.0,1.0,1.0,1.0,2.0,1.0,2.0,0.0,2.0,2.0,2.0,1.0,2.0,0.0,1.0
4781,2.0,0.0,2.0,1.0,0.0,0.0,1.0,2.0,2.0,0.0,1.0,1.0,1.0,2.0,2.0,2.0,2.0,2.0,1.0,0.0,2.0,0.0,2.0,0.0,2.0,0.0,2.0,1.0,1.0,1.0,0.0,2.0,1.0,0.0,1.0,1.0,1.0,2.0,1.0,1.0,2.0,2.0,1.0,2.0,0.0,1.0,2.0,2.0,1.0,1.0,0.0,0.0,2.0,0.0,1.0,1.0,2.0,0.0,2.0,2.0,0.0,2.0,1.0,2.0,2.0,1.0,0.0,1.0,1.0,1.0,2.0,1.0,0.0,0.0,0.0,1.0,2.0,0.0,0.0,0.0,2.0,0.0,0.0,1.0,2.0,1.0,2.0,0.0,0.0,2.0,2.0,2.0,0.0,1.0,1.0,2.0,1.0,2.0,1.0,1.0
4783,2.0,1.0,2.0,1.0,1.0,0.0,2.0,2.0,2.0,0.0,0.0,1.0,2.0,2.0,2.0,2.0,1.0,0.0,0.0,0.0,1.0,0.0,1.0,0.0,2.0,0.0,2.0,2.0,1.0,2.0,0.0,2.0,2.0,0.0,0.0,1.0,2.0,1.0,1.0,2.0,2.0,0.0,2.0,1.0,0.0,2.0,2.0,2.0,1.0,0.0,0.0,0.0,2.0,0.0,1.0,1.0,2.0,0.0,2.0,2.0,1.0,2.0,1.0,1.0,2.0,1.0,2.0,2.0,1.0,0.0,1.0,2.0,0.0,0.0,0.0,0.0,1.0,0.0,0.0,0.0,2.0,0.0,0.0,1.0,2.0,1.0,2.0,1.0,2.0,2.0,1.0,2.0,0.0,2.0,1.0,2.0,1.0,2.0,2.0,1.0
4785,2.0,0.0,2.0,0.0,1.0,0.0,1.0,2.0,2.0,0.0,0.0,1.0,1.0,2.0,2.0,2.0,2.0,0.0,2.0,1.0,1.0,0.0,2.0,1.0,2.0,1.0,2.0,1.0,1.0,0.0,0.0,2.0,1.0,0.0,0.0,2.0,2.0,2.0,1.0,1.0,2.0,0.0,2.0,2.0,0.0,2.0,2.0,1.0,1.0,1.0,0.0,0.0,2.0,0.0,2.0,0.0,1.0,0.0,2.0,1.0,0.0,2.0,0.0,1.0,2.0,0.0,2.0,1.0,2.0,1.0,1.0,2.0,0.0,0.0,0.0,0.0,1.0,0.0,1.0,0.0,1.0,0.0,0.0,1.0,2.0,1.0,2.0,1.0,2.0,2.0,2.0,1.0,0.0,2.0,2.0,2.0,1.0,1.0,1.0,2.0
4786,1.0,0.0,1.0,1.0,1.0,0.0,0.0,2.0,2.0,1.0,1.0,0.0,2.0,1.0,1.0,2.0,2.0,1.0,1.0,0.0,2.0,0.0,1.0,0.0,2.0,2.0,2.0,0.0,2.0,1.0,0.0,2.0,1.0,0.0,1.0,1.0,1.0,2.0,2.0,2.0,2.0,0.0,1.0,0.0,0.0,0.0,2.0,1.0,2.0,0.0,0.0,0.0,2.0,0.0,2.0,0.0,2.0,0.0,2.0,2.0,2.0,2.0,0.0,2.0,2.0,0.0,1.0,1.0,2.0,1.0,2.0,2.0,0.0,0.0,1.0,0.0,1.0,0.0,0.0,0.0,2.0,0.0,0.0,1.0,2.0,2.0,2.0,1.0,0.0,2.0,1.0,1.0,0.0,2.0,0.0,1.0,0.0,2.0,1.0,0.0
4787,2.0,0.0,2.0,1.0,1.0,0.0,1.0,2.0,2.0,1.0,0.0,0.0,0.0,2.0,1.0,2.0,2.0,1.0,2.0,2.0,1.0,0.0,0.0,1.0,2.0,0.0,1.0,1.0,2.0,2.0,0.0,2.0,1.0,0.0,1.0,0.0,1.0,2.0,0.0,2.0,2.0,0.0,2.0,1.0,0.0,1.0,2.0,1.0,0.71,1.0,0.0,0.0,2.0,0.0,1.0,0.0,2.0,0.0,1.0,2.0,1.0,2.0,1.0,2.0,2.0,2.0,1.0,2.0,2.0,1.0,2.0,1.0,0.0,0.0,0.0,1.0,2.0,0.0,0.0,0.0,1.0,0.0,0.0,1.0,2.0,0.0,2.0,2.0,0.0,2.0,2.0,2.0,0.0,2.0,1.0,1.0,2.0,2.0,1.0,0.0
4789,1.0,1.0,1.0,1.0,0.0,1.0,2.0,0.0,1.0,0.0,1.0,1.0,2.0,2.0,2.0,2.0,2.0,0.0,2.0,1.0,1.0,0.0,1.0,0.0,2.0,1.0,0.0,1.0,0.0,1.0,0.0,2.0,1.0,0.0,0.0,0.0,2.0,0.0,0.0,2.0,2.0,0.0,2.0,1.0,0.0,2.0,0.0,2.0,1.0,0.0,0.0,0.0,2.0,0.0,2.0,2.0,2.0,0.0,2.0,2.0,0.0,2.0,1.0,1.0,2.0,0.0,1.0,0.0,1.0,2.0,2.0,1.0,0.0,2.0,1.0,0.0,0.0,0.0,0.0,0.0,2.0,0.0,1.0,1.0,2.0,2.0,2.0,2.0,1.0,1.0,0.0,0.0,0.0,1.0,2.0,2.0,1.0,2.0,0.0,1.0
4791,1.0,0.0,2.0,0.0,0.0,0.0,1.0,2.0,2.0,1.0,2.0,1.0,2.0,2.0,2.0,2.0,2.0,1.0,2.0,1.0,1.0,0.0,0.0,1.0,2.0,1.0,2.0,0.0,1.0,1.0,0.0,2.0,0.0,0.0,0.0,2.0,2.0,2.0,0.0,0.0,2.0,0.0,2.0,2.0,0.0,2.0,2.0,1.0,1.0,0.0,0.0,0.0,2.0,0.0,1.0,0.0,1.0,0.0,2.0,2.0,0.0,2.0,0.0,1.0,2.0,1.0,0.0,1.0,2.0,0.0,1.0,2.0,0.0,0.0,0.0,1.0,1.0,0.0,0.0,0.0,2.0,1.0,0.0,1.0,2.0,0.0,2.0,2.0,2.0,2.0,1.0,2.0,1.0,2.0,0.0,2.0,1.0,1.0,1.0,0.0
4792,1.0,0.0,1.0,0.0,1.0,0.0,2.0,2.0,2.0,0.0,1.0,1.0,2.0,2.0,2.0,2.0,2.0,0.0,2.0,0.0,0.0,0.0,1.0,0.0,2.0,0.0,2.0,0.0,2.0,1.0,0.0,2.0,2.0,0.0,0.0,0.0,2.0,2.0,1.0,1.0,2.0,0.0,1.0,1.0,0.0,1.0,2.0,2.0,1.0,0.0,0.0,0.0,2.0,0.0,2.0,0.0,0.0,0.0,2.0,2.0,1.0,2.0,0.0,2.0,2.0,0.0,1.0,0.0,2.0,0.0,2.0,1.0,0.0,0.0,0.0,1.0,0.0,0.0,0.0,0.0,2.0,0.0,1.0,1.0,2.0,1.0,2.0,2.0,1.0,2.0,2.0,2.0,0.0,2.0,1.0,2.0,0.0,2.0,2.0,1.0
4793,1.0,0.0,1.0,2.0,2.0,0.0,2.0,1.0,2.0,0.0,0.0,0.0,1.0,1.0,2.0,2.0,1.0,2.0,1.0,1.0,1.0,0.0,2.0,2.0,2.0,1.0,2.0,1.0,1.0,0.0,0.0,1.0,1.0,0.0,2.0,1.0,1.0,2.0,2.0,1.0,2.0,2.0,1.0,0.0,0.0,0.0,2.0,0.0,1.0,2.0,1.0,0.0,2.0,0.0,0.0,1.0,1.0,0.0,2.0,2.0,1.0,1.0,1.0,1.0,2.0,0.0,0.0,1.0,1.0,0.0,1.0,0.0,0.0,0.0,0.0,1.0,1.0,0.0,0.0,0.0,2.0,2.0,0.0,1.0,2.0,1.0,1.0,2.0,0.0,1.0,0.0,1.0,0.0,2.0,1.0,2.0,1.0,2.0,1.0,0.0
4794,1.0,0.0,1.0,1.0,1.0,0.0,1.0,1.0,2.0,1.0,0.0,0.0,1.0,2.0,2.0,2.0,1.0,2.0,1.0,1.0,2.0,0.0,2.0,2.0,2.0,1.0,2.0,1.0,1.0,0.0,0.0,1.0,1.0,0.0,1.0,1.0,2.0,2.0,2.0,1.0,2.0,0.0,1.0,0.0,0.0,1.0,2.0,0.0,1.0,0.0,0.0,0.0,2.0,0.0,1.0,1.0,1.0,0.0,2.0,2.0,1.0,0.0,1.0,1.0,2.0,0.0,0.0,2.0,2.0,0.0,2.0,1.0,0.0,0.0,1.0,1.0,1.0,0.0,0.0,0.0,2.0,1.0,0.0,2.0,2.0,1.0,1.0,2.0,1.0,1.0,0.0,1.0,0.0,2.0,1.0,2.0,1.0,2.0,1.0,0.0
4803,1.0,0.0,2.0,0.0,1.0,0.0,1.0,1.0,1.0,1.0,0.0,1.0,1.0,2.0,1.0,2.0,2.0,2.0,1.0,0.0,2.0,0.0,1.0,0.0,2.0,0.0,1.0,1.0,1.0,1.0,0.0,2.0,0.0,0.0,2.0,1.0,2.0,0.0,0.0,0.0,2.0,1.0,1.0,1.0,0.0,2.0,2.0,1.0,1.0,0.0,0.0,0.0,2.0,0.0,1.0,1.0,2.0,0.0,2.0,2.0,1.0,2.0,0.0,1.0,2.0,0.0,1.0,2.0,2.0,0.0,2.0,2.0,1.0,1.0,0.0,0.0,1.0,0.0,1.0,0.0,2.0,0.0,0.0,0.0,2.0,0.0,1.0,1.0,1.0,2.0,1.0,2.0,0.0,2.0,2.0,2.0,1.0,2.0,1.0,2.0
4807,1.0,1.0,1.0,0.0,0.0,0.0,1.0,0.0,2.0,1.0,1.0,0.0,2.0,2.0,2.0,2.0,2.0,2.0,1.0,0.0,2.0,0.0,2.0,0.0,2.0,1.0,2.0,1.0,1.0,1.0,0.0,2.0,1.0,2.0,0.0,2.0,2.0,2.0,0.0,0.0,2.0,1.0,1.0,1.0,0.0,0.0,2.0,2.0,1.33,1.0,0.0,0.0,2.0,0.0,1.0,1.0,2.0,0.0,2.0,1.0,1.0,2.0,0.0,0.0,2.0,0.0,2.0,0.0,1.0,0.0,2.0,2.0,0.0,0.0,0.0,1.0,2.0,0.0,0.0,0.0,2.0,0.0,0.0,1.0,2.0,0.0,2.0,1.0,1.0,2.0,0.0,2.0,0.0,2.0,0.0,1.0,2.0,2.0,1.0,0.0
4812,2.0,2.0,2.0,1.0,1.0,0.0,1.0,2.0,1.0,1.0,2.0,1.0,0.0,1.0,2.0,2.0,2.0,2.0,1.0,1.0,2.0,0.0,0.0,0.0,2.0,1.0,2.0,1.0,0.0,1.0,0.0,2.0,1.0,0.0,1.0,0.0,1.0,1.0,2.0,2.0,2.0,1.0,1.0,0.0,0.0,0.0,2.0,1.0,1.0,1.0,0.0,0.0,2.0,0.0,2.0,1.0,1.0,0.0,2.0,1.0,2.0,2.0,0.0,2.0,2.0,0.0,0.0,2.0,1.0,1.0,2.0,1.0,1.0,1.0,0.0,1.0,0.0,0.0,0.0,0.0,1.0,1.0,0.0,0.0,2.0,0.0,0.0,0.0,0.0,2.0,1.0,2.0,0.0,2.0,2.0,2.0,0.0,2.0,1.0,0.0
4817,1.0,1.0,1.0,1.0,2.0,0.0,2.0,0.0,2.0,1.0,0.0,0.0,1.0,2.0,2.0,2.0,2.0,0.0,1.0,2.0,0.0,0.0,0.0,0.0,2.0,0.0,2.0,0.0,1.0,0.0,0.0,2.0,0.0,0.0,1.0,0.0,0.0,1.0,2.0,1.0,2.0,0.0,2.0,1.0,2.0,2.0,2.0,1.0,2.0,0.0,1.0,1.0,0.0,0.0,2.0,2.0,2.0,0.0,2.0,1.0,0.0,2.0,0.0,2.0,2.0,0.0,2.0,2.0,0.0,0.0,2.0,2.0,0.0,0.0,1.0,0.0,2.0,0.0,2.0,0.0,1.0,0.0,1.0,0.0,2.0,2.0,0.0,2.0,1.0,1.0,1.0,1.0,0.0,2.0,2.0,2.0,2.0,2.0,0.0,1.0
4826,2.0,0.0,1.0,1.0,0.0,0.0,1.0,2.0,2.0,0.0,1.0,0.0,2.0,1.0,2.0,2.0,2.0,1.0,2.0,1.0,0.0,0.0,0.0,0.0,2.0,0.0,1.0,0.0,0.0,0.0,0.0,2.0,2.0,0.0,0.0,0.0,1.0,2.0,2.0,1.0,1.0,0.0,1.0,1.0,0.0,2.0,2.0,2.0,2.0,1.0,0.0,0.0,2.0,0.0,1.0,0.0,0.0,0.0,2.0,1.0,1.0,1.0,0.0,2.0,2.0,0.0,0.0,1.0,2.0,0.0,2.0,2.0,0.0,0.0,0.0,1.0,2.0,0.0,0.0,0.0,2.0,0.0,0.0,0.0,2.0,1.0,1.0,1.0,1.0,2.0,1.0,1.0,0.0,2.0,2.0,1.0,1.0,2.0,1.0,1.0
4827,1.0,0.0,1.0,0.0,0.0,0.0,1.0,2.0,2.0,0.0,0.0,0.0,2.0,1.0,2.0,2.0,2.0,0.0,2.0,1.0,0.0,0.0,1.0,0.0,2.0,0.0,2.0,1.0,2.0,1.0,0.0,2.0,1.0,1.0,0.0,1.0,2.0,2.0,1.0,1.0,2.0,0.0,1.0,2.0,0.0,2.0,1.0,2.0,1.0,1.0,0.0,0.0,2.0,0.0,1.0,0.0,0.0,0.0,2.0,2.0,1.0,2.0,0.0,2.0,2.0,0.0,0.0,1.0,2.0,0.0,2.0,2.0,0.0,0.0,0.0,2.0,1.0,0.0,0.0,0.0,2.0,0.0,0.0,1.0,2.0,1.0,1.0,1.0,1.0,2.0,1.0,2.0,0.0,2.0,2.0,1.0,2.0,2.0,2.0,2.0
4829,1.0,1.0,1.0,2.0,0.0,1.0,2.0,2.0,2.0,1.0,0.0,2.0,0.0,2.0,0.0,2.0,2.0,1.0,1.0,1.0,2.0,0.0,0.0,0.0,2.0,2.0,1.0,1.0,0.0,1.0,0.0,2.0,1.0,0.0,1.0,2.0,2.0,1.0,1.0,1.0,1.0,2.0,2.0,1.0,1.0,1.0,0.0,1.0,2.0,1.0,0.0,0.0,2.0,0.0,2.0,1.0,2.0,0.0,2.0,1.0,1.0,2.0,1.0,2.0,2.0,0.0,2.0,0.0,0.0,1.0,1.0,2.0,0.0,1.0,1.0,0.0,1.0,0.0,0.0,1.0,2.0,0.0,0.0,1.0,2.0,1.0,1.0,2.0,0.0,1.0,0.0,1.0,0.0,2.0,2.0,2.0,1.0,2.0,1.0,1.0
4830,2.0,0.0,2.0,1.0,0.0,0.0,1.0,2.0,2.0,0.0,1.0,0.0,1.0,2.0,1.0,2.0,2.0,1.0,1.0,0.0,1.0,0.0,1.0,0.0,2.0,0.0,2.0,0.0,2.0,1.0,0.0,2.0,2.0,0.0,0.0,0.0,2.0,2.0,0.0,1.0,2.0,0.0,2.0,2.0,0.0,2.0,2.0,2.0,1.0,0.0,0.0,0.0,2.0,0.0,2.0,0.0,1.0,0.0,2.0,1.0,0.0,2.0,0.0,1.0,2.0,0.0,0.0,1.0,2.0,0.0,2.0,2.0,0.0,0.0,0.0,1.0,1.0,0.0,0.0,0.0,2.0,0.0,0.0,1.0,2.0,1.0,2.0,2.0,0.0,2.0,2.0,1.0,0.0,2.0,1.0,2.0,1.0,2.0,2.0,2.0
4833,2.0,1.0,2.0,0.0,0.0,0.0,1.0,2.0,2.0,1.0,1.0,1.0,1.0,2.0,2.0,2.0,2.0,1.0,2.0,1.0,1.0,0.0,1.0,0.0,2.0,1.0,2.0,1.0,2.0,1.0,0.0,2.0,0.0,0.0,1.0,0.0,2.0,2.0,1.0,0.0,2.0,1.0,2.0,2.0,0.0,1.0,2.0,2.0,2.0,1.0,0.0,0.0,2.0,0.0,1.0,0.0,1.0,0.0,2.0,1.0,1.0,2.0,0.0,1.0,2.0,0.0,0.0,0.0,1.0,0.0,2.0,2.0,0.0,0.0,0.0,1.0,1.0,0.0,0.0,0.0,2.0,0.0,0.0,0.0,2.0,1.0,2.0,1.0,1.0,2.0,2.0,1.0,1.0,2.0,1.0,2.0,1.0,2.0,2.0,0.0
4836,2.0,0.0,2.0,2.0,1.0,0.0,1.0,1.0,2.0,1.0,1.0,2.0,2.0,2.0,0.0,2.0,2.0,0.0,1.0,2.0,0.0,0.0,0.0,0.0,2.0,2.0,1.0,2.0,2.0,1.0,0.0,2.0,1.0,0.0,0.0,1.0,2.0,1.0,1.0,1.0,2.0,1.0,1.0,1.0,0.0,2.0,2.0,1.0,1.0,1.0,0.0,0.0,2.0,0.0,1.0,2.0,2.0,0.0,2.0,2.0,0.0,2.0,1.0,0.0,2.0,0.0,0.0,2.0,0.0,1.0,2.0,2.0,0.0,1.0,1.0,0.0,2.0,0.0,0.0,0.0,2.0,0.0,0.0,0.0,2.0,2.0,1.0,1.0,0.0,2.0,2.0,1.0,0.0,2.0,2.0,0.0,2.0,2.0,0.0,2.0
4837,1.0,1.0,1.0,1.0,0.0,2.0,2.0,2.0,2.0,2.0,1.0,0.0,1.0,2.0,2.0,1.0,2.0,2.0,1.0,2.0,2.0,0.0,0.0,0.0,2.0,0.0,0.0,0.0,0.0,1.0,1.0,2.0,1.0,0.0,0.0,2.0,2.0,0.0,1.0,1.0,1.0,1.0,2.0,0.0,1.0,0.0,1.0,1.0,1.0,1.0,0.0,0.0,2.0,0.0,2.0,0.0,2.0,0.0,2.0,2.0,0.0,1.0,0.0,0.0,2.0,0.0,1.0,1.0,0.0,2.0,2.0,2.0,0.0,1.0,1.0,0.0,1.0,0.0,0.0,0.0,2.0,0.0,1.0,0.0,2.0,1.0,2.0,2.0,1.0,1.0,2.0,1.0,0.0,2.0,2.0,2.0,1.0,2.0,0.0,1.0
4838,1.0,0.0,2.0,1.0,1.0,0.0,0.0,2.0,1.0,0.0,1.0,0.0,1.0,1.0,2.0,2.0,2.0,1.0,2.0,1.0,2.0,0.0,0.0,2.0,2.0,1.0,2.0,1.0,2.0,1.0,0.0,2.0,0.0,0.0,1.0,2.0,1.0,1.0,0.0,0.0,2.0,1.0,2.0,0.0,0.0,0.0,2.0,2.0,0.0,0.0,0.0,0.0,2.0,0.0,1.0,0.0,2.0,0.0,2.0,2.0,1.0,2.0,0.0,2.0,2.0,2.0,1.0,2.0,1.0,1.0,2.0,2.0,0.0,1.0,1.0,1.0,2.0,0.0,0.0,0.0,2.0,0.0,0.0,1.0,2.0,2.0,2.0,2.0,0.0,2.0,2.0,1.0,0.0,2.0,0.0,1.0,2.0,2.0,2.0,1.0
4839,2.0,0.0,2.0,0.0,0.0,1.0,1.0,0.0,2.0,0.0,0.0,0.0,1.0,2.0,1.0,2.0,2.0,2.0,0.0,1.0,1.0,0.0,2.0,1.0,2.0,1.0,1.0,1.0,2.0,1.0,0.0,2.0,0.0,1.0,0.0,0.0,2.0,2.0,2.0,0.0,2.0,1.0,1.0,2.0,0.0,1.0,2.0,1.0,1.0,2.0,0.0,0.0,2.0,0.0,2.0,0.0,2.0,0.0,2.0,1.0,1.0,2.0,0.0,2.0,2.0,0.0,0.0,0.0,1.0,2.0,2.0,2.0,0.0,0.0,0.0,0.0,2.0,0.0,0.0,0.0,1.0,0.0,0.0,0.0,2.0,0.0,2.0,2.0,2.0,2.0,0.0,2.0,0.0,2.0,1.0,2.0,1.0,2.0,1.0,1.0
4840,1.0,1.0,0.0,1.0,0.0,1.0,1.0,2.0,2.0,1.0,1.0,1.0,2.0,1.0,2.0,1.0,1.0,0.0,0.0,1.0,2.0,2.0,1.0,0.0,2.0,0.0,1.0,0.0,1.0,1.0,0.0,0.0,0.0,0.0,0.0,0.0,2.0,2.0,1.0,0.0,2.0,0.0,2.0,0.0,1.0,2.0,2.0,1.0,0.0,0.0,0.0,0.0,1.0,0.0,1.0,1.0,2.0,0.0,2.0,2.0,1.0,2.0,1.0,2.0,2.0,0.0,0.0,2.0,1.0,1.0,1.0,2.0,0.0,1.0,1.0,0.0,1.0,0.0,1.0,1.0,2.0,0.0,0.0,1.0,2.0,1.0,2.0,2.0,0.0,2.0,0.0,2.0,0.0,1.0,2.0,2.0,2.0,2.0,1.0,0.0
4849,2.0,1.0,1.0,0.0,0.0,0.0,0.0,2.0,0.0,1.0,1.0,0.0,1.0,2.0,2.0,2.0,2.0,0.0,2.0,1.0,0.0,0.0,1.0,0.0,2.0,0.0,1.0,0.0,1.0,0.0,0.0,2.0,1.0,0.0,0.0,1.0,2.0,0.0,1.0,1.0,2.0,1.0,1.0,0.0,0.0,0.0,2.0,2.0,1.0,0.0,0.0,0.0,2.0,0.0,2.0,1.0,2.0,0.0,2.0,2.0,0.0,2.0,0.0,2.0,2.0,0.0,1.0,1.0,2.0,0.0,1.0,2.0,1.0,2.0,1.0,0.0,2.0,0.0,0.0,0.0,2.0,0.0,0.0,1.0,2.0,1.0,2.0,1.0,1.0,2.0,0.0,2.0,0.0,2.0,0.0,1.0,1.0,2.0,2.0,1.0
4850,1.0,1.0,1.0,2.0,1.0,0.0,0.0,1.0,2.0,1.0,2.0,1.0,1.0,2.0,1.0,2.0,2.0,1.0,1.0,2.0,0.0,0.0,2.0,1.0,2.0,0.0,2.0,0.0,1.0,0.0,1.0,2.0,0.0,0.0,1.0,1.0,2.0,1.0,2.0,2.0,2.0,2.0,2.0,0.0,0.0,0.0,2.0,2.0,1.0,1.0,0.0,0.0,2.0,0.0,1.0,1.0,2.0,0.0,2.0,2.0,1.0,2.0,0.0,1.0,2.0,1.0,0.0,2.0,0.0,1.0,2.0,1.0,0.0,1.0,1.0,0.0,1.0,0.0,0.0,0.0,2.0,0.0,1.0,0.0,2.0,1.0,1.0,2.0,1.0,0.0,1.0,0.0,1.0,2.0,2.0,1.0,1.0,2.0,0.0,0.0
4851,2.0,0.0,0.0,1.0,0.0,0.0,1.0,2.0,2.0,1.0,0.0,0.0,1.0,2.0,0.0,2.0,2.0,0.0,0.0,0.0,1.0,1.0,1.0,0.0,2.0,0.0,2.0,1.0,0.0,2.0,0.0,1.0,0.0,0.0,1.0,1.0,2.0,1.0,1.0,1.0,2.0,0.0,2.0,0.0,0.0,1.0,0.0,0.0,1.0,0.0,0.0,0.0,2.0,0.0,2.0,0.0,2.0,1.0,2.0,2.0,0.0,2.0,0.0,1.0,2.0,0.0,0.0,1.0,0.0,2.0,2.0,1.0,0.0,1.0,2.0,0.0,1.0,0.0,0.0,0.0,1.0,0.0,0.0,1.0,2.0,2.0,1.0,2.0,0.0,2.0,0.0,2.0,0.0,1.0,2.0,1.0,1.0,2.0,1.0,0.0
4860,1.0,1.0,2.0,1.0,0.0,1.0,2.0,2.0,2.0,0.0,1.0,1.0,1.0,2.0,1.0,0.0,2.0,2.0,0.0,1.0,2.0,1.0,1.0,1.0,1.0,1.0,2.0,0.0,1.0,2.0,1.0,2.0,1.0,0.0,1.0,1.0,0.0,1.0,2.0,1.0,2.0,1.0,1.0,2.0,0.0,2.0,2.0,2.0,2.0,0.0,0.0,0.0,2.0,0.0,2.0,0.0,0.0,0.0,2.0,0.0,1.0,2.0,0.0,2.0,2.0,1.0,1.0,2.0,1.0,0.0,2.0,2.0,0.0,0.0,1.0,0.0,1.0,1.0,0.0,0.0,2.0,0.0,1.0,0.0,2.0,0.0,0.0,1.0,2.0,1.0,2.0,1.0,1.0,2.0,2.0,1.0,0.0,1.0,1.0,1.0
4861,1.0,1.0,2.0,2.0,0.0,0.0,2.0,2.0,2.0,0.0,0.0,1.0,2.0,2.0,2.0,2.0,2.0,1.0,0.0,0.0,2.0,0.0,1.0,0.0,1.0,1.0,2.0,0.0,0.0,2.0,0.0,0.0,1.0,0.0,1.0,1.0,1.0,1.0,2.0,1.0,2.0,0.0,1.0,1.0,0.0,1.0,2.0,2.0,2.0,0.0,1.0,0.0,2.0,0.0,2.0,1.0,1.0,0.0,1.0,0.0,2.0,2.0,1.0,2.0,2.0,1.0,0.0,1.0,1.0,0.0,2.0,2.0,0.0,1.0,0.0,0.0,2.0,1.0,1.0,0.0,1.0,0.0,0.0,1.0,2.0,1.0,1.0,2.0,0.0,1.0,2.0,1.0,1.0,2.0,2.0,1.0,0.0,1.0,2.0,1.0
4868,2.0,0.0,1.0,1.0,2.0,0.0,1.0,1.0,1.0,0.0,1.0,1.0,1.0,2.0,1.0,1.0,2.0,2.0,0.0,1.0,1.0,0.0,1.0,0.0,2.0,1.0,1.0,1.0,1.0,0.0,1.0,2.0,1.0,0.0,1.0,1.0,0.0,1.0,2.0,2.0,2.0,2.0,2.0,1.0,0.0,1.0,2.0,1.0,1.0,2.0,0.0,0.0,2.0,0.0,2.0,1.0,2.0,0.0,1.0,2.0,1.0,1.0,1.0,1.0,2.0,0.0,1.0,1.0,0.0,1.0,2.0,2.0,0.0,1.0,0.0,0.0,2.0,0.0,0.0,0.0,1.0,0.0,0.0,2.0,2.0,2.0,1.0,2.0,1.0,2.0,1.0,1.0,0.0,2.0,1.0,2.0,0.0,2.0,0.0,1.0
4869,1.0,0.0,2.0,2.0,2.0,1.0,2.0,2.0,2.0,2.0,2.0,2.0,0.0,2.0,2.0,2.0,2.0,0.95,1.0,2.0,1.0,0.0,0.0,0.0,2.0,1.0,1.0,0.0,0.0,0.0,0.0,1.0,0.0,0.0,1.0,1.0,0.0,2.0,0.0,1.0,2.0,2.0,2.0,1.0,0.0,1.0,2.0,1.0,2.0,0.0,0.0,0.0,2.0,0.0,2.0,2.0,2.0,0.0,2.0,1.0,1.0,2.0,1.0,2.0,2.0,0.0,0.0,0.0,1.0,1.0,2.0,1.0,1.0,0.0,1.0,1.0,0.0,0.0,0.0,0.0,1.0,1.0,0.0,0.0,2.0,1.0,0.0,2.0,1.0,1.0,0.0,1.0,0.0,1.0,2.0,2.0,1.0,2.0,0.0,1.0
4871,2.0,0.0,1.0,2.0,1.0,0.0,1.0,2.0,2.0,1.0,1.0,1.0,1.0,1.0,1.0,2.0,2.0,2.0,1.0,2.0,1.0,0.0,1.0,0.0,2.0,1.0,2.0,1.0,1.0,2.0,0.0,2.0,0.0,0.0,2.0,2.0,1.0,1.0,0.0,1.0,2.0,2.0,1.0,0.0,0.0,2.0,2.0,2.0,0.0,0.0,0.0,0.0,2.0,0.0,1.0,0.0,2.0,0.0,2.0,2.0,1.0,2.0,0.0,2.0,2.0,1.0,0.0,2.0,1.0,0.0,2.0,2.0,0.0,0.0,1.0,0.0,1.0,0.0,1.0,0.0,2.0,0.0,0.0,1.0,2.0,1.0,2.0,1.0,1.0,1.0,2.0,1.0,0.0,1.0,2.0,2.0,1.0,1.0,2.0,2.0
4882,2.0,0.0,2.0,1.0,0.0,0.0,1.0,2.0,2.0,1.0,0.0,0.0,1.0,2.0,1.0,2.0,2.0,1.0,2.0,1.0,2.0,0.0,2.0,1.0,2.0,0.0,2.0,2.0,2.0,1.0,0.0,2.0,0.0,0.0,1.0,2.0,1.0,2.0,1.0,1.0,2.0,1.0,2.0,1.0,0.0,0.0,1.0,2.0,1.0,0.0,0.0,0.0,2.0,1.0,1.0,1.0,1.0,0.0,2.0,2.0,0.0,2.0,0.0,0.0,2.0,1.0,0.0,1.0,2.0,2.0,2.0,2.0,0.0,0.0,0.0,0.0,0.0,0.0,0.0,0.0,1.0,2.0,1.0,0.0,2.0,0.0,2.0,2.0,1.0,2.0,1.0,2.0,1.0,2.0,1.0,1.0,0.0,2.0,1.0,0.0
4883,2.0,0.0,2.0,2.0,1.0,0.0,2.0,2.0,2.0,1.0,0.0,0.0,1.0,1.0,1.0,2.0,2.0,1.0,1.0,1.0,1.0,0.0,2.0,1.0,2.0,0.0,2.0,2.0,1.0,1.0,0.0,1.0,0.0,0.0,1.0,2.0,1.0,2.0,1.0,1.0,1.0,1.0,2.0,0.0,0.0,0.0,2.0,2.0,1.0,1.0,0.0,0.0,2.0,0.0,1.0,0.0,1.0,0.0,2.0,2.0,0.0,2.0,0.0,1.0,2.0,0.0,1.0,0.0,2.0,1.0,2.0,2.0,0.0,0.0,0.0,0.0,0.0,0.0,0.0,0.0,2.0,1.0,1.0,0.0,2.0,0.0,2.0,2.0,2.0,2.0,1.0,1.0,1.0,2.0,1.0,2.0,1.0,2.0,0.0,0.0
4884,2.0,0.0,1.0,0.0,1.0,0.0,1.0,2.0,1.0,1.0,1.0,0.0,2.0,1.0,1.0,1.0,2.0,1.0,2.0,2.0,1.0,0.0,1.0,0.0,2.0,1.0,2.0,1.0,2.0,0.0,0.0,2.0,2.0,0.0,1.0,1.0,2.0,2.0,0.0,2.0,2.0,0.0,2.0,1.0,0.0,0.0,2.0,2.0,1.0,0.0,0.0,0.0,2.0,0.0,1.0,0.0,2.0,0.0,2.0,2.0,2.0,2.0,0.0,2.0,2.0,0.0,1.0,2.0,1.0,1.0,2.0,2.0,1.0,0.0,1.0,1.0,1.0,0.0,1.0,0.0,1.0,1.0,1.0,1.0,2.0,0.0,2.0,1.0,0.0,2.0,1.0,2.0,0.0,2.0,2.0,1.0,0.0,2.0,0.0,0.0
4886,1.0,0.0,1.0,1.0,0.0,0.0,2.0,1.0,2.0,1.0,0.0,1.0,2.0,2.0,2.0,2.0,1.0,1.0,1.0,1.0,1.0,1.0,1.0,0.0,2.0,0.0,1.0,1.0,0.0,1.0,0.0,2.0,1.0,1.0,1.0,0.0,1.0,1.0,2.0,2.0,2.0,2.0,1.0,1.0,0.0,0.0,2.0,0.0,0.0,1.0,1.0,0.0,2.0,0.0,2.0,1.0,1.0,0.0,2.0,1.0,1.0,2.0,1.0,2.0,2.0,1.0,0.0,1.0,1.0,0.0,2.0,1.0,0.0,1.0,1.0,0.0,2.0,1.0,0.0,0.0,2.0,0.0,0.0,0.0,2.0,2.0,1.0,1.0,2.0,2.0,2.0,0.0,0.0,2.0,2.0,2.0,1.0,1.0,0.0,0.0
4887,1.0,0.0,0.0,0.0,1.0,0.0,0.0,1.0,2.0,0.0,2.0,1.0,2.0,1.0,1.0,1.0,2.0,1.0,0.0,0.0,2.0,1.0,0.0,0.0,2.0,0.0,2.0,0.0,1.0,1.0,2.0,1.0,2.0,0.0,2.0,2.0,0.0,1.0,2.0,1.0,2.0,2.0,1.0,1.0,0.0,1.0,2.0,2.0,0.0,0.0,2.0,0.0,2.0,0.0,2.0,0.0,2.0,0.0,1.0,0.0,2.0,2.0,0.0,1.0,2.0,1.0,0.0,0.0,2.0,1.0,2.0,2.0,0.0,1.0,0.0,0.0,1.0,1.0,0.0,0.0,2.0,0.0,1.0,2.0,2.0,0.0,0.0,2.0,0.0,1.0,1.0,1.0,0.0,2.0,2.0,2.0,0.0,2.0,1.0,0.0
4890,2.0,1.0,0.0,0.0,1.0,0.0,1.0,2.0,2.0,0.0,1.0,2.0,2.0,2.0,2.0,1.0,2.0,1.0,0.0,1.0,2.0,0.0,1.0,0.0,2.0,0.0,1.0,1.0,1.0,2.0,1.0,2.0,2.0,0.0,1.0,2.0,0.0,1.0,2.0,1.0,2.0,1.0,1.0,2.0,0.0,0.0,2.0,2.0,0.0,1.0,0.0,0.0,2.0,0.0,2.0,0.0,1.0,0.0,1.0,1.0,2.0,2.0,1.0,2.0,2.0,1.0,1.0,0.0,1.0,0.0,2.0,2.0,0.0,1.0,0.0,0.0,1.0,1.0,0.0,0.0,1.0,0.0,1.0,2.0,2.0,0.0,0.0,2.0,1.0,2.0,2.0,1.0,0.0,2.0,2.0,1.0,0.0,2.0,1.0,0.0
4891,2.0,0.0,1.0,0.0,0.0,0.0,1.0,2.0,2.0,0.0,1.0,1.0,2.0,1.0,2.0,1.0,2.0,1.0,1.0,0.0,2.0,0.0,0.0,0.0,2.0,0.0,1.0,2.0,1.0,2.0,1.0,2.0,1.0,0.0,1.0,1.0,1.0,2.0,2.0,1.0,2.0,1.0,1.0,1.0,0.0,1.0,2.0,2.0,0.0,1.0,0.0,0.0,2.0,0.0,2.0,1.0,1.0,0.0,2.0,0.0,1.0,2.0,0.0,1.0,2.0,1.0,1.0,0.0,1.0,0.0,2.0,2.0,0.0,0.0,1.0,0.0,1.0,1.0,0.0,0.0,1.0,1.0,0.0,1.0,2.0,1.0,1.0,2.0,2.0,1.0,2.0,1.0,0.0,2.0,2.0,1.0,0.0,2.0,2.0,0.0
4892,2.0,0.0,1.0,2.0,1.0,0.0,1.0,2.0,2.0,0.0,0.0,1.0,2.0,2.0,1.0,2.0,2.0,1.0,1.0,1.0,1.0,0.0,1.0,0.0,2.0,1.0,2.0,2.0,0.0,0.0,0.0,2.0,0.0,0.0,0.0,1.0,1.0,2.0,1.0,0.0,2.0,0.0,1.0,0.0,0.0,0.0,1.0,2.0,2.0,0.0,0.0,0.0,2.0,1.0,1.0,0.0,2.0,0.0,1.0,2.0,0.0,2.0,0.0,2.0,2.0,1.0,0.0,1.0,2.0,2.0,1.0,2.0,0.0,0.0,0.0,0.0,1.0,0.0,0.0,0.0,1.0,1.0,1.0,0.0,2.0,0.0,2.0,2.0,1.0,2.0,2.0,1.0,0.0,2.0,1.0,1.0,0.0,2.0,0.0,0.0
4894,2.0,1.0,1.0,2.0,1.0,1.0,1.0,1.0,1.0,0.0,2.0,1.0,1.0,1.0,2.0,0.0,2.0,1.0,2.0,2.0,1.0,0.0,1.0,0.0,2.0,0.0,1.0,1.0,1.0,1.0,0.0,0.0,1.0,0.0,2.0,2.0,0.0,2.0,1.0,1.0,2.0,0.0,2.0,1.0,0.0,0.0,2.0,2.0,1.0,0.0,2.0,0.0,2.0,0.0,2.0,0.0,2.0,0.0,2.0,2.0,0.0,1.0,1.0,1.0,2.0,1.0,0.0,2.0,0.0,1.0,2.0,1.0,0.0,0.0,1.0,0.0,1.0,0.0,0.0,0.0,2.0,2.0,1.0,1.0,2.0,1.0,2.0,2.0,1.0,1.0,2.0,1.0,0.0,2.0,1.0,1.0,1.0,2.0,1.0,0.0
4895,2.0,0.0,1.0,2.0,1.0,1.0,1.0,2.0,1.0,0.0,2.0,1.0,1.0,1.0,2.0,2.0,1.0,1.0,0.0,2.0,2.0,0.0,1.0,0.0,2.0,1.0,2.0,1.0,1.0,0.0,0.0,1.0,1.0,0.0,2.0,2.0,0.0,2.0,1.0,1.0,2.0,0.0,2.0,0.0,0.0,1.0,2.0,2.0,1.0,0.0,1.0,0.0,2.0,0.0,2.0,1.0,2.0,0.0,2.0,1.0,0.0,1.0,2.0,1.0,2.0,1.0,0.0,2.0,2.0,2.0,2.0,1.0,0.0,0.0,1.0,0.0,1.0,0.0,0.0,0.0,2.0,0.0,1.0,1.0,2.0,1.0,2.0,2.0,1.0,1.0,1.0,0.0,0.0,2.0,1.0,1.0,1.0,2.0,2.0,0.0
4902,2.0,1.0,1.0,0.0,0.0,0.0,1.0,2.0,2.0,0.0,1.0,1.0,2.0,2.0,2.0,1.0,2.0,1.0,0.0,0.0,1.0,1.0,1.0,0.0,2.0,0.0,2.0,0.0,1.0,1.0,0.0,2.0,1.0,0.0,1.0,2.0,2.0,1.0,2.0,2.0,2.0,2.0,2.0,2.0,0.0,2.0,2.0,2.0,1.0,1.0,1.0,0.0,2.0,0.0,2.0,0.0,1.0,0.0,1.0,1.0,1.0,2.0,1.0,2.0,2.0,0.0,0.0,0.0,1.0,0.0,2.0,2.0,0.0,1.0,1.0,0.0,1.0,0.0,0.0,0.0,2.0,0.0,1.0,2.0,2.0,0.0,2.0,1.0,0.0,2.0,1.0,1.0,0.0,2.0,1.0,2.0,1.0,2.0,1.0,0.0
4905,2.0,2.0,1.0,1.0,1.0,0.0,2.0,1.0,2.0,0.0,2.0,1.0,2.0,2.0,1.0,2.0,2.0,1.0,0.0,1.0,2.0,1.0,2.0,0.0,1.0,0.0,2.0,0.0,2.0,0.0,1.0,2.0,1.0,0.0,1.0,1.0,1.0,2.0,2.0,2.0,2.0,0.0,2.0,1.0,0.0,1.0,2.0,1.0,1.0,1.0,0.0,0.0,2.0,0.0,2.0,0.0,1.0,1.0,2.0,2.0,1.0,2.0,1.0,2.0,2.0,0.0,2.0,1.0,1.0,1.0,2.0,0.0,0.0,0.0,0.0,1.0,1.0,1.0,1.0,0.0,2.0,0.0,1.0,1.0,2.0,1.0,0.0,2.0,1.0,2.0,2.0,1.0,0.0,2.0,2.0,2.0,0.0,2.0,1.0,0.0
4912,2.0,0.0,1.0,1.0,1.0,0.0,1.0,2.0,2.0,1.0,0.0,0.0,2.0,2.0,1.0,1.0,2.0,1.0,1.0,1.0,1.0,0.0,0.0,0.0,2.0,0.0,2.0,1.0,1.0,1.0,0.0,2.0,1.0,0.0,1.0,1.0,1.0,1.0,2.0,1.0,2.0,0.0,2.0,1.0,0.0,1.0,2.0,1.0,2.0,0.0,0.0,0.0,2.0,0.0,2.0,1.0,2.0,0.0,2.0,1.0,0.0,2.0,1.0,2.0,2.0,1.0,0.0,1.0,2.0,2.0,1.0,2.0,0.0,1.0,0.0,0.0,0.0,0.0,0.0,0.0,1.0,1.0,1.0,1.0,2.0,0.0,2.0,1.0,1.0,2.0,2.0,2.0,0.0,2.0,2.0,2.0,1.0,2.0,0.0,2.0
4923,1.0,0.0,1.0,0.0,1.0,1.0,1.0,2.0,1.0,0.0,1.0,1.0,2.0,2.0,2.0,2.0,2.0,2.0,0.0,0.0,2.0,0.0,0.0,1.0,2.0,0.0,2.0,1.0,1.0,2.0,0.0,2.0,1.0,1.0,1.0,1.0,2.0,1.0,1.0,1.0,2.0,2.0,0.0,0.0,0.0,1.0,2.0,2.0,0.0,2.0,0.0,0.0,2.0,0.0,2.0,0.0,2.0,0.0,2.0,2.0,0.0,1.0,0.0,2.0,2.0,0.0,1.0,0.0,1.0,0.0,2.0,1.0,1.0,1.0,1.0,1.0,1.0,0.0,1.0,0.0,2.0,0.0,0.0,0.0,2.0,0.0,2.0,1.0,1.0,2.0,1.0,1.0,0.0,2.0,2.0,2.0,0.0,2.0,1.0,1.0
4924,2.0,0.0,2.0,2.0,0.0,1.0,1.0,2.0,2.0,0.0,0.0,1.0,0.0,2.0,2.0,2.0,2.0,1.0,1.0,1.0,2.0,0.0,1.0,2.0,2.0,2.0,2.0,2.0,0.0,1.0,0.0,2.0,1.0,1.0,0.0,1.0,0.0,2.0,0.0,1.0,2.0,1.0,1.0,2.0,0.0,1.0,2.0,2.0,0.0,1.0,0.0,0.0,2.0,0.0,2.0,0.0,2.0,0.0,2.0,2.0,0.0,2.0,0.0,2.0,2.0,1.0,0.0,2.0,2.0,1.0,2.0,2.0,0.0,0.0,1.0,0.0,1.0,0.0,0.0,0.0,1.0,1.0,0.0,1.0,2.0,1.0,2.0,1.0,2.0,2.0,1.0,2.0,0.0,2.0,2.0,2.0,1.0,2.0,1.0,1.0
4926,2.0,0.0,0.0,0.0,0.0,0.0,0.0,1.0,2.0,0.0,1.0,0.0,1.0,2.0,2.0,2.0,2.0,1.38,2.0,0.0,1.0,0.0,0.0,2.0,2.0,0.0,2.0,0.0,2.0,1.0,0.0,2.0,0.0,1.0,1.0,1.0,2.0,2.0,1.0,0.0,2.0,1.0,1.0,0.0,0.0,2.0,2.0,2.0,1.0,0.0,0.0,0.0,2.0,0.0,1.0,0.0,2.0,0.0,2.0,1.0,1.0,2.0,0.0,2.0,2.0,1.0,1.0,1.0,1.0,0.0,2.0,2.0,0.0,1.0,0.0,0.0,2.0,0.0,0.0,0.0,0.0,1.0,0.0,0.0,2.0,0.0,2.0,0.0,2.0,2.0,1.0,1.0,0.0,2.0,1.0,2.0,1.0,2.0,1.0,1.0
4930,2.0,0.0,1.0,0.0,1.0,0.0,0.0,2.0,1.0,0.0,0.0,0.0,1.0,2.0,1.0,2.0,2.0,1.0,2.0,1.0,1.0,0.0,1.0,0.0,2.0,2.0,2.0,2.0,1.0,2.0,0.0,2.0,1.0,1.0,0.0,2.0,2.0,1.0,1.0,1.0,2.0,1.0,2.0,2.0,0.0,2.0,2.0,1.0,1.0,0.0,0.0,0.0,2.0,0.0,2.0,0.0,2.0,0.0,2.0,2.0,0.0,2.0,0.0,2.0,2.0,0.0,1.0,0.0,1.0,0.0,2.0,1.0,0.0,1.0,2.0,1.0,0.0,0.0,0.0,0.0,2.0,1.0,0.0,2.0,2.0,0.0,2.0,2.0,1.0,2.0,1.0,2.0,0.0,2.0,1.0,2.0,1.0,2.0,0.0,0.0
4934,0.0,2.0,0.0,2.0,0.0,0.0,2.0,1.0,2.0,0.0,1.0,0.0,2.0,2.0,1.0,2.0,2.0,0.0,0.0,2.0,1.0,0.0,0.0,0.0,2.0,1.0,1.0,0.0,2.0,1.0,0.0,1.0,1.0,0.0,2.0,1.0,2.0,2.0,1.0,1.0,1.0,2.0,1.0,1.0,2.0,1.0,2.0,1.0,2.0,1.0,0.0,0.0,2.0,0.0,1.0,2.0,2.0,0.0,2.0,2.0,0.0,1.0,0.0,1.0,2.0,0.0,1.0,1.0,1.0,0.0,2.0,2.0,0.0,0.0,1.0,0.0,2.0,0.0,0.0,0.0,2.0,0.0,0.0,1.0,2.0,2.0,1.0,2.0,0.0,1.0,0.0,1.0,1.0,2.0,1.0,1.0,1.0,2.0,1.0,1.0
4935,1.0,0.0,2.0,1.0,0.0,1.0,0.0,1.0,2.0,0.0,0.0,0.0,1.0,2.0,1.0,2.0,2.0,1.0,2.0,1.0,1.0,0.0,1.0,0.0,2.0,1.0,1.0,1.0,1.0,1.0,0.0,1.0,1.0,1.0,0.0,2.0,1.0,2.0,1.0,1.0,2.0,1.0,1.0,1.0,0.0,0.0,2.0,1.0,1.0,0.0,0.0,0.0,2.0,0.0,2.0,1.0,2.0,0.0,2.0,2.0,2.0,2.0,0.0,2.0,2.0,0.0,2.0,0.0,1.0,0.0,2.0,2.0,0.0,0.0,1.0,0.0,1.0,0.0,0.0,0.0,2.0,0.0,0.0,1.0,2.0,0.0,2.0,1.0,2.0,2.0,1.0,2.0,0.0,1.0,0.0,2.0,0.0,2.0,0.0,0.0
4936,1.0,0.0,2.0,0.0,0.0,1.0,1.0,1.0,1.0,1.0,1.0,0.0,0.0,2.0,1.0,2.0,2.0,2.0,2.0,1.0,1.0,0.0,2.0,1.0,2.0,1.0,2.0,1.0,1.0,2.0,0.0,2.0,0.0,1.0,0.0,1.0,2.0,2.0,0.0,1.0,1.0,0.0,2.0,2.0,0.0,1.0,2.0,2.0,0.0,0.0,0.0,0.0,2.0,0.0,2.0,1.0,2.0,0.0,2.0,2.0,2.0,2.0,0.0,1.0,2.0,0.0,2.0,0.0,1.0,2.0,2.0,2.0,0.0,0.0,2.0,0.0,1.0,0.0,0.0,0.0,2.0,0.0,0.0,1.0,2.0,0.0,2.0,1.0,0.0,2.0,1.0,2.0,0.0,1.0,1.0,1.0,0.0,2.0,1.0,0.0
4938,1.0,0.0,2.0,0.0,0.0,0.0,1.0,1.0,1.0,0.0,0.0,0.0,1.0,2.0,1.0,2.0,1.0,0.0,2.0,0.0,1.0,0.0,1.0,1.0,2.0,1.0,2.0,1.0,1.0,1.0,0.0,2.0,1.0,1.0,1.0,2.0,2.0,2.0,1.0,1.0,2.0,2.0,1.0,1.0,0.0,1.0,2.0,1.0,1.0,0.0,0.0,0.0,2.0,0.0,2.0,0.0,2.0,0.0,2.0,1.0,2.0,2.0,1.0,2.0,2.0,0.0,0.0,0.0,1.0,1.0,2.0,2.0,0.0,0.0,2.0,0.0,1.0,0.0,0.0,0.0,1.0,1.0,0.0,0.0,2.0,1.0,2.0,0.0,0.0,2.0,1.0,1.0,0.0,1.0,2.0,2.0,0.0,2.0,1.0,0.0
4942,2.0,0.0,1.0,1.0,2.0,0.0,2.0,2.0,1.0,0.0,0.0,0.0,1.0,2.0,2.0,2.0,2.0,2.0,2.0,2.0,0.0,0.0,2.0,0.0,2.0,1.0,2.0,2.0,2.0,1.0,0.0,2.0,1.0,0.0,1.0,0.0,2.0,2.0,2.0,1.0,2.0,1.0,2.0,0.0,0.0,1.0,1.0,2.0,1.0,1.0,0.0,0.0,2.0,1.0,2.0,1.0,2.0,0.0,2.0,1.0,1.0,2.0,0.0,2.0,2.0,0.0,2.0,0.0,1.0,1.0,2.0,1.0,0.0,0.0,0.0,1.0,0.0,0.0,0.0,0.0,0.0,0.0,2.0,1.0,2.0,0.0,2.0,2.0,1.0,2.0,2.0,2.0,1.0,2.0,1.0,0.0,1.0,2.0,0.0,0.0
4943,2.0,0.0,1.0,1.0,1.0,0.0,0.0,2.0,0.0,0.0,0.0,1.0,0.0,2.0,2.0,2.0,2.0,0.0,2.0,0.0,2.0,0.0,1.0,0.0,2.0,0.0,2.0,1.0,0.0,1.0,0.0,0.0,2.0,0.0,0.0,1.0,1.0,2.0,1.0,2.0,2.0,0.0,1.0,2.0,0.0,2.0,2.0,1.0,1.0,1.0,0.0,0.0,2.0,0.0,2.0,1.0,0.0,0.0,2.0,2.0,0.0,2.0,0.0,1.0,2.0,0.0,2.0,0.0,2.0,1.0,2.0,2.0,0.0,0.0,0.0,0.0,0.0,0.0,0.0,0.0,0.0,1.0,0.0,1.0,2.0,0.0,2.0,1.0,0.0,2.0,0.0,2.0,0.0,2.0,1.0,2.0,1.0,2.0,1.0,1.0
4950,1.0,1.0,2.0,0.0,0.0,0.0,0.0,1.0,2.0,0.0,0.0,0.0,1.0,2.0,2.0,2.0,2.0,1.0,1.0,2.0,1.0,0.0,1.0,0.0,2.0,0.0,1.0,2.0,1.0,2.0,0.0,2.0,1.0,1.0,1.0,1.0,2.0,2.0,2.0,0.0,2.0,1.0,1.0,2.0,0.0,1.0,2.0,2.0,1.0,0.0,0.0,0.0,2.0,0.0,2.0,1.0,2.0,0.0,2.0,2.0,2.0,2.0,0.0,2.0,2.0,0.0,2.0,1.0,2.0,1.0,1.0,2.0,0.0,0.0,1.0,0.0,0.0,0.0,0.0,0.0,2.0,0.0,0.0,0.0,2.0,1.0,1.0,2.0,1.0,2.0,0.0,2.0,0.0,1.0,1.0,2.0,1.0,2.0,0.0,0.0
4953,2.0,0.0,2.0,1.0,2.0,0.0,1.0,2.0,2.0,0.0,0.0,0.0,1.0,2.0,2.0,1.0,2.0,0.0,1.0,1.0,1.0,0.0,2.0,0.0,2.0,1.0,2.0,1.0,1.0,1.0,0.0,1.0,2.0,0.0,1.0,2.0,1.0,2.0,1.0,2.0,2.0,2.0,1.0,1.0,0.0,1.0,1.0,2.0,1.0,0.0,0.0,0.0,2.0,0.0,2.0,1.0,2.0,0.0,2.0,2.0,0.0,2.0,0.0,2.0,2.0,1.0,0.0,0.0,1.0,0.0,2.0,2.0,0.0,0.0,1.0,0.0,0.0,0.0,0.0,0.0,1.0,0.0,0.0,0.0,2.0,1.0,2.0,1.0,0.0,2.0,1.0,2.0,0.0,1.0,0.0,2.0,0.0,2.0,1.0,1.0
4954,1.0,0.0,1.0,0.0,1.0,0.0,1.0,2.0,1.0,0.0,1.0,0.0,1.0,2.0,1.0,2.0,2.0,0.0,2.0,1.0,2.0,0.0,2.0,1.0,2.0,0.0,2.0,1.0,2.0,0.0,0.0,2.0,2.0,0.0,1.0,0.0,2.0,2.0,1.0,2.0,2.0,1.0,1.0,0.0,0.0,1.0,2.0,2.0,2.0,0.0,0.0,0.0,2.0,0.0,1.0,0.0,1.0,0.0,2.0,2.0,1.0,2.0,0.0,1.0,2.0,0.0,0.0,1.0,2.0,1.0,2.0,2.0,0.0,0.0,0.0,0.0,0.0,0.0,1.0,0.0,1.0,1.0,1.0,2.0,2.0,0.0,1.0,1.0,1.0,2.0,1.0,2.0,0.0,2.0,1.0,2.0,1.0,2.0,1.0,0.0
4957,1.0,0.0,1.0,0.0,0.0,0.0,1.0,2.0,1.0,1.0,0.0,0.0,1.0,2.0,2.0,2.0,2.0,0.0,2.0,0.0,1.0,0.0,1.0,2.0,2.0,0.0,2.0,1.0,2.0,1.0,0.0,2.0,2.0,0.0,1.0,1.0,2.0,2.0,1.0,2.0,2.0,2.0,2.0,0.0,0.0,2.0,2.0,2.0,2.0,0.0,0.0,0.0,2.0,0.0,1.0,1.0,1.0,0.0,1.0,2.0,1.0,2.0,0.0,2.0,2.0,0.0,0.0,1.0,2.0,1.0,1.0,2.0,0.0,0.0,0.0,0.0,1.0,0.0,0.0,0.0,1.0,1.0,0.0,2.0,2.0,0.0,2.0,1.0,1.0,2.0,2.0,2.0,0.0,2.0,1.0,2.0,1.0,2.0,1.0,0.0
4961,1.0,2.0,0.0,1.0,0.0,1.0,1.0,0.0,2.0,0.0,1.0,1.0,1.0,2.0,1.0,2.0,2.0,1.0,0.0,0.0,0.0,0.0,1.0,0.0,2.0,2.0,1.0,1.0,1.0,2.0,0.0,2.0,0.0,0.0,0.0,2.0,2.0,2.0,0.0,2.0,2.0,1.0,0.0,1.0,0.0,2.0,1.0,1.0,1.0,1.0,0.0,1.0,2.0,0.0,2.0,2.0,2.0,0.0,2.0,2.0,0.0,2.0,0.0,2.0,2.0,0.0,1.0,0.0,0.0,0.0,2.0,2.0,0.0,0.0,1.0,0.0,0.0,0.0,0.0,0.0,2.0,0.0,0.0,1.0,2.0,1.0,2.0,2.0,2.0,1.0,0.0,1.0,1.0,2.0,1.0,2.0,1.0,2.0,1.0,2.0
4964,2.0,0.0,2.0,1.0,0.0,0.0,2.0,2.0,2.0,1.0,0.0,0.0,1.0,2.0,2.0,1.0,1.0,1.0,1.0,2.0,2.0,0.0,1.0,0.0,2.0,1.0,1.0,2.0,2.0,2.0,0.0,2.0,0.0,0.0,0.0,2.0,1.0,2.0,2.0,0.0,2.0,1.0,2.0,1.0,0.0,0.0,1.0,1.0,2.0,1.0,0.0,0.0,2.0,0.0,2.0,0.0,2.0,0.0,1.0,1.0,0.0,2.0,1.0,1.0,2.0,1.0,1.0,0.0,0.0,1.0,2.0,2.0,0.0,0.0,0.0,1.0,0.0,0.0,0.0,0.0,1.0,1.0,1.0,1.0,2.0,1.0,2.0,2.0,0.0,2.0,1.0,2.0,0.0,2.0,1.0,2.0,1.0,2.0,0.0,0.0
4966,2.0,0.0,2.0,0.0,1.0,0.0,0.0,2.0,2.0,1.0,1.0,0.0,1.0,2.0,1.0,2.0,2.0,0.0,2.0,0.0,2.0,0.0,2.0,1.0,2.0,1.0,2.0,1.0,0.0,0.0,0.0,1.0,2.0,0.0,0.0,1.0,2.0,1.0,2.0,2.0,2.0,0.0,2.0,1.0,0.0,1.0,2.0,2.0,2.0,1.0,0.0,0.0,2.0,0.0,2.0,1.0,2.0,0.0,2.0,2.0,0.0,2.0,0.0,1.0,2.0,0.0,2.0,2.0,0.0,0.0,1.0,2.0,1.0,1.0,0.0,0.0,0.0,0.0,0.0,0.0,0.0,0.0,0.0,2.0,2.0,1.0,0.0,2.0,0.0,2.0,2.0,1.0,0.0,2.0,0.0,2.0,0.0,2.0,2.0,2.0
4972,1.0,1.0,2.0,0.0,0.0,0.0,0.0,2.0,2.0,1.0,0.0,0.0,2.0,2.0,2.0,2.0,2.0,1.0,1.0,2.0,1.0,0.0,1.0,0.0,2.0,1.0,2.0,1.0,1.0,2.0,0.0,2.0,1.0,0.0,1.0,0.0,2.0,2.0,2.0,1.0,2.0,0.0,1.0,1.0,0.0,2.0,2.0,1.0,1.0,1.0,0.0,0.0,2.0,0.0,2.0,1.0,2.0,0.0,2.0,2.0,0.0,2.0,1.0,1.0,2.0,0.0,1.0,1.0,2.0,0.0,2.0,1.0,0.0,0.0,1.0,1.0,0.0,0.0,0.0,0.0,1.0,0.0,1.0,0.0,2.0,1.0,1.0,1.0,1.0,2.0,0.0,2.0,0.0,2.0,0.0,2.0,1.0,2.0,0.0,0.0
4976,2.0,0.0,2.0,2.0,0.0,0.0,2.0,2.0,2.0,0.0,0.0,0.0,2.0,2.0,2.0,2.0,2.0,2.0,1.0,2.0,1.0,0.0,0.0,1.0,2.0,0.0,2.0,2.0,1.0,1.0,0.0,2.0,0.0,1.0,0.0,0.0,0.0,0.0,1.0,0.0,2.0,1.0,2.0,2.0,0.0,0.0,2.0,2.0,2.0,0.0,0.0,0.0,2.0,0.0,1.0,1.0,2.0,0.0,2.0,2.0,1.0,2.0,0.0,1.0,2.0,1.0,2.0,1.0,2.0,1.0,1.0,2.0,0.0,1.0,0.0,0.0,2.0,0.0,1.0,0.0,1.0,0.0,0.0,1.0,2.0,0.0,1.0,1.0,1.0,1.0,2.0,1.0,0.0,2.0,0.0,2.0,1.0,2.0,2.0,0.0
4980,1.0,2.0,1.0,1.0,1.0,1.0,2.0,1.0,2.0,1.0,0.0,1.0,1.0,1.0,2.0,1.0,2.0,1.0,0.0,2.0,2.0,0.0,0.0,1.0,2.0,0.0,1.0,0.0,1.0,0.0,0.0,2.0,1.0,0.0,2.0,1.0,1.0,2.0,0.0,2.0,0.0,1.0,1.0,2.0,0.0,0.0,1.0,2.0,2.0,0.0,0.0,1.0,2.0,0.0,1.0,1.0,2.0,1.0,2.0,2.0,1.0,1.0,0.0,2.0,2.0,0.0,1.0,1.0,1.0,1.0,1.0,2.0,0.0,0.0,1.0,0.0,1.0,0.0,0.0,0.0,2.0,0.0,0.0,1.0,2.0,2.0,0.0,2.0,0.0,1.0,1.0,1.0,0.0,2.0,1.0,2.0,1.0,2.0,1.0,0.0
4981,0.0,2.0,0.0,2.0,0.0,1.0,2.0,0.0,2.0,0.0,0.0,1.0,1.0,2.0,1.0,2.0,2.0,1.0,0.0,2.0,2.0,0.0,0.0,1.0,2.0,0.0,2.0,0.0,1.0,0.0,0.0,2.0,1.0,0.0,2.0,2.0,1.0,2.0,0.0,2.0,1.0,1.0,2.0,1.0,0.0,0.0,1.0,2.0,2.0,2.0,0.0,1.0,2.0,0.0,1.0,0.0,2.0,0.0,2.0,2.0,1.0,2.0,0.0,1.0,2.0,0.0,2.0,1.0,1.0,1.0,1.0,2.0,0.0,0.0,0.0,0.0,0.0,0.0,0.0,0.0,2.0,0.0,0.0,2.0,2.0,1.0,1.0,2.0,0.0,1.0,0.0,1.0,0.0,2.0,1.0,2.0,1.0,2.0,0.0,1.0
4982,2.0,0.0,2.0,2.0,0.0,0.0,1.0,2.0,1.0,1.0,0.0,1.0,2.0,1.0,1.0,2.0,2.0,1.0,1.0,0.0,2.0,0.0,1.0,0.0,2.0,0.0,2.0,1.0,1.0,1.0,0.0,2.0,0.0,0.0,1.0,1.0,1.0,1.0,0.0,0.0,2.0,1.0,2.0,1.0,0.0,1.0,2.0,1.0,1.0,0.0,0.0,0.0,2.0,0.0,1.0,1.0,1.0,1.0,2.0,2.0,1.0,2.0,1.0,2.0,2.0,1.0,1.0,2.0,2.0,0.0,2.0,2.0,0.0,0.0,1.0,0.0,1.0,0.0,1.0,0.0,2.0,0.0,0.0,0.0,2.0,1.0,2.0,0.0,2.0,2.0,1.0,2.0,0.0,1.0,1.0,1.0,1.0,2.0,1.0,1.0
4989,2.0,1.0,2.0,1.0,1.0,0.0,2.0,1.0,2.0,1.0,1.0,0.0,2.0,2.0,2.0,1.0,2.0,2.0,1.0,1.0,2.0,0.0,0.0,1.0,2.0,1.0,2.0,1.0,1.0,1.0,0.0,2.0,1.0,0.0,0.0,1.0,2.0,2.0,2.0,1.0,2.0,1.0,1.0,1.0,0.0,1.0,2.0,2.0,1.0,1.0,0.0,0.0,2.0,0.0,2.0,0.0,2.0,0.0,1.0,2.0,2.0,2.0,0.0,2.0,2.0,0.0,0.0,1.0,2.0,1.0,2.0,1.0,0.0,0.0,0.0,1.0,0.0,0.0,0.0,0.0,0.0,0.0,1.0,1.0,2.0,0.0,2.0,1.0,1.0,2.0,1.0,2.0,0.0,2.0,1.0,1.0,1.0,2.0,0.0,1.0
5000,2.0,0.0,2.0,1.0,1.0,0.0,2.0,2.0,2.0,0.0,1.0,2.0,2.0,1.0,2.0,1.0,2.0,0.0,1.0,2.0,2.0,0.0,1.0,0.0,2.0,1.0,0.0,2.0,1.0,1.0,0.0,2.0,2.0,0.0,1.0,2.0,1.0,1.0,1.0,2.0,2.0,1.0,2.0,1.0,0.0,2.0,2.0,1.0,0.0,0.0,0.0,0.0,2.0,0.0,1.0,1.0,2.0,0.0,2.0,2.0,1.0,2.0,0.0,2.0,2.0,1.0,1.0,1.0,2.0,0.0,2.0,2.0,0.0,1.0,0.0,0.0,2.0,0.0,0.0,0.0,2.0,0.0,0.0,0.0,2.0,1.0,2.0,1.0,0.0,1.0,0.0,1.0,0.0,1.0,2.0,2.0,1.0,2.0,0.0,1.0
5002,0.0,2.0,0.0,1.0,1.0,0.0,1.0,0.0,2.0,1.0,0.0,0.0,2.0,1.0,2.0,1.0,1.0,1.0,1.0,0.0,1.0,0.0,0.0,0.0,2.0,0.0,2.0,0.0,0.0,0.0,1.0,2.0,2.0,1.0,1.0,0.0,1.0,2.0,2.0,1.0,2.0,2.0,2.0,0.0,1.0,1.0,2.0,1.0,2.0,1.0,0.0,1.0,2.0,0.0,1.0,1.0,2.0,0.0,2.0,1.0,0.0,2.0,1.0,2.0,1.0,0.0,2.0,1.0,1.0,0.0,1.0,1.0,0.0,0.0,1.0,0.0,2.0,0.0,0.0,0.0,2.0,0.0,0.0,1.0,2.0,1.0,0.0,2.0,1.0,2.0,0.0,0.0,0.0,2.0,2.0,2.0,2.0,2.0,2.0,1.0
5003,2.0,0.0,2.0,1.0,0.0,0.0,1.0,2.0,1.0,0.0,0.0,0.0,0.0,2.0,2.0,2.0,1.0,0.0,0.0,1.0,1.0,0.0,0.0,0.0,2.0,0.0,2.0,1.0,1.0,1.0,0.0,2.0,0.0,1.0,1.0,1.0,1.0,2.0,1.0,0.0,2.0,1.0,1.0,2.0,0.0,1.0,2.0,2.0,1.0,0.0,0.0,0.0,2.0,0.0,2.0,1.0,0.0,0.0,2.0,2.0,0.0,2.0,1.0,1.0,2.0,0.0,0.0,0.0,2.0,0.0,2.0,1.0,0.0,0.0,0.0,1.0,0.0,0.0,1.0,0.0,2.0,1.0,0.0,1.0,2.0,0.0,1.0,0.0,0.0,2.0,1.0,1.0,0.0,2.0,2.0,2.0,1.0,2.0,1.0,1.0
5007,2.0,0.0,2.0,1.0,1.0,1.0,2.0,2.0,2.0,0.0,0.0,2.0,1.0,2.0,2.0,2.0,2.0,1.0,2.0,0.0,1.0,0.0,1.0,1.0,2.0,1.0,2.0,0.0,0.0,0.0,0.0,2.0,0.0,0.0,1.0,1.0,1.0,1.0,2.0,1.0,2.0,1.0,2.0,1.0,0.0,1.0,2.0,2.0,0.0,1.0,0.0,0.0,2.0,0.0,2.0,1.0,2.0,0.0,1.0,1.0,1.0,2.0,0.0,2.0,2.0,1.0,0.0,2.0,2.0,2.0,2.0,2.0,1.0,1.0,0.0,0.0,0.0,0.0,0.0,0.0,1.0,0.0,0.0,1.0,2.0,1.0,1.0,2.0,1.0,2.0,1.0,2.0,1.0,2.0,2.0,2.0,0.0,2.0,0.0,2.0
5011,2.0,0.0,1.0,1.0,1.0,1.0,2.0,2.0,2.0,0.0,1.0,1.0,2.0,2.0,1.0,2.0,2.0,1.0,2.0,0.0,1.0,0.0,1.0,1.0,2.0,1.0,2.0,0.0,1.0,0.0,0.0,2.0,1.0,0.0,2.0,2.0,1.0,1.0,1.0,1.0,2.0,1.0,2.0,0.0,0.0,0.0,2.0,2.0,0.0,0.0,0.0,0.0,2.0,0.0,2.0,0.0,1.0,0.0,1.0,1.0,1.0,2.0,1.0,2.0,2.0,0.0,1.0,2.0,2.0,1.0,1.0,2.0,1.0,1.0,0.0,0.0,1.0,0.0,0.0,0.0,1.0,1.0,0.0,0.0,2.0,1.0,0.0,1.0,0.0,2.0,1.0,2.0,0.0,2.0,2.0,2.0,2.0,2.0,2.0,1.0
5013,2.0,1.0,2.0,0.0,1.0,1.0,2.0,2.0,2.0,0.0,0.0,0.0,1.0,1.0,2.0,1.0,1.0,0.0,1.0,2.0,1.0,0.0,0.0,0.0,2.0,0.0,2.0,1.0,2.0,0.0,0.0,1.0,1.0,0.0,1.0,1.0,2.0,2.0,0.0,2.0,2.0,1.0,0.0,1.0,0.0,0.0,2.0,1.0,1.0,1.0,0.0,0.0,2.0,0.0,0.0,1.0,2.0,0.0,2.0,1.0,2.0,1.0,1.0,1.0,2.0,0.0,1.0,0.0,2.0,0.0,1.0,2.0,0.0,0.0,2.0,0.0,0.0,0.0,1.0,1.0,1.0,1.0,0.0,1.0,2.0,2.0,2.0,2.0,1.0,1.0,1.0,1.0,0.0,2.0,2.0,2.0,0.0,1.0,0.0,1.0
5014,2.0,1.0,2.0,1.0,0.0,1.0,2.0,1.0,2.0,0.0,0.0,0.0,1.0,1.0,1.0,2.0,2.0,1.0,1.0,1.0,1.0,0.0,0.0,0.0,2.0,0.0,2.0,2.0,1.0,0.0,0.0,2.0,0.0,0.0,1.0,1.0,1.0,1.0,0.0,2.0,2.0,0.0,2.0,2.0,0.0,1.0,2.0,1.0,2.0,1.0,0.0,0.0,2.0,0.0,2.0,1.0,2.0,0.0,2.0,2.0,1.0,2.0,0.0,1.0,2.0,1.0,0.0,1.0,2.0,2.0,1.0,2.0,0.0,1.0,1.0,1.0,1.0,0.0,0.0,0.0,2.0,1.0,0.0,1.0,2.0,1.0,1.0,2.0,0.0,1.0,1.0,1.0,0.0,2.0,0.0,2.0,0.0,1.0,2.0,0.0
5021,0.0,1.0,1.0,1.0,2.0,0.0,2.0,1.0,2.0,1.0,0.0,0.0,1.0,2.0,2.0,2.0,1.0,0.0,0.0,2.0,1.0,0.0,0.0,0.0,2.0,0.0,2.0,0.0,1.0,0.0,0.0,1.0,1.0,0.0,0.0,2.0,0.0,2.0,2.0,1.0,2.0,1.0,2.0,2.0,0.0,1.0,2.0,1.0,1.0,0.0,0.0,0.0,0.0,0.0,2.0,1.0,2.0,0.0,2.0,2.0,1.0,1.0,1.0,2.0,2.0,0.0,2.0,2.0,1.0,1.0,1.0,2.0,0.0,0.0,2.0,0.0,2.0,0.0,2.0,0.0,2.0,0.0,0.0,2.0,2.0,2.0,0.0,2.0,1.0,0.0,0.0,0.0,0.0,2.0,2.0,2.0,2.0,2.0,0.0,1.0
5034,1.0,1.0,1.0,0.0,1.0,0.0,2.0,2.0,2.0,1.0,2.0,1.0,0.0,2.0,1.0,2.0,1.0,2.0,0.0,1.0,2.0,0.0,1.0,0.0,2.0,2.0,1.0,0.0,0.0,1.0,1.0,2.0,1.0,0.0,2.0,1.0,2.0,2.0,2.0,2.0,2.0,2.0,1.0,1.0,0.0,1.0,2.0,0.0,1.0,1.0,0.0,0.0,2.0,0.0,2.0,2.0,2.0,0.0,2.0,1.0,1.0,2.0,1.0,1.0,1.0,0.0,1.0,1.0,1.0,0.0,2.0,2.0,0.0,0.0,0.0,1.0,1.0,0.0,0.0,0.0,1.0,1.0,0.0,1.0,2.0,1.0,2.0,1.0,1.0,2.0,0.0,2.0,1.0,1.0,2.0,2.0,0.0,2.0,2.0,0.0
5040,2.0,0.0,2.0,0.0,0.0,0.0,2.0,2.0,1.0,0.0,2.0,2.0,2.0,2.0,1.0,2.0,2.0,1.0,1.0,0.0,2.0,0.0,2.0,1.0,2.0,0.0,2.0,2.0,1.0,2.0,0.0,2.0,1.0,0.0,1.0,0.0,2.0,2.0,1.0,1.0,2.0,0.0,2.0,1.0,0.0,2.0,2.0,2.0,1.0,0.0,1.0,0.0,2.0,0.0,2.0,1.0,2.0,0.0,2.0,2.0,0.0,2.0,0.0,2.0,2.0,0.0,0.0,1.0,2.0,0.0,2.0,2.0,0.0,0.0,1.0,2.0,1.0,0.0,0.0,0.0,1.0,0.0,0.0,1.0,2.0,1.0,1.0,0.0,0.0,2.0,2.0,2.0,0.0,2.0,2.0,2.0,2.0,2.0,1.0,1.0
5043,2.0,1.0,1.0,1.0,1.0,1.0,1.0,2.0,1.0,0.0,0.0,0.0,1.0,1.0,2.0,1.0,2.0,2.0,2.0,0.0,2.0,0.0,1.0,0.0,2.0,1.0,1.0,1.0,2.0,1.0,0.0,2.0,0.0,0.0,1.0,2.0,1.0,2.0,2.0,1.0,2.0,1.0,2.0,1.0,0.0,2.0,0.0,2.0,1.0,2.0,0.0,0.0,2.0,0.0,2.0,0.0,1.0,0.0,1.0,2.0,0.0,2.0,0.0,2.0,2.0,1.0,1.0,2.0,2.0,1.0,2.0,2.0,0.0,0.0,0.0,0.0,1.0,0.0,0.0,0.0,0.0,0.0,1.0,2.0,2.0,1.0,2.0,0.0,0.0,2.0,2.0,1.0,0.0,2.0,1.0,2.0,1.0,2.0,0.0,1.0
5049,2.0,0.0,2.0,0.0,0.0,0.0,1.0,2.0,2.0,0.0,0.0,0.0,2.0,2.0,2.0,2.0,2.0,2.0,2.0,1.0,2.0,0.0,1.0,0.0,2.0,1.0,2.0,2.0,2.0,0.0,0.0,2.0,2.0,1.0,0.0,1.0,2.0,2.0,2.0,2.0,2.0,1.0,2.0,1.0,0.0,2.0,2.0,1.0,1.0,1.0,0.0,0.0,2.0,0.0,1.0,1.0,1.0,0.0,2.0,2.0,1.0,2.0,1.0,1.0,2.0,0.0,1.0,2.0,2.0,1.0,1.0,1.0,0.0,0.0,0.0,1.0,0.0,0.0,0.0,0.0,1.0,0.0,1.0,1.0,2.0,0.0,1.0,1.0,2.0,2.0,0.0,2.0,0.0,2.0,2.0,2.0,0.0,2.0,1.0,1.0
5056,2.0,0.0,2.0,0.0,0.0,0.0,0.0,2.0,2.0,0.0,0.0,0.0,2.0,2.0,2.0,2.0,2.0,0.0,1.0,0.0,2.0,0.0,0.0,0.0,2.0,0.0,2.0,2.0,1.0,2.0,0.0,2.0,2.0,1.0,1.0,1.0,2.0,2.0,1.0,2.0,2.0,1.0,2.0,1.0,0.0,2.0,2.0,0.0,0.0,0.0,0.0,0.0,2.0,0.0,1.0,1.0,1.0,0.0,2.0,2.0,2.0,2.0,0.0,2.0,2.0,0.0,1.0,1.0,1.0,2.0,0.0,2.0,0.0,0.0,0.0,0.0,0.0,0.0,0.0,0.0,0.0,1.0,2.0,2.0,2.0,0.0,2.0,0.0,1.0,2.0,2.0,2.0,1.0,2.0,2.0,2.0,1.0,2.0,0.0,0.0
5057,2.0,0.0,2.0,0.0,0.0,0.0,0.0,2.0,1.0,0.0,2.0,1.0,1.0,2.0,2.0,2.0,1.0,1.0,2.0,0.0,1.0,0.0,0.0,1.0,2.0,1.0,2.0,1.0,2.0,0.0,0.0,2.0,2.0,1.0,0.0,2.0,2.0,1.0,1.0,2.0,2.0,1.0,1.0,2.0,0.0,1.0,2.0,0.0,1.0,1.0,0.0,0.0,2.0,0.0,2.0,0.0,1.0,0.0,2.0,2.0,0.0,2.0,1.0,1.0,2.0,0.0,0.0,2.0,1.0,1.0,2.0,2.0,0.0,1.0,2.0,0.0,0.0,0.0,0.0,0.0,1.0,2.0,1.0,2.0,2.0,0.0,0.0,1.0,0.0,2.0,1.0,2.0,0.0,2.0,2.0,2.0,1.0,2.0,1.0,1.0
5065,2.0,1.0,2.0,1.0,0.0,0.0,1.0,2.0,1.0,1.0,1.0,0.0,2.0,2.0,2.0,2.0,2.0,1.0,2.0,1.0,2.0,1.0,2.0,0.0,2.0,1.0,2.0,1.0,0.0,1.0,0.0,1.0,1.0,0.0,1.0,2.0,2.0,1.0,1.0,2.0,2.0,1.0,2.0,1.0,0.0,1.0,2.0,2.0,0.0,0.0,0.0,0.0,2.0,0.0,1.0,0.0,1.0,0.0,2.0,2.0,1.0,2.0,0.0,0.0,2.0,0.0,1.0,1.0,2.0,2.0,2.0,2.0,1.0,1.0,0.0,0.0,0.0,0.0,0.0,0.0,1.0,0.0,1.0,1.0,2.0,0.0,2.0,2.0,0.0,2.0,1.0,2.0,0.0,1.0,1.0,2.0,1.0,2.0,0.0,0.0
5073,0.0,1.0,1.0,1.0,1.0,0.0,1.0,0.0,2.0,1.0,0.0,1.0,0.0,1.0,2.0,2.0,1.0,1.0,0.0,2.0,1.0,0.0,2.0,0.0,2.0,0.0,1.0,0.0,2.0,1.0,1.0,2.0,1.0,0.0,1.0,0.0,2.0,1.0,1.0,2.0,2.0,1.0,2.0,1.0,1.0,0.0,2.0,1.0,1.0,2.0,0.0,0.0,2.0,0.0,2.0,0.0,2.0,0.0,2.0,2.0,0.0,2.0,2.0,0.0,2.0,1.0,1.0,2.0,2.0,2.0,2.0,1.0,0.0,1.0,1.0,0.0,1.0,0.0,1.0,0.0,0.0,0.0,0.0,0.0,2.0,2.0,1.0,2.0,2.0,0.0,1.0,1.0,0.0,2.0,2.0,2.0,1.0,2.0,1.0,1.0
5074,1.0,0.0,0.0,1.0,1.0,0.0,1.0,2.0,2.0,0.0,0.0,0.0,1.0,2.0,2.0,2.0,2.0,2.0,1.0,1.0,2.0,0.0,2.0,1.0,2.0,2.0,2.0,1.0,1.0,1.0,0.0,2.0,2.0,0.0,2.0,2.0,1.0,2.0,0.0,2.0,2.0,2.0,0.0,0.0,0.0,0.0,2.0,2.0,1.0,0.0,0.0,0.0,2.0,0.0,2.0,0.0,2.0,0.0,2.0,2.0,1.0,2.0,0.0,2.0,2.0,0.0,2.0,1.0,2.0,0.0,2.0,2.0,1.0,0.0,1.0,1.0,1.0,0.0,1.0,0.0,2.0,0.0,0.0,1.0,2.0,0.0,2.0,1.0,1.0,2.0,1.0,2.0,0.0,2.0,1.0,2.0,2.0,2.0,2.0,0.0
5075,1.0,0.0,1.0,0.0,2.0,0.0,1.0,2.0,2.0,0.0,0.0,0.0,1.0,1.0,2.0,2.0,2.0,2.0,1.0,2.0,2.0,0.0,2.0,0.0,2.0,2.0,2.0,1.0,1.0,0.0,0.0,1.0,2.0,1.0,2.0,2.0,2.0,1.0,0.0,2.0,2.0,1.0,1.0,1.0,0.0,0.0,2.0,2.0,0.0,0.0,0.0,0.0,2.0,0.0,2.0,0.0,2.0,0.0,2.0,2.0,1.0,2.0,0.0,2.0,2.0,1.0,2.0,1.0,2.0,0.0,2.0,2.0,1.0,1.0,0.0,1.0,1.0,0.0,1.0,0.0,2.0,0.0,0.0,1.0,2.0,0.0,2.0,2.0,1.0,2.0,1.0,2.0,0.0,2.0,1.0,2.0,1.0,2.0,2.0,0.0
5078,1.0,2.0,1.0,2.0,0.0,0.0,1.0,0.0,1.0,0.0,0.0,1.0,1.0,2.0,1.0,1.0,2.0,0.0,2.0,1.0,1.0,0.0,0.0,1.0,2.0,0.0,2.0,1.0,2.0,0.0,0.0,2.0,0.0,0.0,0.0,1.0,2.0,0.0,1.0,2.0,2.0,1.0,2.0,1.0,0.0,0.0,2.0,1.0,2.0,0.0,0.0,0.0,2.0,0.0,1.0,0.0,2.0,0.0,2.0,1.0,1.0,2.0,2.0,2.0,1.0,0.0,2.0,0.0,0.0,1.0,2.0,2.0,0.0,2.0,0.0,0.0,1.0,0.0,1.0,0.0,1.0,0.0,0.0,1.0,2.0,2.0,2.0,2.0,0.0,1.0,1.0,0.0,0.0,1.0,1.0,2.0,2.0,2.0,1.0,1.0
5090,2.0,2.0,0.0,0.0,0.0,0.0,0.0,1.0,1.0,0.0,2.0,0.0,1.0,1.0,2.0,2.0,2.0,2.0,0.0,0.0,1.0,0.0,1.0,1.0,2.0,0.0,2.0,1.0,0.0,0.0,0.0,1.0,2.0,0.0,1.0,2.0,2.0,2.0,1.0,1.0,2.0,1.0,0.0,0.0,0.0,1.0,2.0,2.0,2.0,1.0,0.0,0.0,2.0,0.0,2.0,1.0,2.0,0.0,2.0,2.0,1.0,2.0,0.0,2.0,2.0,0.0,0.0,1.0,1.0,0.0,2.0,2.0,0.0,0.0,0.0,0.0,1.0,0.0,0.0,0.0,1.0,1.0,0.0,0.0,2.0,0.0,2.0,1.0,1.0,2.0,1.0,2.0,0.0,2.0,1.0,2.0,2.0,2.0,2.0,1.0
5092,2.0,1.0,1.0,0.0,0.0,0.0,2.0,2.0,2.0,0.0,0.0,0.0,1.0,2.0,0.0,1.0,0.0,0.0,0.94,2.0,1.0,0.0,1.0,0.0,2.0,1.0,2.0,1.0,2.0,2.0,1.0,2.0,0.0,1.0,1.0,1.0,2.0,2.0,2.0,0.0,2.0,1.0,2.0,1.0,1.0,1.0,2.0,2.0,1.0,0.0,0.0,0.0,2.0,0.0,2.0,1.0,2.0,0.0,2.0,0.0,1.0,2.0,2.0,1.0,2.0,0.0,2.0,2.0,0.0,1.0,1.0,2.0,0.0,0.0,0.0,1.0,1.0,0.0,0.0,0.01,2.0,0.0,1.0,1.0,2.0,1.0,2.0,2.0,2.0,2.0,1.0,1.0,0.0,1.0,2.0,2.0,2.0,2.0,1.27,0.0
5103,2.0,0.0,2.0,0.0,0.0,0.0,0.0,2.0,0.0,1.0,0.0,0.0,2.0,2.0,2.0,2.0,2.0,2.0,1.0,2.0,2.0,0.0,2.0,0.0,2.0,1.0,2.0,1.0,1.0,0.0,0.0,2.0,0.0,1.0,2.0,2.0,2.0,2.0,2.0,1.0,2.0,1.0,2.0,1.0,0.0,1.0,2.0,1.0,2.0,2.0,0.0,0.0,2.0,0.0,1.0,0.0,2.0,0.0,2.0,2.0,2.0,2.0,1.0,1.0,2.0,1.0,2.0,1.0,1.0,2.0,2.0,0.0,0.0,0.0,1.0,2.0,1.0,0.0,0.0,0.0,2.0,0.0,0.0,2.0,2.0,0.0,2.0,2.0,1.0,2.0,1.0,2.0,0.0,2.0,2.0,2.0,1.0,2.0,0.0,0.0
5104,2.0,0.0,2.0,1.0,0.0,0.0,0.0,2.0,0.0,1.0,2.0,0.0,2.0,2.0,2.0,2.0,2.0,1.0,1.0,1.0,1.0,0.0,1.0,0.0,2.0,2.0,2.0,2.0,2.0,1.0,0.0,2.0,0.0,0.0,2.0,0.0,1.0,2.0,2.0,1.0,2.0,2.0,1.0,1.0,0.0,0.0,2.0,1.0,2.0,1.0,0.0,0.0,2.0,0.0,1.0,1.0,1.0,0.0,2.0,2.0,2.0,2.0,0.0,1.0,2.0,1.0,1.0,2.0,1.0,1.0,1.0,2.0,0.0,0.0,1.0,2.0,1.0,0.0,0.0,0.0,2.0,1.0,2.0,2.0,2.0,0.0,2.0,1.0,1.0,2.0,2.0,2.0,0.0,2.0,2.0,2.0,0.0,2.0,0.0,0.0
5105,1.0,0.0,1.0,1.0,0.0,0.0,1.0,2.0,2.0,0.0,2.0,1.0,2.0,1.0,2.0,0.0,2.0,2.0,2.0,1.0,1.0,0.0,1.0,0.0,2.0,0.0,2.0,1.0,1.0,2.0,1.0,1.0,1.0,0.0,2.0,2.0,0.0,2.0,1.0,1.0,2.0,0.0,2.0,1.0,0.0,2.0,2.0,1.0,1.0,0.0,2.0,0.0,2.0,0.0,2.0,2.0,2.0,0.0,2.0,2.0,0.0,2.0,0.0,1.0,2.0,2.0,0.0,1.0,1.0,1.0,2.0,2.0,0.0,0.0,1.0,0.0,1.0,1.0,0.0,0.0,2.0,2.0,1.0,1.0,2.0,1.0,1.0,2.0,1.0,1.65,2.0,1.0,0.0,2.0,1.0,1.0,1.0,2.0,2.0,0.0
5113,1.0,0.0,2.0,1.0,1.0,0.0,2.0,1.0,2.0,1.0,1.0,1.0,2.0,2.0,1.0,2.0,0.0,2.0,0.0,2.0,1.0,0.0,2.0,0.0,2.0,2.0,1.0,0.0,1.0,1.0,1.0,2.0,1.0,0.0,0.0,1.0,1.0,2.0,0.0,2.0,2.0,1.0,1.0,0.0,0.0,1.0,2.0,1.0,2.0,0.0,1.0,0.0,2.0,0.0,1.0,1.0,2.0,0.0,2.0,2.0,0.0,2.0,2.0,2.0,2.0,0.0,2.0,1.0,1.0,1.0,2.0,1.0,0.0,0.0,0.0,0.0,1.0,0.0,0.0,0.0,2.0,0.0,0.0,1.0,2.0,2.0,1.0,2.0,1.0,2.0,0.0,1.0,0.0,1.0,1.0,2.0,2.0,2.0,0.0,1.0
5115,2.0,1.0,1.0,1.0,0.0,1.0,2.0,2.0,2.0,0.0,1.0,0.0,1.0,2.0,2.0,1.0,1.0,2.0,1.0,2.0,1.0,0.0,1.0,0.0,2.0,1.0,2.0,2.0,0.0,1.0,0.0,2.0,1.0,0.0,2.0,2.0,1.0,1.0,2.0,1.0,2.0,0.0,2.0,0.0,0.0,2.0,2.0,2.0,1.0,1.0,0.0,0.0,1.0,0.0,2.0,1.0,2.0,0.0,2.0,2.0,0.0,2.0,1.0,1.0,2.0,0.0,0.0,0.0,1.0,1.0,2.0,2.0,0.0,1.0,1.0,0.0,1.0,0.0,1.0,0.0,2.0,0.0,0.0,1.0,2.0,1.0,2.0,2.0,0.0,1.0,0.0,1.0,0.0,2.0,1.0,2.0,1.0,2.0,1.0,0.0
5117,2.0,0.0,1.0,1.0,2.0,0.0,1.0,2.0,2.0,1.0,0.0,0.0,1.0,1.0,1.0,1.0,2.0,2.0,2.0,1.0,0.0,0.0,1.0,1.0,2.0,0.0,1.0,2.0,1.0,0.0,1.0,2.0,2.0,1.0,1.0,1.0,0.0,2.0,0.0,2.0,2.0,1.0,2.0,1.0,0.0,2.0,1.0,1.0,1.0,2.0,0.0,0.0,2.0,1.0,2.0,2.0,1.0,0.0,2.0,1.0,2.0,2.0,0.0,2.0,2.0,0.0,0.0,1.0,0.0,0.0,2.0,1.0,0.0,0.0,1.0,0.0,1.0,1.0,1.0,0.0,2.0,1.0,0.0,1.0,2.0,1.0,1.0,0.0,2.0,2.0,1.0,1.0,0.0,2.0,2.0,0.0,1.0,2.0,1.0,0.0
5122,1.0,0.0,1.0,1.0,2.0,0.0,2.0,0.0,2.0,1.0,1.0,1.0,2.0,2.0,2.0,2.0,2.0,1.0,0.0,2.0,0.0,0.0,0.0,0.0,2.0,1.0,1.0,0.0,0.0,1.0,0.0,1.0,2.0,1.0,0.0,1.0,0.0,1.0,2.0,2.0,2.0,1.0,2.0,2.0,2.0,1.0,2.0,1.0,2.0,0.0,1.0,1.0,1.0,0.0,2.0,1.0,2.0,0.0,2.0,2.0,1.0,0.0,0.0,1.0,2.0,0.0,2.0,2.0,1.0,1.0,1.0,1.0,0.0,0.0,1.0,0.0,2.0,0.0,1.0,0.0,2.0,1.0,0.0,1.0,2.0,2.0,0.0,2.0,1.0,2.0,0.0,1.0,0.0,2.0,1.0,2.0,2.0,2.0,1.0,1.0
5123,2.0,0.0,2.0,0.0,0.0,0.0,1.0,1.0,2.0,0.0,0.0,0.0,1.0,1.0,2.0,1.0,1.0,0.0,2.0,0.0,1.0,0.0,0.0,0.0,2.0,0.0,2.0,1.0,2.0,1.0,0.0,1.0,1.0,0.0,2.0,1.0,2.0,2.0,0.0,2.0,2.0,1.0,2.0,0.0,0.0,1.0,2.0,0.0,2.0,0.0,0.0,0.0,2.0,0.0,1.0,0.0,2.0,0.0,2.0,2.0,0.0,2.0,1.0,2.0,2.0,0.0,1.0,0.0,2.0,0.0,2.0,2.0,0.0,0.0,2.0,0.0,1.0,0.0,1.0,0.0,1.0,0.0,0.0,1.0,2.0,1.0,2.0,0.0,0.0,2.0,1.0,2.0,0.0,2.0,1.0,2.0,2.0,2.0,2.0,2.0
5124,2.0,1.0,0.0,1.0,0.0,0.0,2.0,2.0,2.0,0.0,1.0,0.0,1.0,2.0,2.0,0.0,2.0,0.0,0.0,0.0,1.0,1.0,0.0,1.0,2.0,0.0,2.0,1.0,1.0,0.0,0.0,2.0,1.0,0.0,2.0,1.0,1.0,1.0,1.0,1.0,2.0,1.0,1.0,0.0,0.0,1.0,2.0,2.0,1.0,0.0,0.0,0.0,2.0,0.0,2.0,2.0,1.0,0.0,1.0,2.0,1.0,2.0,0.0,2.0,2.0,1.0,2.0,1.0,2.0,0.0,2.0,2.0,0.0,1.0,1.0,0.0,2.0,0.0,0.0,0.0,2.0,0.0,0.0,0.0,2.0,0.0,1.0,2.0,2.0,2.0,0.0,2.0,0.0,2.0,2.0,2.0,1.0,2.0,1.0,0.0
5125,2.0,0.0,1.0,1.0,0.0,0.0,0.0,2.0,0.0,0.0,1.0,1.0,2.0,0.0,2.0,1.0,2.0,1.0,2.0,1.0,2.0,0.0,1.0,0.0,2.0,0.0,2.0,2.0,2.0,2.0,0.0,2.0,0.0,1.0,0.0,1.0,1.0,2.0,2.0,1.0,2.0,0.0,1.0,0.0,0.0,1.0,1.0,2.0,1.0,2.0,0.0,0.0,2.0,0.0,1.0,1.0,1.0,0.0,2.0,1.0,2.0,2.0,0.0,1.0,2.0,1.0,1.0,2.0,2.0,0.0,2.0,1.0,0.0,0.0,0.0,1.0,1.0,0.0,0.0,0.0,1.0,1.0,0.0,2.0,2.0,0.0,2.0,2.0,1.0,2.0,0.0,2.0,0.0,2.0,2.0,2.0,1.0,2.0,0.0,1.0
5126,2.0,0.0,1.0,1.0,0.0,0.0,0.0,2.0,1.0,0.0,1.0,0.0,1.0,1.0,2.0,1.0,2.0,0.0,1.0,2.0,2.0,0.0,0.0,0.0,2.0,0.0,2.0,2.0,2.0,1.0,0.0,2.0,0.0,1.0,1.0,1.0,1.0,2.0,2.0,1.0,2.0,0.0,1.0,1.0,0.0,0.0,1.0,1.0,1.0,1.0,0.0,0.0,2.0,0.0,1.0,1.0,1.0,0.0,2.0,1.0,2.0,2.0,0.0,2.0,2.0,1.0,1.0,2.0,1.0,1.0,2.0,2.0,0.0,0.0,1.0,1.0,1.0,0.0,0.0,0.0,2.0,1.0,0.0,2.0,2.0,0.0,1.0,2.0,1.0,2.0,0.0,2.0,0.0,2.0,2.0,1.0,0.0,2.0,0.0,0.0
5128,2.0,0.0,2.0,1.0,0.0,0.0,0.0,2.0,1.0,0.0,1.0,1.0,2.0,2.0,2.0,2.0,2.0,1.0,2.0,2.0,1.0,0.0,1.0,0.0,2.0,2.0,2.0,2.0,1.0,2.0,0.0,2.0,1.0,0.0,2.0,0.0,1.0,1.0,2.0,2.0,2.0,1.0,1.0,1.0,0.0,1.0,2.0,0.0,2.0,1.0,0.0,0.0,2.0,0.0,0.0,0.0,2.0,0.0,2.0,1.0,2.0,2.0,1.0,2.0,2.0,1.0,1.0,2.0,2.0,0.0,2.0,1.0,0.0,1.0,1.0,1.0,1.0,0.0,0.0,0.0,2.0,0.0,1.0,1.0,2.0,1.0,1.0,1.0,1.0,2.0,1.0,2.0,0.0,2.0,2.0,2.0,1.0,2.0,1.0,1.0
5131,2.0,2.0,2.0,2.0,0.0,1.0,2.0,1.0,2.0,0.0,0.0,2.0,2.0,2.0,0.0,2.0,2.0,1.0,0.0,0.0,2.0,0.0,0.0,1.0,2.0,1.0,2.0,1.0,1.0,2.0,0.0,1.0,0.0,1.0,0.0,2.0,1.0,0.0,2.0,1.0,2.0,1.0,2.0,2.0,0.0,2.0,2.0,2.0,2.0,0.0,1.0,0.0,2.0,0.0,2.0,0.0,1.0,0.0,2.0,1.0,0.0,2.0,0.0,2.0,2.0,0.0,0.0,1.0,1.0,0.0,2.0,0.0,0.0,2.0,1.0,0.0,2.0,0.0,0.0,0.0,2.0,0.0,1.0,2.0,2.0,1.0,1.0,2.0,1.0,1.0,2.0,1.0,1.0,1.0,2.0,2.0,0.0,2.0,1.0,2.0
5133,1.0,1.0,2.0,1.0,0.0,0.0,2.0,1.0,2.0,0.0,1.0,1.0,1.0,1.0,1.0,2.0,2.0,1.0,0.0,1.0,1.0,0.0,2.0,1.0,1.0,0.0,2.0,1.0,0.0,2.0,1.0,1.0,1.0,0.0,0.0,2.0,0.0,0.0,2.0,1.0,2.0,1.0,2.0,0.0,0.0,1.0,2.0,2.0,1.0,0.0,1.0,0.0,2.0,0.0,2.0,1.0,1.0,0.0,2.0,2.0,2.0,2.0,0.0,2.0,2.0,1.0,1.0,2.0,1.0,0.0,2.0,0.0,0.0,2.0,0.0,2.0,1.0,1.0,1.0,0.0,2.0,0.0,1.0,2.0,2.0,2.0,0.0,1.0,1.0,2.0,1.0,2.0,0.0,1.0,1.0,1.0,0.0,2.0,1.0,2.0
5134,1.0,0.0,2.0,2.0,0.0,1.0,2.0,1.0,2.0,0.0,2.0,0.0,1.0,2.0,1.0,1.0,2.0,1.0,1.0,0.0,2.0,0.0,2.0,0.0,2.0,0.0,2.0,1.0,1.0,2.0,0.0,2.0,1.0,0.0,0.0,2.0,1.0,1.0,2.0,1.0,2.0,0.0,2.0,2.0,0.0,2.0,2.0,2.0,1.0,0.0,1.0,0.0,2.0,0.0,1.0,0.0,1.0,0.0,2.0,1.0,1.0,2.0,0.0,2.0,2.0,0.0,0.0,1.0,1.0,0.0,2.0,1.0,0.0,1.0,0.0,2.0,2.0,0.0,0.0,0.0,2.0,0.0,0.0,2.0,2.0,1.0,1.0,1.0,0.0,1.0,1.0,2.0,0.0,1.0,1.0,2.0,0.0,2.0,1.0,2.0
5136,1.0,1.0,2.0,2.0,1.0,1.0,2.0,2.0,2.0,0.0,0.0,0.0,1.0,1.0,2.0,2.0,2.0,1.0,1.0,1.0,2.0,0.0,1.0,1.0,2.0,2.0,2.0,2.0,2.0,0.0,0.0,2.0,1.0,0.0,2.0,1.0,0.0,2.0,0.0,1.0,1.0,0.0,1.0,2.0,0.0,1.0,2.0,2.0,2.0,0.0,0.0,0.0,2.0,0.0,2.0,0.0,2.0,0.0,1.0,2.0,0.0,2.0,0.0,2.0,2.0,0.0,1.0,0.0,2.0,1.0,1.0,2.0,1.0,0.0,0.0,1.0,0.0,0.0,1.0,0.0,1.0,0.0,0.0,1.0,2.0,0.0,1.0,0.0,2.0,2.0,1.0,2.0,1.0,2.0,1.0,2.0,0.0,2.0,1.0,0.0
5137,1.0,1.0,2.0,1.0,1.0,1.0,1.0,2.0,2.0,1.0,0.0,2.0,2.0,2.0,2.0,0.0,2.0,2.0,0.0,1.0,2.0,0.0,1.0,0.0,2.0,1.0,1.0,1.0,2.0,1.0,1.0,1.0,1.0,0.0,0.0,2.0,1.0,1.0,2.0,2.0,2.0,0.0,2.0,1.0,0.0,0.0,2.0,2.0,2.0,1.0,2.0,0.0,2.0,1.0,2.0,2.0,1.0,0.0,2.0,0.0,0.0,1.0,0.0,2.0,2.0,0.0,2.0,0.0,0.0,0.0,2.0,2.0,0.0,0.0,0.0,0.0,2.0,0.0,0.0,0.0,2.0,0.0,0.0,0.0,2.0,1.0,1.0,1.0,2.0,1.0,2.0,1.0,0.0,2.0,2.0,1.0,0.0,2.0,0.0,1.0
5139,2.0,0.0,1.0,2.0,0.0,0.0,1.0,2.0,0.0,1.0,1.0,0.0,0.0,1.0,2.0,1.0,2.0,0.0,2.0,0.0,1.0,0.0,0.0,0.0,2.0,1.0,2.0,0.0,2.0,1.0,0.0,1.0,2.0,0.0,0.0,0.0,0.0,2.0,1.0,2.0,2.0,0.0,2.0,0.0,0.0,0.0,1.0,1.0,1.0,1.0,0.0,0.0,2.0,0.0,2.0,1.0,2.0,0.0,2.0,1.0,1.0,2.0,0.0,2.0,2.0,1.0,0.0,2.0,2.0,0.0,1.0,1.0,0.0,0.0,0.0,0.0,1.0,0.0,1.0,0.0,1.0,2.0,1.0,1.0,2.0,1.0,1.0,0.0,1.0,2.0,0.0,2.0,0.0,2.0,1.0,2.0,1.0,2.0,0.0,1.0
5140,2.0,0.0,1.0,0.0,1.0,0.0,1.0,2.0,1.0,1.0,0.0,0.0,1.0,2.0,2.0,0.0,2.0,0.0,2.0,0.0,1.0,0.0,1.0,0.0,2.0,2.0,2.0,1.0,1.0,2.0,0.0,0.0,1.0,0.0,2.0,0.0,2.0,1.0,2.0,1.0,2.0,0.0,1.0,1.0,0.0,0.0,2.0,2.0,0.0,2.0,1.0,0.0,2.0,0.0,2.0,1.0,2.0,0.0,2.0,1.0,0.0,2.0,0.0,1.0,2.0,1.0,0.0,1.0,1.0,0.0,1.0,0.0,0.0,0.0,0.0,0.0,0.0,0.0,0.0,0.0,1.0,2.0,0.0,0.0,2.0,0.0,2.0,1.0,1.0,2.0,0.0,2.0,0.0,2.0,0.0,1.0,1.0,2.0,0.0,0.0
5141,2.0,0.0,1.0,1.0,0.0,0.0,1.0,1.0,1.0,1.0,0.0,0.0,2.0,2.0,2.0,1.0,2.0,1.0,2.0,0.0,1.0,0.0,1.0,0.0,2.0,1.0,2.0,1.0,1.0,1.0,0.0,1.0,2.0,0.0,2.0,0.0,1.0,2.0,2.0,2.0,2.0,0.0,2.0,1.0,0.0,2.0,1.0,1.0,1.0,2.0,0.0,0.0,2.0,0.0,2.0,1.0,0.0,0.0,2.0,2.0,1.0,2.0,0.0,2.0,2.0,1.0,1.0,1.0,1.0,1.0,1.0,2.0,0.0,0.0,0.0,0.0,0.0,0.0,0.0,0.0,1.0,1.0,0.0,0.0,2.0,1.0,2.0,0.0,1.0,2.0,0.0,2.0,0.0,2.0,1.0,1.0,1.0,2.0,0.0,1.0
5143,2.0,0.0,2.0,0.0,0.0,0.0,0.0,1.0,1.0,0.0,0.0,0.0,1.0,1.0,2.0,1.0,1.0,0.0,2.0,0.0,2.0,0.0,1.0,0.0,2.0,1.0,2.0,2.0,2.0,1.0,0.0,1.0,2.0,2.0,2.0,1.0,2.0,1.0,1.0,2.0,2.0,0.0,1.0,2.0,0.0,1.0,2.0,0.0,1.0,1.0,0.0,0.0,2.0,0.0,1.0,1.0,1.0,0.0,2.0,2.0,1.0,2.0,1.0,2.0,2.0,0.0,1.0,0.0,1.0,0.0,2.0,2.0,0.0,1.0,1.0,0.0,1.0,0.0,0.0,0.0,1.0,1.0,0.0,2.0,2.0,1.0,2.0,0.0,0.0,2.0,1.0,2.0,0.0,0.0,2.0,1.0,2.0,2.0,1.0,2.0
5144,2.0,0.0,2.0,1.0,0.0,0.0,0.0,2.0,1.0,0.0,0.0,1.0,2.0,2.0,2.0,2.0,2.0,0.0,2.0,2.0,2.0,0.0,2.0,0.0,2.0,2.0,2.0,2.0,1.0,0.0,0.0,2.0,1.0,1.0,0.0,0.0,1.0,2.0,2.0,2.0,2.0,1.0,0.0,1.0,0.0,1.0,2.0,0.0,2.0,1.0,0.0,0.0,2.0,0.0,1.0,0.0,1.0,0.0,2.0,2.0,2.0,2.0,0.0,2.0,2.0,1.0,1.0,2.0,2.0,1.0,2.0,2.0,0.0,0.0,1.0,2.0,0.0,0.0,0.0,0.0,2.0,1.0,0.0,1.0,2.0,0.0,2.0,1.0,1.0,2.0,2.0,2.0,0.0,2.0,2.0,2.0,0.0,2.0,0.0,0.0
5146,2.0,0.0,1.0,2.0,0.0,0.0,0.0,1.0,2.0,0.0,2.0,0.0,2.0,2.0,2.0,2.0,1.0,2.0,1.0,2.0,2.0,1.0,1.0,0.0,2.0,1.0,2.0,2.0,1.0,0.0,0.0,2.0,1.0,1.0,1.0,1.0,0.0,2.0,2.0,2.0,2.0,1.0,0.0,0.0,0.0,0.0,2.0,1.0,2.0,1.0,0.0,0.0,2.0,0.0,0.0,1.0,1.0,0.0,2.0,1.0,2.0,2.0,1.0,0.0,2.0,1.0,1.0,1.0,1.0,2.0,2.0,1.0,0.0,0.0,0.0,2.0,1.0,0.0,0.0,0.0,2.0,1.0,0.0,1.0,2.0,0.0,2.0,2.0,1.0,2.0,2.0,2.0,0.0,2.0,2.0,2.0,1.0,2.0,0.0,0.0
5147,0.0,1.0,1.0,0.0,0.0,0.0,2.0,2.0,2.0,0.0,1.0,0.0,2.0,2.0,1.0,2.0,1.0,0.0,1.0,0.0,2.0,0.0,1.0,1.0,1.0,1.0,2.0,1.0,1.0,2.0,1.0,1.0,1.0,0.0,1.0,2.0,1.0,1.0,2.0,2.0,2.0,0.0,1.0,1.0,0.0,2.0,2.0,1.0,1.0,0.0,0.0,0.0,2.0,0.0,2.0,0.0,1.0,0.0,2.0,1.0,1.0,2.0,2.0,2.0,2.0,1.0,0.0,1.0,0.0,1.0,2.0,2.0,0.0,0.0,0.0,0.0,0.0,1.0,1.0,0.0,1.0,0.0,0.0,1.0,2.0,2.0,1.0,2.0,1.0,1.0,1.0,2.0,1.0,2.0,1.0,1.0,1.0,2.0,2.0,2.0
5148,0.0,0.0,1.0,2.0,0.0,1.0,2.0,2.0,2.0,0.0,1.0,1.0,2.0,2.0,1.0,1.0,2.0,2.0,1.0,1.0,2.0,0.0,1.0,1.0,2.0,1.0,2.0,0.0,1.0,2.0,0.0,1.0,2.0,0.0,1.0,1.0,2.0,1.0,2.0,2.0,2.0,1.0,2.0,0.41,0.0,1.0,2.0,2.0,1.0,0.0,0.0,0.0,2.0,0.0,2.0,1.0,0.0,1.0,2.0,2.0,1.0,2.0,0.0,1.0,2.0,0.0,1.0,1.0,1.0,0.0,2.0,2.0,0.0,0.0,1.0,1.0,1.0,0.0,0.0,0.0,1.0,1.0,1.0,1.0,2.0,1.0,2.0,1.0,2.0,2.0,2.0,2.0,0.0,2.0,1.0,0.0,1.0,2.0,1.0,2.0
5149,2.0,1.0,2.0,1.0,0.0,0.0,0.0,2.0,1.0,0.0,0.0,1.0,1.0,1.0,1.0,1.0,2.0,0.0,2.0,0.0,2.0,0.0,1.0,0.0,2.0,2.0,2.0,1.0,2.0,2.0,0.0,2.0,1.0,0.0,2.0,1.0,2.0,2.0,1.0,2.0,2.0,1.0,1.0,1.0,0.0,0.0,2.0,2.0,1.0,0.0,0.0,0.0,2.0,0.0,1.0,0.0,2.0,0.0,2.0,2.0,2.0,2.0,0.0,2.0,2.0,0.0,1.0,2.0,2.0,1.0,1.0,1.0,0.0,0.0,1.0,2.0,0.0,0.0,0.0,0.0,2.0,1.0,1.0,1.0,2.0,0.0,2.0,1.0,1.0,2.0,1.0,2.0,0.0,2.0,2.0,1.0,0.0,2.0,0.0,0.0
5150,2.0,1.0,2.0,0.0,2.0,0.0,0.0,1.0,2.0,1.0,0.0,1.0,1.0,1.0,2.0,1.0,1.0,1.0,2.0,0.0,2.0,0.0,1.0,0.0,2.0,1.0,1.0,2.0,2.0,0.0,0.0,2.0,2.0,2.0,2.0,1.0,2.0,0.0,1.0,2.0,2.0,0.0,2.0,2.0,0.0,1.0,2.0,0.0,2.0,2.0,0.0,0.0,2.0,1.0,2.0,0.0,2.0,0.0,2.0,2.0,2.0,2.0,1.0,2.0,2.0,0.0,1.0,2.0,2.0,1.0,1.0,2.0,0.01,1.0,2.0,0.0,2.0,0.0,1.0,0.0,2.0,1.0,1.0,1.0,2.0,0.0,2.0,1.0,0.0,2.0,2.0,1.0,0.0,2.0,1.0,2.0,1.0,2.0,0.0,0.0
5152,2.0,0.0,1.0,0.0,0.0,0.0,2.0,2.0,2.0,0.0,0.0,2.0,1.0,2.0,1.0,2.0,2.0,1.0,1.0,2.0,1.0,0.0,1.0,1.0,1.0,0.0,2.0,1.0,1.0,1.0,1.0,2.0,1.0,0.0,1.0,1.0,1.0,1.0,2.0,1.0,2.0,1.0,2.0,1.0,0.0,1.0,2.0,2.0,2.0,0.0,0.0,0.0,2.0,0.0,2.0,0.0,1.0,0.0,2.0,2.0,0.0,2.0,0.0,2.0,2.0,1.0,1.0,1.0,0.0,0.0,2.0,2.0,0.0,1.0,0.0,1.0,0.0,1.0,1.0,0.0,2.0,1.0,0.0,2.0,2.0,2.0,1.0,1.0,2.0,2.0,2.0,2.0,0.0,2.0,2.0,1.0,0.0,2.0,0.0,2.0
5157,2.0,0.0,2.0,2.0,0.0,1.0,0.0,1.0,1.0,1.0,2.0,1.0,2.0,0.0,1.0,2.0,2.0,1.0,2.0,2.0,2.0,0.0,1.0,0.0,2.0,1.0,2.0,2.0,2.0,0.0,0.0,2.0,0.0,0.0,1.0,1.0,0.0,2.0,2.0,1.0,2.0,2.0,2.0,1.0,0.0,0.0,1.0,0.0,2.0,1.0,0.0,0.0,2.0,0.0,1.0,0.0,1.0,0.0,2.0,2.0,1.0,2.0,1.0,1.0,2.0,2.0,1.0,2.0,2.0,1.0,1.0,1.0,0.0,0.0,1.0,1.0,1.0,0.0,0.0,0.0,2.0,1.0,1.0,2.0,2.0,0.0,2.0,1.0,0.0,2.0,0.0,2.0,0.0,2.0,2.0,0.0,0.0,2.0,1.0,1.0
5158,2.0,0.0,1.0,1.0,1.0,0.0,1.0,2.0,0.0,0.0,0.0,0.0,1.0,0.0,2.0,1.0,2.0,0.0,2.0,0.0,1.0,0.0,1.0,0.0,2.0,1.0,2.0,2.0,1.0,1.0,0.0,2.0,0.0,0.0,0.0,1.0,1.0,1.0,1.0,0.0,2.0,0.0,2.0,1.0,1.0,0.0,2.0,1.0,0.0,0.0,1.0,0.0,2.0,0.0,2.0,1.0,1.0,0.0,2.0,2.0,0.0,2.0,1.0,1.0,2.0,0.0,2.0,0.0,2.0,0.0,1.0,1.0,0.0,1.0,1.0,1.0,1.0,0.0,1.0,0.0,2.0,0.0,0.0,1.0,2.0,1.0,0.0,2.0,0.0,2.0,1.0,1.0,0.0,2.0,1.0,2.0,1.0,2.0,1.0,1.0
5161,2.0,1.0,1.0,1.0,0.0,2.0,1.0,2.0,2.0,0.0,0.0,1.0,1.0,2.0,2.0,2.0,1.0,0.0,1.0,1.0,2.0,0.0,1.0,2.0,2.0,1.0,1.0,1.0,1.0,1.0,0.0,2.0,1.0,0.0,0.0,2.0,2.0,1.0,1.0,2.0,2.0,1.0,1.0,1.0,0.0,1.0,2.0,1.0,1.0,0.0,0.0,0.0,2.0,0.0,2.0,0.0,1.0,0.0,2.0,1.0,1.0,2.0,2.0,2.0,2.0,0.0,0.0,0.0,1.0,0.0,2.0,1.0,0.0,0.0,0.0,0.0,2.0,0.0,0.0,0.0,1.0,0.0,1.0,0.0,2.0,0.0,2.0,2.0,1.0,1.0,2.0,2.0,1.0,2.0,2.0,2.0,0.0,2.0,1.0,1.0
5181,2.0,1.0,1.0,1.0,0.0,0.0,2.0,2.0,2.0,1.0,0.0,0.0,2.0,1.0,2.0,2.0,2.0,0.0,1.0,2.0,1.0,1.0,1.0,0.0,2.0,0.0,1.0,1.0,2.0,1.0,0.0,0.0,1.0,0.0,0.0,1.0,1.0,2.0,1.0,2.0,2.0,1.0,1.0,1.0,0.0,2.0,1.0,0.0,2.0,1.0,2.0,1.0,2.0,0.0,2.0,1.0,2.0,0.0,2.0,2.0,0.0,2.0,0.0,2.0,2.0,0.0,1.0,1.0,1.0,1.0,2.0,1.0,0.0,0.0,1.0,1.0,0.0,0.0,0.0,1.0,2.0,0.0,1.0,2.0,2.0,2.0,2.0,2.0,0.0,2.0,0.0,2.0,1.0,1.0,2.0,2.0,1.0,2.0,1.0,0.0
5182,0.0,1.0,2.0,1.0,2.0,0.0,2.0,2.0,2.0,0.0,2.0,1.0,2.0,1.0,2.0,2.0,2.0,1.0,1.0,2.0,2.0,0.0,0.0,0.0,2.0,1.0,1.0,1.0,2.0,0.0,0.0,2.0,2.0,1.0,0.0,1.0,1.0,1.0,1.0,2.0,2.0,0.0,2.0,0.0,0.0,1.0,2.0,2.0,1.0,2.0,0.0,0.0,2.0,0.0,2.0,0.0,2.0,0.0,2.0,2.0,0.0,2.0,1.0,2.0,2.0,0.0,0.0,1.0,0.0,1.0,2.0,1.0,0.0,0.0,1.0,2.0,1.0,0.0,2.0,0.0,2.0,1.0,2.0,2.0,2.0,1.0,2.0,1.0,2.0,2.0,1.0,2.0,0.0,2.0,2.0,2.0,1.0,2.0,1.0,2.0
5183,0.0,2.0,2.0,1.0,1.0,0.0,1.0,2.0,2.0,0.0,2.0,0.0,2.0,2.0,2.0,1.0,2.0,0.0,1.0,1.0,2.0,0.0,1.0,0.0,1.0,0.0,2.0,1.0,1.0,0.0,0.0,2.0,2.0,1.0,1.0,2.0,2.0,2.0,1.0,2.0,2.0,0.0,2.0,0.0,0.0,0.0,2.0,2.0,1.0,1.0,1.0,0.0,2.0,0.0,2.0,0.0,2.0,1.0,2.0,2.0,0.0,2.0,1.0,1.0,2.0,0.0,0.0,1.0,0.0,1.0,2.0,1.0,0.0,0.0,2.0,1.0,0.0,0.0,1.0,0.0,2.0,1.0,2.0,2.0,2.0,1.0,1.0,1.0,2.0,2.0,1.0,1.0,0.0,2.0,1.0,1.0,1.0,2.0,1.0,0.0
5187,2.0,1.0,1.0,1.0,0.0,0.0,1.0,2.0,2.0,0.0,1.0,0.0,2.0,1.0,2.0,2.0,2.0,1.0,0.0,0.0,1.0,0.0,0.0,0.0,2.0,0.0,1.0,2.0,0.0,1.0,1.0,1.0,1.0,1.0,0.0,2.0,1.0,2.0,2.0,1.0,2.0,1.0,2.0,2.0,0.0,1.0,1.0,1.0,2.0,0.0,1.0,0.0,2.0,0.0,2.0,1.0,2.0,0.0,2.0,1.0,0.0,2.0,0.0,1.0,2.0,0.0,1.0,1.0,1.0,0.0,2.0,2.0,0.0,0.0,1.0,0.0,1.0,0.0,0.0,0.0,2.0,0.0,0.0,2.0,2.0,1.0,1.0,1.0,1.0,2.0,0.0,1.0,0.0,1.0,2.0,2.0,2.0,2.0,2.0,0.0
5188,2.0,1.0,1.0,0.0,2.0,0.0,1.0,1.0,0.0,0.0,2.0,0.0,0.0,1.0,2.0,2.0,2.0,2.0,2.0,0.0,2.0,0.0,1.0,0.0,2.0,1.0,2.0,2.0,2.0,2.0,0.0,1.0,2.0,0.0,0.0,1.0,2.0,2.0,0.0,2.0,2.0,1.0,1.0,1.0,0.0,0.0,2.0,2.0,1.0,0.0,0.0,0.0,2.0,0.0,2.0,1.0,1.0,0.0,2.0,2.0,0.0,2.0,0.0,2.0,2.0,0.0,0.0,1.0,2.0,1.0,2.0,2.0,1.0,0.0,2.0,1.0,1.0,0.0,1.0,0.0,1.0,2.0,1.0,2.0,2.0,1.0,2.0,1.0,0.0,2.0,1.0,2.0,0.0,2.0,1.0,2.0,2.0,2.0,1.0,0.0
5189,2.0,1.0,2.0,1.0,0.0,0.0,0.0,1.0,1.0,0.0,0.0,0.0,1.0,0.0,2.0,1.0,2.0,1.0,1.0,0.0,1.0,0.0,2.0,0.0,2.0,1.0,2.0,2.0,2.0,2.0,0.0,2.0,1.0,0.0,0.0,2.0,1.0,1.0,1.0,1.0,2.0,0.0,2.0,2.0,0.0,2.0,2.0,0.0,2.0,1.0,0.0,0.0,2.0,0.0,2.0,1.0,1.0,0.0,2.0,2.0,0.0,2.0,1.0,2.0,2.0,0.0,1.0,2.0,2.0,0.0,1.0,1.0,0.0,1.0,1.0,0.0,2.0,0.0,1.0,0.0,2.0,1.0,0.0,2.0,2.0,0.0,0.0,2.0,0.0,2.0,0.0,2.0,0.0,2.0,0.0,2.0,1.0,2.0,1.0,0.0
5194,2.0,0.0,1.0,2.0,1.0,0.0,1.0,1.0,1.0,1.0,0.0,0.0,1.0,0.0,2.0,1.0,2.0,0.0,2.0,0.0,1.0,0.0,1.0,0.0,2.0,2.0,2.0,1.0,1.0,1.0,0.0,1.0,1.0,0.0,0.0,1.0,0.0,1.0,1.0,1.0,2.0,0.0,2.0,0.0,0.0,0.0,2.0,2.0,1.0,1.0,0.0,0.0,2.0,0.0,2.0,1.0,2.0,0.0,2.0,1.0,1.0,2.0,0.0,2.0,2.0,0.0,1.0,2.0,2.0,0.0,2.0,1.0,1.0,1.0,0.0,0.0,2.0,0.0,0.0,0.0,1.0,0.0,0.0,0.0,2.0,1.0,0.0,1.0,0.0,2.0,1.0,2.0,0.0,2.0,0.0,2.0,2.0,2.0,0.0,1.0
5196,2.0,0.0,2.0,0.0,0.0,0.0,0.0,2.0,2.0,0.0,0.0,2.0,1.0,1.0,2.0,2.0,2.0,2.0,2.0,0.0,1.0,0.0,1.0,0.0,2.0,1.0,2.0,2.0,1.0,1.0,0.0,2.0,1.0,1.0,1.0,1.0,2.0,2.0,2.0,2.0,2.0,0.0,1.0,2.0,0.0,1.0,2.0,1.0,0.0,0.0,0.0,0.0,2.0,0.0,2.0,1.0,1.0,0.0,2.0,2.0,0.0,2.0,1.0,2.0,2.0,0.0,2.0,2.0,1.0,1.0,2.0,2.0,0.0,0.0,1.0,0.0,0.0,0.0,0.0,0.0,1.0,0.0,0.0,0.0,2.0,1.0,1.0,0.0,2.0,2.0,0.0,2.0,0.0,2.0,2.0,2.0,1.0,2.0,1.0,1.0
5199,2.0,0.0,1.0,1.0,1.0,0.0,2.0,1.0,2.0,0.0,1.0,0.0,1.0,1.0,2.0,1.0,2.0,0.0,2.0,1.0,1.0,0.0,2.0,0.0,2.0,1.0,1.0,1.0,1.0,2.0,0.0,1.0,2.0,0.0,0.0,1.0,1.0,2.0,1.0,2.0,2.0,0.0,2.0,2.0,0.0,2.0,2.0,2.0,2.0,0.0,0.0,0.0,2.0,0.0,2.0,2.0,1.0,0.0,2.0,2.0,0.0,1.0,0.0,2.0,2.0,1.0,1.0,2.0,2.0,0.0,2.0,2.0,0.0,0.0,0.0,0.0,1.0,0.0,0.0,0.0,1.0,0.0,0.0,1.0,2.0,0.0,2.0,0.0,0.0,2.0,1.0,1.0,0.0,2.0,1.0,2.0,1.0,2.0,0.0,0.0
5204,2.0,1.0,1.0,1.0,0.0,0.0,2.0,1.0,1.0,1.0,0.0,0.0,1.0,1.0,1.0,1.0,2.0,1.0,2.0,0.0,2.0,0.0,1.0,1.0,2.0,1.0,2.0,1.0,1.0,1.0,0.0,2.0,1.0,0.0,1.0,1.0,1.0,2.0,2.0,1.0,2.0,0.0,2.0,0.0,0.0,1.0,2.0,2.0,2.0,2.0,1.0,0.0,2.0,0.0,2.0,0.0,1.0,0.0,1.0,2.0,0.0,2.0,0.0,1.0,2.0,1.0,0.0,1.0,2.0,1.0,2.0,2.0,0.0,0.0,0.0,0.0,1.0,0.0,0.0,0.0,2.0,2.0,0.0,0.0,2.0,0.0,2.0,1.0,0.0,2.0,1.0,2.0,0.0,2.0,1.0,2.0,1.0,2.0,1.0,1.0
5210,2.0,1.0,2.0,1.0,0.0,0.0,2.0,1.0,1.0,0.0,1.0,0.0,0.0,1.0,2.0,2.0,2.0,1.0,1.0,0.0,2.0,0.0,0.0,0.0,2.0,0.0,2.0,2.0,1.0,1.0,0.0,1.0,1.0,0.0,1.0,1.0,1.0,0.0,1.0,1.0,2.0,1.0,1.0,1.0,0.0,1.0,1.0,2.0,2.0,1.0,0.0,0.0,2.0,0.0,2.0,1.0,1.0,0.0,2.0,2.0,0.0,2.0,0.0,0.0,2.0,0.0,1.0,1.0,2.0,0.0,2.0,2.0,0.0,2.0,1.0,1.0,1.0,0.0,1.0,0.0,0.0,1.0,1.0,2.0,2.0,0.0,2.0,1.0,0.0,2.0,2.0,2.0,1.0,2.0,1.0,2.0,1.0,2.0,1.0,1.0
5220,1.0,1.0,2.0,1.0,0.0,1.0,2.0,1.0,2.0,0.0,0.0,0.0,0.0,2.0,1.0,1.0,2.0,1.0,0.0,1.0,2.0,0.0,1.0,1.0,2.0,1.0,2.0,1.0,2.0,2.0,0.0,2.0,0.0,1.0,0.0,2.0,2.0,0.0,2.0,1.0,2.0,1.0,2.0,1.0,0.0,0.0,2.0,2.0,1.0,0.0,1.0,0.0,2.0,0.0,2.0,2.0,1.0,0.0,2.0,1.0,0.0,2.0,2.0,2.0,2.0,0.0,1.0,1.0,1.0,1.0,2.0,1.0,0.0,1.0,0.0,1.0,1.0,0.0,0.0,0.0,2.0,0.0,1.0,0.0,2.0,1.0,1.0,0.0,0.0,2.0,1.0,2.0,1.0,2.0,2.0,1.0,1.0,2.0,1.0,2.0
5221,2.0,1.0,1.0,1.0,0.0,0.0,1.0,1.0,2.0,0.0,0.0,0.0,2.0,2.0,2.0,1.0,2.0,2.0,1.0,0.0,2.0,0.0,1.0,0.0,1.0,1.0,2.0,0.0,0.0,1.0,1.0,0.0,1.0,0.0,0.0,2.0,0.0,1.0,1.0,1.0,2.0,0.0,1.0,2.0,0.0,0.0,2.0,2.0,1.0,0.0,1.0,0.0,2.0,0.0,2.0,1.0,1.0,0.0,2.0,1.0,1.0,2.0,0.0,2.0,2.0,1.0,0.0,1.0,1.0,1.0,2.0,2.0,0.0,1.0,0.0,0.0,0.0,1.0,2.0,0.0,2.0,0.0,1.0,0.0,2.0,0.0,1.0,2.0,1.0,1.0,1.0,2.0,0.0,2.0,1.0,2.0,1.0,2.0,1.0,2.0
5227,2.0,1.0,1.0,2.0,0.0,0.0,2.0,2.0,2.0,1.0,0.0,0.0,2.0,2.0,1.0,1.0,2.0,0.0,1.0,1.0,1.0,0.0,1.0,0.0,2.0,1.0,2.0,1.0,1.0,1.0,0.0,1.0,1.0,0.0,1.0,1.0,1.0,2.0,1.0,2.0,2.0,0.0,2.0,2.0,0.0,2.0,0.0,1.0,2.0,0.0,0.0,0.0,2.0,0.0,2.0,2.0,2.0,0.0,2.0,2.0,0.0,2.0,0.0,1.0,2.0,0.0,0.0,0.0,2.0,2.0,2.0,1.0,0.0,0.0,2.0,0.0,1.0,0.0,0.0,0.0,2.0,1.0,1.0,1.0,2.0,1.0,1.0,1.0,1.0,2.0,1.0,2.0,0.0,2.0,2.0,2.0,1.0,2.0,2.0,0.0
5230,1.0,1.0,2.0,0.0,0.0,0.0,1.0,1.0,2.0,0.0,0.0,0.0,0.0,1.0,1.0,1.0,2.0,0.0,1.0,2.0,2.0,0.0,2.0,1.0,1.0,1.0,2.0,1.0,1.0,2.0,1.0,2.0,2.0,1.0,1.0,2.0,1.0,0.0,2.0,1.0,2.0,1.0,2.0,1.0,0.0,1.0,2.0,2.0,2.0,1.0,0.0,0.0,2.0,0.0,2.0,2.0,1.0,0.0,2.0,2.0,1.0,2.0,1.0,2.0,2.0,1.0,2.0,1.0,1.0,0.0,2.0,1.0,0.0,0.0,0.0,1.0,0.0,1.0,1.0,0.0,1.0,0.0,1.0,1.0,2.0,1.0,1.0,0.0,2.0,2.0,2.0,2.0,0.0,1.0,1.0,2.0,0.0,2.0,0.0,1.0
5231,2.0,1.0,2.0,2.0,0.0,0.0,1.0,2.0,2.0,0.0,1.0,2.0,1.0,2.0,2.0,2.0,1.0,2.0,1.0,0.0,0.0,0.0,1.0,0.0,2.0,0.0,2.0,0.0,0.0,2.0,0.0,2.0,1.0,1.0,2.0,2.0,0.0,2.0,0.0,1.0,2.0,1.0,2.0,0.0,0.0,1.0,2.0,2.0,2.0,1.0,0.0,0.0,2.0,0.0,2.0,0.0,2.0,0.0,2.0,1.0,1.0,2.0,1.0,1.0,2.0,2.0,0.0,2.0,1.0,2.0,2.0,2.0,0.0,0.0,2.0,0.0,2.0,0.0,0.0,0.0,2.0,1.0,0.0,0.0,2.0,1.0,2.0,1.0,2.0,2.0,1.0,1.0,0.0,1.0,2.0,2.0,2.0,2.0,1.0,1.0
5232,2.0,1.0,1.0,1.0,0.0,2.0,2.0,1.0,1.0,0.0,0.0,0.0,0.0,2.0,1.0,1.0,2.0,2.0,1.0,0.0,2.0,0.0,1.0,0.0,2.0,1.0,2.0,0.0,0.0,2.0,1.0,0.0,1.0,0.0,1.0,1.0,1.0,1.0,1.0,1.0,2.0,1.0,1.0,1.0,0.0,1.0,2.0,2.0,1.0,0.0,1.0,0.0,2.0,0.0,2.0,1.0,1.0,0.0,2.0,2.0,0.0,2.0,0.0,2.0,2.0,0.0,1.0,0.0,1.0,0.0,2.0,2.0,0.0,1.0,0.0,1.0,1.0,0.0,0.0,0.0,2.0,0.0,0.0,1.0,2.0,1.0,1.0,2.0,2.0,1.0,1.0,2.0,1.0,2.0,1.0,2.0,0.0,2.0,2.0,1.0
5233,2.0,0.0,1.0,1.0,0.0,0.0,2.0,1.0,1.0,0.0,0.0,1.0,1.0,2.0,1.0,2.0,2.0,1.0,1.0,0.0,2.0,0.0,1.0,1.0,1.0,1.0,2.0,0.0,0.0,2.0,1.0,1.0,1.0,0.0,1.0,1.0,0.0,1.0,2.0,1.0,2.0,1.0,1.0,2.0,0.0,1.0,2.0,2.0,1.0,0.0,1.0,0.0,2.0,0.0,2.0,0.0,1.0,0.0,2.0,1.0,1.0,2.0,1.0,2.0,2.0,1.0,0.0,1.0,0.0,0.0,2.0,1.0,0.0,1.0,0.0,0.0,0.0,1.0,1.0,0.0,2.0,0.0,0.0,0.0,2.0,0.0,1.0,2.0,1.0,1.0,1.0,2.0,1.0,2.0,1.0,1.0,1.0,2.0,0.0,1.0
5236,2.0,1.0,2.0,0.0,2.0,0.0,2.0,0.0,1.0,0.0,1.0,0.0,1.0,2.0,2.0,1.0,2.0,1.0,2.0,0.0,2.0,0.0,1.0,0.0,2.0,1.0,2.0,2.0,0.0,1.0,0.0,1.0,0.0,0.0,0.0,2.0,2.0,1.0,1.0,0.0,2.0,1.0,0.0,1.0,0.0,0.0,1.0,2.0,0.0,0.0,0.0,0.0,2.0,0.0,2.0,0.0,2.0,0.0,2.0,2.0,1.0,1.0,0.0,1.0,2.0,1.0,1.0,1.0,1.0,0.0,1.0,2.0,0.0,2.0,1.0,1.0,1.0,0.0,1.0,0.0,1.0,1.0,0.0,2.0,2.0,1.0,2.0,0.0,0.0,2.0,1.0,1.0,0.0,1.0,0.0,1.0,0.0,2.0,0.0,0.0
5240,1.0,0.0,2.0,1.0,0.0,2.0,2.0,2.0,1.0,0.0,1.0,1.0,2.0,2.0,2.0,2.0,2.0,1.0,1.0,1.0,2.0,0.0,0.0,1.0,2.0,1.0,2.0,1.0,2.0,2.0,0.0,1.0,0.0,0.0,0.0,2.0,2.0,0.0,2.0,1.0,2.0,2.0,1.0,1.0,0.0,1.0,2.0,2.0,1.0,0.0,0.0,0.0,2.0,0.0,2.0,0.0,1.0,0.0,2.0,2.0,0.0,2.0,1.0,2.0,2.0,0.0,0.0,0.0,1.0,0.0,2.0,1.0,0.0,2.0,0.0,1.0,2.0,0.0,1.0,0.0,2.0,0.0,1.0,0.0,2.0,1.0,2.0,2.0,1.0,2.0,2.0,2.0,1.0,2.0,2.0,1.0,0.0,2.0,1.0,2.0
5246,1.0,1.0,1.0,0.0,0.0,1.0,2.0,2.0,1.0,0.0,1.0,1.0,2.0,2.0,2.0,1.0,2.0,1.0,1.0,0.0,1.0,0.0,0.0,0.0,1.0,2.0,2.0,0.0,1.0,2.0,1.0,1.0,0.0,0.0,0.0,2.0,1.0,1.0,2.0,1.0,2.0,1.0,1.0,2.0,0.0,1.0,2.0,2.0,1.0,0.0,1.0,0.0,2.0,0.0,2.0,0.0,1.0,0.0,2.0,1.0,0.0,2.0,0.0,2.0,2.0,1.0,0.0,1.0,1.0,0.0,2.0,2.0,0.0,0.0,0.0,1.0,1.0,1.0,1.0,0.0,2.0,0.0,0.0,0.0,2.0,1.0,1.0,2.0,2.0,1.0,2.0,2.0,1.0,1.0,1.0,0.0,0.0,2.0,2.0,2.0
5250,1.0,1.0,2.0,1.0,0.0,0.0,2.0,2.0,2.0,0.0,0.0,0.0,2.0,2.0,1.0,2.0,2.0,2.0,0.0,1.0,2.0,0.0,0.0,2.0,1.0,1.0,2.0,1.0,1.0,1.0,1.0,2.0,0.0,0.0,0.0,2.0,0.0,0.0,1.0,1.0,1.0,1.0,1.0,1.0,0.0,1.0,2.0,2.0,2.0,1.0,0.0,0.0,2.0,0.0,2.0,1.0,1.0,0.0,2.0,2.0,1.0,2.0,0.0,2.0,2.0,1.0,0.0,1.0,1.0,0.0,2.0,2.0,0.0,1.0,0.0,1.0,0.0,1.0,2.0,0.0,2.0,0.0,1.0,0.0,2.0,0.0,1.0,2.0,2.0,2.0,1.0,2.0,1.0,2.0,1.0,2.0,1.0,2.0,1.0,2.0
5259,2.0,0.0,0.0,2.0,1.0,0.0,0.0,1.0,0.0,1.0,2.0,0.0,1.0,1.0,2.0,2.0,2.0,2.0,2.0,0.0,2.0,0.0,0.0,0.0,2.0,1.0,2.0,0.0,0.0,1.0,0.0,1.0,2.0,0.0,1.0,1.0,0.0,2.0,0.0,2.0,2.0,2.0,1.0,1.0,0.0,1.0,2.0,1.0,1.0,0.0,0.0,0.0,2.0,0.0,2.0,1.0,2.0,0.0,2.0,2.0,2.0,2.0,0.0,2.0,2.0,0.0,0.0,1.0,2.0,0.0,2.0,2.0,1.0,0.0,1.0,1.0,1.0,0.0,1.0,0.0,0.0,1.0,1.0,0.0,2.0,0.0,1.0,0.0,1.0,2.0,2.0,1.0,0.0,2.0,1.0,2.0,1.0,2.0,0.0,1.0
5262,2.0,0.0,2.0,0.0,1.0,0.0,1.0,1.0,0.0,0.0,1.0,0.0,2.0,1.0,1.0,2.0,2.0,1.0,2.0,0.0,2.0,0.0,1.0,0.0,2.0,1.0,2.0,1.0,1.0,2.0,0.0,0.0,1.0,0.0,1.0,1.0,2.0,1.0,1.0,1.0,2.0,2.0,1.0,2.0,0.0,1.0,2.0,2.0,1.0,1.0,0.0,0.0,2.0,0.0,2.0,1.0,2.0,0.0,2.0,1.0,1.0,2.0,0.0,2.0,2.0,0.0,1.0,1.0,1.0,1.0,2.0,1.0,0.0,1.0,1.0,1.0,0.0,0.0,1.0,0.0,0.0,2.0,0.0,2.0,2.0,1.0,1.0,0.0,1.0,2.0,2.0,2.0,0.0,2.0,0.0,2.0,1.0,2.0,0.0,0.0
5263,2.0,1.0,0.0,0.0,0.0,0.0,1.0,2.0,2.0,0.0,0.0,0.0,1.0,2.0,2.0,2.0,2.0,0.0,2.0,1.0,1.0,0.0,1.0,1.0,2.0,0.0,2.0,1.0,2.0,1.0,0.0,2.0,1.0,0.0,1.0,2.0,1.0,1.0,0.0,1.0,2.0,0.0,2.0,0.0,0.0,0.0,2.0,2.0,1.0,1.0,0.0,0.0,1.0,0.0,1.0,0.0,2.0,0.0,2.0,2.0,1.0,2.0,0.0,0.0,2.0,0.0,2.0,1.0,1.0,0.0,1.0,2.0,0.0,2.0,0.0,0.0,1.0,0.0,1.0,0.0,1.0,0.0,0.0,1.0,2.0,2.0,2.0,2.0,1.0,2.0,1.0,1.0,1.0,2.0,2.0,2.0,2.0,2.0,2.0,1.0
5268,2.0,0.0,0.0,2.0,1.0,0.0,0.0,1.0,1.0,0.0,1.0,0.0,2.0,2.0,2.0,2.0,2.0,1.0,1.0,0.0,1.0,0.0,1.0,0.0,2.0,1.0,2.0,1.0,1.0,2.0,0.0,1.0,1.0,0.0,0.0,1.0,0.0,2.0,1.0,1.0,2.0,1.0,2.0,0.0,0.0,0.0,2.0,2.0,2.0,0.0,0.0,0.0,2.0,0.0,1.0,1.0,2.0,0.0,2.0,1.0,2.0,2.0,0.0,2.0,2.0,0.0,1.0,2.0,1.0,0.0,2.0,2.0,0.0,0.0,1.0,1.0,2.0,0.0,1.0,0.0,1.0,1.0,1.0,1.0,2.0,2.0,2.0,2.0,1.0,2.0,1.0,2.0,0.0,2.0,0.0,2.0,1.0,2.0,1.0,0.0
5270,2.0,1.0,2.0,0.0,1.0,0.0,2.0,2.0,2.0,1.0,0.0,1.0,1.0,1.0,1.0,2.0,2.0,2.0,1.0,0.0,2.0,0.0,1.0,1.0,2.0,1.0,2.0,1.0,1.0,2.0,0.0,1.0,2.0,1.0,1.0,1.0,2.0,2.0,2.0,2.0,2.0,1.0,2.0,1.0,0.0,0.0,2.0,1.0,1.0,0.0,0.0,0.0,2.0,0.0,2.0,2.0,2.0,0.0,2.0,2.0,2.0,2.0,0.0,0.0,2.0,0.0,1.0,2.0,2.0,2.0,1.0,2.0,1.0,0.0,1.0,0.0,1.0,0.0,0.0,0.0,2.0,1.0,0.0,0.0,2.0,0.0,1.0,1.0,1.0,2.0,1.0,1.0,1.0,2.0,2.0,2.0,0.0,2.0,1.0,0.0
5272,2.0,0.0,1.0,1.0,0.0,0.0,1.0,2.0,0.0,0.0,1.0,1.0,1.0,0.0,1.0,2.0,2.0,1.0,2.0,1.0,2.0,0.0,1.0,0.0,2.0,2.0,2.0,1.0,2.0,1.0,0.0,1.0,1.0,0.0,1.0,1.0,1.0,2.0,1.0,2.0,2.0,1.0,1.0,2.0,0.0,0.0,2.0,2.0,2.0,1.0,0.0,0.0,2.0,0.0,1.0,0.0,2.0,0.0,1.0,2.0,1.0,2.0,0.0,1.0,2.0,0.0,2.0,1.0,2.0,0.0,2.0,2.0,0.0,0.0,1.0,1.0,0.0,0.0,0.0,0.0,2.0,0.0,1.0,2.0,2.0,0.0,2.0,0.0,0.0,2.0,2.0,2.0,0.0,2.0,1.0,1.0,0.0,2.0,0.0,1.0
5284,1.0,0.0,1.0,1.0,0.0,0.0,1.0,2.0,2.0,1.0,1.0,1.0,0.0,1.0,2.0,2.0,2.0,1.0,1.0,1.0,2.0,0.0,1.0,0.0,1.0,2.0,1.0,0.0,0.0,1.0,1.0,1.0,2.0,1.0,0.0,2.0,0.0,0.0,2.0,2.0,2.0,1.0,2.0,1.0,0.0,0.0,2.0,1.0,1.0,0.0,1.0,0.0,2.0,0.0,2.0,1.0,1.0,0.0,2.0,2.0,1.0,2.0,0.0,2.0,2.0,1.0,0.0,2.0,0.0,1.0,2.0,2.0,0.0,1.0,1.0,1.0,1.0,1.0,1.0,0.0,2.0,1.0,1.0,1.0,2.0,0.0,0.0,1.0,1.0,2.0,1.0,2.0,0.0,2.0,2.0,2.0,0.0,2.0,1.0,1.0
5292,1.0,1.0,2.0,0.0,0.0,1.0,1.0,1.0,1.0,0.0,1.0,0.0,1.0,2.0,2.0,2.0,2.0,2.0,1.0,0.0,2.0,0.0,0.0,1.0,2.0,1.0,2.0,1.0,2.0,1.0,1.0,1.0,1.0,0.0,1.0,2.0,1.0,1.0,2.0,2.0,2.0,0.0,2.0,2.0,0.0,0.0,2.0,2.0,2.0,0.0,1.0,0.0,2.0,0.0,1.0,1.0,1.0,0.0,2.0,1.0,1.0,2.0,0.0,2.0,2.0,1.0,2.0,1.0,1.0,0.0,2.0,1.0,0.0,1.0,1.0,0.0,1.0,0.0,0.0,0.0,2.0,0.0,0.0,1.0,2.0,1.0,0.0,1.0,1.0,1.0,2.0,2.0,1.0,2.0,2.0,2.0,1.0,2.0,1.0,1.0
5295,2.0,1.0,2.0,2.0,0.0,0.0,1.0,1.0,1.0,1.0,2.0,0.0,1.0,0.0,2.0,2.0,2.0,1.0,2.0,0.0,2.0,0.0,1.0,1.0,2.0,0.0,2.0,2.0,2.0,1.0,0.0,2.0,1.0,0.0,1.0,2.0,0.0,2.0,0.0,1.0,2.0,2.0,1.0,2.0,0.0,0.0,2.0,1.0,1.0,0.0,0.0,0.0,2.0,0.0,2.0,0.0,1.0,0.0,2.0,2.0,0.0,2.0,1.0,1.0,2.0,0.0,1.0,0.0,1.0,0.0,1.0,1.0,0.0,0.0,2.0,1.0,0.0,0.0,1.0,0.0,1.0,1.0,0.0,1.0,2.0,1.0,2.0,0.0,1.0,2.0,2.0,2.0,0.0,2.0,1.0,2.0,2.0,2.0,0.0,0.0
5297,2.0,0.0,2.0,1.0,0.0,1.0,2.0,2.0,2.0,0.0,0.0,0.0,1.0,2.0,2.0,2.0,2.0,2.0,0.0,0.0,2.0,0.0,2.0,1.0,2.0,1.0,1.0,1.0,2.0,2.0,0.0,2.0,0.0,0.0,1.0,1.0,2.0,0.0,2.0,1.0,1.0,1.0,2.0,1.0,0.0,1.0,2.0,2.0,2.0,0.0,0.0,0.0,2.0,0.0,2.0,2.0,0.0,0.0,2.0,1.0,1.0,1.0,0.0,1.0,2.0,0.0,1.0,0.0,1.0,0.0,1.0,2.0,0.0,0.0,0.0,0.0,2.0,0.0,0.0,0.0,2.0,1.0,0.0,2.0,2.0,0.0,2.0,1.0,1.0,1.0,2.0,2.0,2.0,1.0,2.0,2.0,1.0,2.0,2.0,2.0
5298,1.0,0.0,2.0,0.0,1.0,0.0,2.0,1.0,2.0,0.0,1.0,1.0,2.0,2.0,2.0,1.0,2.0,1.0,0.0,0.0,2.0,0.0,1.0,1.0,1.0,0.0,1.0,1.0,2.0,1.0,1.0,2.0,2.0,0.0,1.0,2.0,1.0,1.0,1.0,2.0,2.0,1.0,1.0,2.0,0.0,1.0,2.0,2.0,1.0,0.0,1.0,0.0,2.0,0.0,2.0,0.0,1.0,0.0,2.0,1.0,0.0,2.0,0.0,1.0,2.0,1.0,2.0,2.0,1.0,1.0,2.0,2.0,1.0,1.0,0.0,0.0,1.0,1.0,2.0,0.0,2.0,0.0,1.0,0.0,2.0,0.0,1.0,0.0,1.0,1.0,2.0,2.0,0.0,2.0,1.0,1.0,1.0,2.0,2.0,2.0
5300,1.0,0.0,2.0,2.0,0.0,0.0,1.0,2.0,2.0,0.0,1.0,0.0,1.0,1.0,2.0,1.0,2.0,1.0,1.0,0.0,2.0,0.0,1.0,0.0,2.0,0.0,2.0,1.0,0.0,1.0,0.0,0.0,2.0,1.0,1.0,2.0,1.0,1.0,2.0,2.0,2.0,2.0,1.0,1.0,0.0,0.0,2.0,1.0,1.0,1.0,0.0,0.0,2.0,0.0,2.0,2.0,1.0,0.0,2.0,1.0,1.0,2.0,1.0,2.0,2.0,0.0,2.0,1.0,1.0,0.0,2.0,1.0,0.0,1.0,0.0,1.0,2.0,0.0,1.0,0.0,2.0,0.0,1.0,1.0,2.0,0.0,1.0,1.0,1.0,1.0,1.0,2.0,0.0,2.0,2.0,2.0,0.0,2.0,2.0,1.0
5304,2.0,0.0,1.0,1.0,0.0,0.0,1.0,1.0,1.0,0.0,1.0,1.0,1.0,2.0,2.0,2.0,2.0,1.0,1.0,1.0,1.0,0.0,0.0,0.0,2.0,0.0,2.0,0.0,1.0,1.0,0.0,0.0,1.0,1.0,0.0,1.0,1.0,1.0,1.0,2.0,2.0,1.0,1.0,0.0,0.0,1.0,2.0,2.0,0.0,1.0,0.0,0.0,2.0,0.0,2.0,1.0,1.0,0.0,2.0,2.0,0.0,2.0,0.0,0.0,2.0,0.0,0.0,2.0,1.0,0.0,1.0,2.0,0.0,1.0,1.0,2.0,1.0,0.0,1.0,0.0,1.0,1.0,1.0,2.0,2.0,0.0,2.0,1.0,1.0,2.0,2.0,2.0,0.0,2.0,1.0,2.0,0.0,2.0,0.0,0.0
5309,2.0,1.0,1.0,0.0,0.0,0.0,0.0,2.0,1.0,0.0,2.0,0.0,1.0,2.0,2.0,2.0,2.0,1.0,1.0,1.0,1.0,0.0,1.0,1.0,2.0,0.0,1.0,1.0,1.0,1.0,0.0,2.0,2.0,0.0,1.0,1.0,2.0,2.0,0.0,2.0,2.0,1.0,1.0,1.0,0.0,2.0,1.0,0.0,1.0,0.0,0.0,0.0,2.0,1.0,2.0,1.0,2.0,0.0,1.0,2.0,0.0,2.0,0.0,2.0,2.0,0.0,2.0,0.0,1.0,0.0,2.0,2.0,0.0,0.0,0.0,1.0,2.0,1.0,0.0,0.0,2.0,0.0,1.0,2.0,2.0,1.0,2.0,1.0,1.0,2.0,1.0,1.0,0.0,2.0,2.0,0.0,1.0,2.0,0.0,0.0
5328,2.0,0.0,1.0,0.0,1.0,0.0,2.0,2.0,2.0,0.0,1.0,1.0,1.0,2.0,2.0,1.0,1.0,1.0,2.0,0.0,2.0,0.0,1.0,1.0,2.0,2.0,2.0,1.0,2.0,2.0,0.0,2.0,1.0,1.0,1.0,1.0,2.0,0.0,1.0,0.0,2.0,2.0,0.0,2.0,0.0,0.0,2.0,1.0,2.0,0.0,0.0,0.0,2.0,0.0,2.0,1.0,2.0,0.0,2.0,1.0,1.0,2.0,0.0,2.0,2.0,0.0,1.0,2.0,1.0,2.0,2.0,2.0,1.0,1.0,1.0,0.0,1.0,0.0,1.0,0.0,1.0,0.0,0.0,1.0,2.0,0.0,1.0,2.0,2.0,2.0,0.0,2.0,0.0,2.0,2.0,2.0,1.0,2.0,0.0,0.0
5336,1.0,2.0,2.0,0.0,1.0,0.0,0.0,1.0,2.0,0.0,2.0,0.0,2.0,2.0,2.0,2.0,2.0,1.0,1.0,1.0,2.0,0.0,2.0,1.0,2.0,2.0,2.0,2.0,1.0,2.0,0.0,2.0,2.0,1.0,1.0,1.0,2.0,2.0,1.0,0.0,2.0,0.0,1.0,1.0,0.0,1.0,2.0,1.0,2.0,1.0,0.0,0.0,2.0,0.0,1.0,0.0,2.0,0.0,2.0,1.0,0.0,2.0,0.0,0.0,2.0,0.0,1.0,0.0,1.0,0.0,2.0,2.0,0.0,0.0,0.0,0.0,1.0,0.0,0.0,0.0,1.0,0.0,0.0,1.0,2.0,1.0,2.0,1.0,1.0,2.0,0.0,2.0,0.0,2.0,1.0,2.0,1.0,2.0,1.0,0.0
5337,1.0,0.0,1.0,1.0,1.0,0.0,1.0,1.0,2.0,0.0,2.0,1.0,1.0,2.0,1.0,2.0,1.0,2.0,1.0,1.0,2.0,0.0,2.0,1.0,2.0,1.0,2.0,1.0,1.0,0.0,0.0,1.0,1.0,0.0,0.0,1.0,2.0,1.0,2.0,1.0,2.0,1.0,2.0,2.0,0.0,1.0,2.0,2.0,2.0,0.0,0.0,0.0,2.0,0.0,1.0,1.0,2.0,0.0,2.0,1.0,1.0,2.0,0.0,1.0,2.0,0.0,2.0,1.0,1.0,2.0,2.0,2.0,0.0,0.0,0.0,0.0,0.0,0.0,0.0,0.0,2.0,0.0,0.0,0.0,2.0,1.0,2.0,1.0,1.0,1.0,0.0,0.0,0.0,2.0,2.0,2.0,0.0,2.0,1.0,1.0
5338,2.0,0.0,1.0,1.0,0.0,0.0,0.0,0.0,2.0,0.0,0.0,0.0,1.0,2.0,1.0,2.0,2.0,0.0,2.0,0.0,2.0,0.0,1.0,1.0,2.0,0.0,2.0,1.0,2.0,2.0,0.0,2.0,0.0,0.0,2.0,1.0,1.0,1.0,1.0,0.0,2.0,2.0,2.0,2.0,0.0,1.0,2.0,2.0,1.0,2.0,0.0,0.0,2.0,0.0,1.0,2.0,2.0,0.0,2.0,2.0,1.0,1.0,0.0,1.0,2.0,0.0,1.0,0.0,1.0,0.0,2.0,0.0,0.0,1.0,0.0,1.0,1.0,0.0,1.0,0.0,1.0,1.0,0.0,1.0,2.0,2.0,2.0,1.0,2.0,2.0,1.0,2.0,0.0,2.0,1.0,2.0,2.0,2.0,1.0,0.0
5351,1.0,0.0,2.0,2.0,0.0,0.0,1.0,2.0,1.0,0.0,2.0,1.0,2.0,2.0,2.0,2.0,1.0,0.0,1.0,1.0,1.0,0.0,1.0,2.0,2.0,1.0,2.0,0.0,2.0,2.0,0.0,2.0,2.0,0.0,1.0,2.0,1.0,2.0,2.0,2.0,2.0,0.0,2.0,1.0,0.0,1.0,2.0,2.0,1.0,1.0,0.0,0.0,2.0,0.0,2.0,1.0,2.0,0.0,2.0,2.0,2.0,2.0,1.0,1.0,2.0,1.0,1.0,1.0,1.0,1.0,2.0,2.0,0.0,0.0,1.0,1.0,2.0,0.0,0.0,0.0,2.0,0.0,0.0,1.0,2.0,1.0,1.0,1.0,0.0,1.0,1.0,1.0,0.0,1.0,1.0,1.0,1.0,2.0,1.0,1.0
5352,2.0,1.0,1.0,2.0,0.0,0.0,1.0,2.0,2.0,0.0,1.0,1.0,2.0,1.0,1.0,2.0,1.0,1.0,1.0,0.0,2.0,0.0,1.0,0.0,2.0,1.0,2.0,0.0,1.0,2.0,0.0,1.0,1.0,0.0,2.0,2.0,1.0,1.0,2.0,1.0,2.0,1.0,2.0,0.0,0.0,2.0,2.0,2.0,1.0,0.0,0.0,0.0,2.0,0.0,2.0,1.0,2.0,1.0,2.0,2.0,1.0,2.0,1.0,1.0,2.0,1.0,0.0,1.0,1.0,0.0,2.0,2.0,0.0,1.0,1.0,1.0,1.0,0.0,0.0,0.0,1.0,0.0,0.0,2.0,2.0,2.0,1.0,2.0,1.0,1.0,1.0,1.0,0.0,2.0,2.0,2.0,1.0,2.0,2.0,0.0
5353,2.0,1.0,1.0,1.0,0.0,1.0,2.0,1.0,1.0,0.0,0.0,0.0,0.0,2.0,2.0,2.0,1.0,1.0,2.0,1.0,0.0,0.0,0.0,0.0,2.0,1.0,2.0,1.0,0.0,2.0,0.0,1.0,0.0,0.0,0.0,0.0,1.0,1.0,1.0,1.0,2.0,0.0,1.0,1.0,0.0,0.0,2.0,2.0,1.0,1.0,0.0,0.0,2.0,0.0,2.0,1.0,2.0,0.0,2.0,2.0,0.0,2.0,1.0,1.0,2.0,0.0,0.0,0.0,1.0,1.0,1.0,1.0,0.0,1.0,0.0,1.0,0.0,0.0,0.0,0.0,2.0,1.0,0.0,1.0,2.0,0.0,2.0,2.0,1.0,2.0,1.0,2.0,0.0,2.0,0.0,1.0,1.0,2.0,1.0,1.0
5356,0.0,0.0,0.0,1.0,1.0,0.0,0.0,1.0,1.0,0.0,0.0,0.0,1.0,1.0,2.0,2.0,2.0,1.0,1.0,1.0,0.0,0.0,1.0,0.0,2.0,1.0,1.0,2.0,2.0,1.0,0.0,1.0,1.0,1.0,0.0,1.0,2.0,2.0,1.0,1.0,2.0,0.0,2.0,0.0,0.0,1.0,2.0,2.0,1.0,1.0,0.0,0.0,2.0,0.0,2.0,0.0,2.0,0.0,2.0,1.0,1.0,2.0,0.0,2.0,2.0,0.0,2.0,1.0,1.0,0.0,1.0,2.0,0.0,0.0,1.0,1.0,0.0,0.0,1.0,0.0,2.0,0.0,0.0,0.0,2.0,1.0,1.0,0.0,1.0,2.0,0.0,2.0,0.0,2.0,0.0,2.0,2.0,2.0,1.0,0.0
5362,1.0,1.0,2.0,1.0,0.0,0.0,0.0,1.0,2.0,0.0,2.0,1.0,1.0,2.0,2.0,2.0,0.0,2.0,1.0,1.0,1.0,0.0,1.0,2.0,2.0,0.0,2.0,1.0,1.0,2.0,0.0,2.0,1.0,0.0,1.0,1.0,1.0,1.0,2.0,1.0,2.0,1.0,1.0,1.0,0.0,1.0,2.0,2.0,0.0,1.0,0.0,0.0,1.0,0.0,2.0,1.0,2.0,0.0,2.0,2.0,2.0,2.0,1.0,1.0,2.0,0.0,0.0,1.0,1.0,2.0,2.0,2.0,0.0,1.0,1.0,0.0,0.0,0.0,1.0,0.0,2.0,0.0,0.0,1.0,2.0,2.0,1.0,2.0,1.0,1.0,0.0,1.0,0.0,2.0,1.0,2.0,1.0,2.0,2.0,0.0
5366,1.0,2.0,2.0,1.0,0.0,0.0,1.0,2.0,1.0,0.0,0.0,1.0,2.0,0.0,2.0,2.0,2.0,1.0,2.0,0.0,1.0,0.0,2.0,0.0,2.0,0.0,1.0,2.0,1.0,1.0,0.0,1.0,2.0,1.0,1.0,1.0,0.0,0.0,2.0,1.0,2.0,0.0,2.0,2.0,0.0,2.0,2.0,2.0,1.0,1.0,0.0,0.0,2.0,0.0,1.0,0.0,1.0,0.0,2.0,2.0,1.0,2.0,0.0,2.0,2.0,0.0,2.0,2.0,1.0,0.0,2.0,1.0,0.0,2.0,0.0,1.0,2.0,0.0,0.0,0.0,2.0,0.0,0.0,0.0,2.0,0.0,1.0,1.0,1.0,2.0,1.0,2.0,0.0,2.0,2.0,1.0,0.0,1.0,0.0,1.0
5367,1.0,0.0,2.0,0.0,1.0,0.0,0.0,2.0,2.0,0.0,1.0,2.0,1.0,2.0,2.0,1.0,2.0,1.0,2.0,0.0,1.0,0.0,2.0,1.0,2.0,1.0,2.0,1.0,2.0,1.0,0.0,1.0,2.0,0.0,2.0,1.0,2.0,2.0,1.0,1.0,2.0,1.0,2.0,1.0,0.0,1.0,2.0,2.0,2.0,1.0,0.0,0.0,2.0,0.0,2.0,2.0,2.0,0.0,2.0,2.0,0.0,2.0,0.0,2.0,2.0,0.0,1.0,0.0,2.0,1.0,2.0,1.0,0.0,0.0,0.0,0.0,0.0,0.0,1.0,0.0,2.0,1.0,0.0,0.0,2.0,1.0,2.0,1.0,2.0,2.0,0.0,2.0,0.0,2.0,2.0,2.0,0.0,2.0,0.0,0.0
5368,2.0,0.0,2.0,1.0,0.0,0.0,1.0,2.0,1.0,0.0,2.0,1.0,2.0,2.0,2.0,2.0,2.0,0.0,1.0,1.0,1.0,0.0,0.0,1.0,2.0,0.0,1.0,1.0,2.0,1.0,0.0,1.0,1.0,1.0,1.0,1.0,1.0,2.0,2.0,1.0,2.0,1.0,2.0,1.0,0.0,1.0,2.0,1.0,0.0,1.0,0.0,0.0,2.0,0.0,1.0,0.0,2.0,0.0,2.0,2.0,0.0,2.0,0.0,1.0,2.0,0.0,0.0,1.0,1.0,2.0,2.0,2.0,0.0,0.0,2.0,1.0,0.0,0.0,0.0,0.0,1.0,0.0,0.0,0.0,2.0,1.0,1.0,2.0,1.0,1.0,1.0,1.0,1.0,2.0,1.0,1.0,2.0,2.0,2.0,0.0
5372,2.0,0.0,2.0,1.0,1.0,1.0,1.0,1.0,2.0,0.0,0.0,1.0,0.0,2.0,2.0,2.0,2.0,1.0,2.0,0.0,2.0,0.0,1.0,1.0,2.0,1.0,2.0,2.0,1.0,0.0,0.0,1.0,2.0,1.0,1.0,1.0,1.0,2.0,1.0,1.0,2.0,1.0,1.0,2.0,0.0,2.0,2.0,2.0,1.0,1.0,0.0,0.0,2.0,0.0,2.0,1.0,2.0,0.0,2.0,2.0,0.0,2.0,0.0,2.0,2.0,0.0,1.0,1.0,2.0,0.0,2.0,1.0,0.0,0.0,0.0,0.0,1.0,0.0,0.0,0.0,2.0,0.0,0.0,2.0,2.0,1.0,2.0,1.0,1.0,2.0,1.0,2.0,0.0,2.0,2.0,2.0,1.0,2.0,1.0,1.0
5374,2.0,0.0,1.0,1.0,0.0,1.0,0.0,1.0,2.0,0.0,1.0,0.0,0.0,2.0,0.0,2.0,2.0,2.0,1.0,0.0,0.0,0.0,2.0,1.0,2.0,1.0,2.0,1.0,0.0,1.0,0.0,2.0,1.0,1.0,0.0,1.0,1.0,0.0,0.0,1.0,2.0,1.0,2.0,1.0,0.0,0.0,2.0,2.0,1.0,1.0,0.0,0.0,2.0,0.0,2.0,1.0,2.0,0.0,2.0,1.0,0.0,2.0,0.0,2.0,2.0,1.0,0.0,2.0,1.0,1.0,2.0,2.0,0.0,1.0,1.0,0.0,1.0,0.0,0.0,0.0,1.0,1.0,0.0,2.0,2.0,0.0,2.0,0.0,1.0,2.0,1.0,2.0,0.0,2.0,0.0,2.0,2.0,2.0,0.0,0.0
5381,2.0,1.0,2.0,0.0,2.0,0.0,2.0,2.0,2.0,0.0,2.0,1.0,2.0,2.0,2.0,2.0,2.0,1.0,1.0,1.0,2.0,0.0,1.0,0.0,2.0,0.0,2.0,1.0,2.0,0.0,1.0,2.0,0.0,1.0,0.0,1.0,1.0,2.0,1.0,1.0,2.0,0.0,1.0,1.0,0.0,0.0,2.0,1.0,0.0,1.0,0.0,0.0,2.0,0.0,2.0,0.0,1.0,0.0,2.0,2.0,1.0,2.0,1.0,2.0,2.0,0.0,1.0,0.0,2.0,1.0,2.0,0.0,0.0,0.0,0.0,0.0,1.0,0.0,1.0,0.0,2.0,1.0,0.0,1.0,2.0,0.0,1.0,1.0,1.0,2.0,2.0,1.0,0.0,2.0,2.0,2.0,1.0,2.0,1.0,0.0
5385,2.0,0.0,1.0,1.0,1.0,0.0,2.0,2.0,1.0,1.0,1.0,0.0,2.0,1.0,1.0,2.0,2.0,1.0,1.0,0.0,2.0,0.0,0.0,1.0,2.0,1.0,1.0,2.0,1.0,1.0,0.0,1.0,1.0,0.0,2.0,1.0,1.0,2.0,1.0,1.0,2.0,0.0,2.0,1.0,0.0,2.0,2.0,2.0,1.0,0.0,0.0,0.0,2.0,0.0,2.0,1.0,1.0,0.0,2.0,2.0,1.0,2.0,0.0,2.0,2.0,0.0,0.0,1.0,2.0,1.0,2.0,1.0,0.0,0.0,1.0,2.0,1.0,0.0,1.0,0.0,2.0,1.0,1.0,1.0,2.0,0.0,2.0,0.0,0.0,2.0,1.0,2.0,0.0,2.0,2.0,1.0,1.0,2.0,0.0,0.0
5398,1.0,0.0,1.0,1.0,1.0,0.0,1.0,1.0,2.0,0.0,1.0,1.0,1.0,1.0,2.0,2.0,1.0,0.0,0.0,1.0,2.0,0.0,0.0,0.0,2.0,0.0,2.0,1.0,0.0,1.0,1.0,1.0,1.0,0.0,2.0,2.0,0.0,1.0,1.0,1.0,2.0,2.0,1.0,2.0,0.0,0.0,2.0,2.0,0.0,0.0,1.0,0.0,2.0,0.0,2.0,1.0,1.0,0.0,2.0,1.0,1.0,2.0,1.0,1.0,2.0,0.0,0.0,0.0,2.0,0.0,2.0,1.0,0.0,1.0,0.0,1.0,0.0,1.0,1.0,0.0,2.0,1.0,1.0,2.0,2.0,0.0,0.0,1.0,0.0,2.0,1.0,1.0,0.0,2.0,2.0,2.0,1.0,2.0,0.0,1.0
5411,2.0,0.0,2.0,1.0,0.0,0.0,2.0,1.0,1.0,1.0,0.0,0.0,2.0,2.0,1.0,1.0,2.0,0.0,0.0,1.0,2.0,0.0,2.0,0.0,2.0,0.0,2.0,1.0,2.0,2.0,0.0,1.0,0.0,1.0,0.0,1.0,0.0,2.0,1.0,1.0,2.0,1.0,2.0,1.0,1.0,1.0,2.0,0.0,2.0,0.0,0.0,0.0,1.0,0.0,2.0,0.0,1.0,0.0,2.0,2.0,0.0,2.0,0.0,1.0,2.0,0.0,1.0,1.0,0.0,2.0,1.0,2.0,0.0,0.0,2.0,0.0,0.0,0.0,2.0,0.0,2.0,0.0,0.0,1.0,2.0,1.0,0.0,2.0,1.0,1.0,1.0,2.0,0.0,2.0,2.0,2.0,2.0,2.0,0.0,0.0
5413,2.0,1.0,2.0,2.0,0.0,0.0,1.0,2.0,2.0,0.0,1.0,1.0,0.0,2.0,2.0,1.0,0.0,1.0,0.0,0.0,2.0,0.0,0.0,0.0,2.0,1.0,2.0,1.0,1.0,1.0,0.0,0.0,1.0,0.0,2.0,1.0,0.0,1.0,1.0,2.0,2.0,1.0,2.0,1.0,0.0,2.0,2.0,2.0,1.0,1.0,0.0,0.0,2.0,0.0,2.0,1.0,1.0,0.0,2.0,2.0,0.0,2.0,2.0,0.0,2.0,1.0,1.0,1.0,1.0,0.0,1.0,1.0,0.0,0.0,0.0,0.0,2.0,0.0,1.0,0.0,2.0,0.0,0.0,1.0,2.0,1.0,1.0,2.0,2.0,1.0,2.0,1.0,0.0,1.0,2.0,2.0,0.0,2.0,1.0,0.0
5414,2.0,0.0,0.0,1.0,1.0,0.0,1.0,2.0,2.0,1.0,1.0,0.0,1.0,2.0,1.0,1.0,2.0,0.0,1.0,2.0,2.0,1.0,1.0,0.0,2.0,0.0,1.0,2.0,2.0,1.0,1.0,1.0,1.0,0.0,0.0,1.0,2.0,1.0,2.0,1.0,2.0,2.0,2.0,1.0,0.0,0.0,2.0,0.0,1.0,0.0,1.0,0.0,2.0,0.0,2.0,0.0,2.0,0.0,2.0,2.0,0.0,2.0,0.0,0.0,2.0,0.0,1.0,2.0,0.0,2.0,2.0,1.0,0.0,1.0,1.0,0.0,0.0,0.0,0.0,0.0,2.0,0.0,0.0,1.0,1.0,0.0,2.0,2.0,1.0,2.0,1.0,1.0,1.0,1.0,2.0,1.0,2.0,2.0,2.0,1.0
5426,1.0,0.0,1.0,1.0,0.0,1.0,1.0,2.0,2.0,0.0,0.0,1.0,2.0,2.0,1.0,1.0,2.0,1.0,2.0,1.0,2.0,0.0,2.0,0.0,2.0,0.0,2.0,0.0,1.0,1.0,0.0,2.0,2.0,0.0,0.0,1.0,2.0,2.0,2.0,2.0,2.0,1.0,2.0,0.0,0.0,2.0,2.0,2.0,1.0,0.0,1.0,0.0,2.0,0.0,1.0,0.0,1.0,0.0,2.0,1.0,2.0,2.0,0.0,2.0,2.0,0.0,0.0,1.0,2.0,1.0,2.0,2.0,0.0,0.0,0.0,0.0,1.0,0.0,0.0,0.0,1.0,0.0,2.0,2.0,2.0,0.0,1.0,1.0,1.0,2.0,2.0,2.0,0.0,2.0,1.0,2.0,0.0,2.0,1.0,0.0
5432,2.0,0.0,2.0,1.0,1.0,0.0,2.0,2.0,1.0,0.0,2.0,1.0,2.0,2.0,1.0,1.0,2.0,1.0,1.0,1.0,2.0,1.0,1.0,1.0,2.0,0.0,2.0,0.0,1.0,1.0,0.0,2.0,1.0,0.0,0.0,0.0,1.0,2.0,1.0,2.0,2.0,1.0,2.0,1.0,0.0,2.0,2.0,2.0,2.0,0.0,0.0,0.0,2.0,0.0,2.0,0.0,0.0,0.0,2.0,1.0,0.0,2.0,0.0,1.0,2.0,0.0,1.0,1.0,1.0,1.0,2.0,2.0,0.0,0.0,0.0,0.0,1.0,0.0,1.0,0.0,2.0,1.0,2.0,1.0,2.0,0.0,1.0,2.0,1.0,2.0,1.0,1.0,1.0,2.0,2.0,1.0,1.0,2.0,1.0,1.0
5434,1.0,1.0,1.0,0.0,0.0,0.0,1.0,2.0,2.0,1.0,1.0,1.0,1.0,2.0,1.0,0.0,2.0,0.0,0.0,1.0,2.0,0.0,2.0,1.0,1.0,0.0,2.0,0.0,1.0,2.0,1.0,2.0,1.0,0.0,0.0,2.0,1.0,1.0,2.0,2.0,2.0,1.0,2.0,0.0,0.0,1.0,2.0,2.0,1.0,0.0,2.0,0.0,2.0,0.0,2.0,0.0,1.0,0.0,2.0,1.0,2.0,2.0,2.0,2.0,2.0,1.0,0.0,1.0,1.0,0.0,2.0,1.0,0.0,0.0,1.0,1.0,1.0,1.0,1.0,0.0,2.0,1.0,1.0,2.0,2.0,2.0,1.0,2.0,1.0,2.0,1.0,1.0,1.0,2.0,2.0,2.0,0.0,2.0,1.0,1.0
5439,1.0,0.0,1.0,1.0,0.0,0.0,1.0,1.0,2.0,2.0,1.0,1.0,2.0,2.0,1.0,1.0,2.0,0.0,1.0,1.0,1.0,0.0,1.0,0.0,2.0,0.0,1.0,1.0,1.0,1.0,0.0,2.0,0.0,1.0,0.0,2.0,0.0,1.0,1.0,1.0,2.0,1.0,2.0,1.0,0.0,0.0,1.0,1.0,1.0,1.0,0.0,0.0,2.0,0.0,2.0,0.0,2.0,0.0,2.0,2.0,1.0,2.0,1.0,2.0,2.0,0.0,0.0,2.0,0.0,1.0,1.0,0.0,0.0,1.0,2.0,0.0,0.0,0.0,1.0,0.0,2.0,0.0,1.0,2.0,2.0,1.0,1.0,2.0,1.0,2.0,0.0,2.0,1.0,1.0,2.0,1.0,2.0,2.0,1.0,0.0
5442,2.0,2.0,2.0,2.0,0.0,0.0,2.0,2.0,2.0,0.0,1.0,2.0,2.0,1.0,2.0,0.0,1.0,0.0,0.0,1.0,2.0,0.0,2.0,1.0,2.0,0.0,1.0,0.0,2.0,1.0,0.0,1.0,1.0,0.0,0.0,1.0,0.0,2.0,2.0,0.0,2.0,1.0,2.0,0.0,0.0,0.0,2.0,2.0,0.0,1.0,1.0,0.0,2.0,0.0,2.0,0.0,2.0,0.0,2.0,1.0,0.0,2.0,1.0,2.0,2.0,0.0,1.0,0.0,1.0,2.0,1.0,2.0,0.0,0.0,1.0,0.0,1.0,0.0,0.0,0.0,2.0,1.0,0.0,1.0,2.0,2.0,0.0,2.0,2.0,2.0,2.0,1.0,1.0,2.0,2.0,1.0,1.0,2.0,2.0,0.0
5443,1.0,0.0,0.0,1.0,0.0,0.0,2.0,1.0,1.0,0.0,2.0,0.0,1.0,2.0,2.0,1.0,2.0,0.0,2.0,2.0,1.0,0.0,1.0,1.0,2.0,0.0,2.0,0.0,2.0,0.0,0.0,2.0,2.0,0.0,2.0,0.0,2.0,2.0,1.0,2.0,2.0,1.0,1.0,1.0,0.0,2.0,2.0,2.0,1.0,0.0,1.0,0.0,2.0,0.0,2.0,0.0,2.0,1.0,2.0,2.0,0.0,1.0,1.0,0.0,2.0,0.0,1.0,2.0,2.0,0.0,2.0,1.0,0.0,0.0,0.0,0.0,0.0,0.0,2.0,0.0,0.0,0.0,1.0,2.0,2.0,0.0,0.0,2.0,0.0,2.0,1.0,1.0,0.0,2.0,0.0,2.0,0.0,2.0,1.0,1.0
5449,1.0,0.0,1.0,1.0,0.0,0.0,1.0,1.0,2.0,1.0,1.0,1.0,1.0,2.0,1.0,1.0,2.0,1.0,1.0,1.0,2.0,0.0,0.0,0.0,2.0,1.0,2.0,0.0,1.0,1.0,1.0,2.0,2.0,0.0,1.0,1.0,1.0,2.0,2.0,1.0,2.0,1.0,2.0,1.0,0.0,1.0,2.0,1.0,0.0,0.0,1.0,0.0,2.0,0.0,2.0,1.0,0.0,0.0,1.0,1.0,2.0,1.0,2.0,2.0,2.0,1.0,1.0,0.0,2.0,0.0,2.0,2.0,0.0,0.0,0.0,1.0,1.0,1.0,0.0,0.0,1.0,1.0,1.0,1.0,2.0,0.0,1.0,2.0,0.0,2.0,0.0,1.0,0.0,1.0,2.0,2.0,1.0,2.0,1.0,0.0
5453,1.0,2.0,1.0,0.0,0.0,0.0,2.0,2.0,2.0,1.0,1.0,0.0,2.0,2.0,1.0,1.0,2.0,1.0,2.0,0.0,2.0,1.0,2.0,0.0,2.0,0.0,0.0,1.0,2.0,2.0,0.0,0.0,0.0,0.0,0.0,1.0,1.0,2.0,1.0,1.0,2.0,1.0,2.0,1.0,0.0,2.0,1.0,2.0,2.0,0.0,1.0,0.0,1.0,0.0,2.0,1.0,2.0,0.0,2.0,2.0,0.0,2.0,0.0,2.0,2.0,0.0,0.0,0.0,1.0,1.0,1.0,1.0,0.0,0.0,1.0,1.0,0.0,0.0,1.0,1.0,2.0,1.0,1.0,1.0,2.0,1.0,2.0,2.0,0.0,2.0,2.0,2.0,1.0,2.0,2.0,2.0,2.0,2.0,0.0,1.0
5454,2.0,0.0,1.0,0.0,0.0,0.0,2.0,1.0,2.0,0.0,1.0,2.0,2.0,2.0,1.0,1.0,2.0,2.0,0.0,1.0,2.0,1.0,2.0,0.0,1.0,0.0,2.0,1.0,0.0,2.0,2.0,2.0,1.0,0.0,0.0,1.0,0.0,0.0,2.0,0.0,2.0,2.0,1.0,1.0,0.0,1.0,2.0,2.0,0.0,0.0,0.0,0.0,2.0,0.0,2.0,0.0,1.0,0.0,2.0,0.0,1.0,2.0,0.0,2.0,2.0,2.0,1.0,1.0,2.0,0.0,2.0,2.0,0.0,2.0,0.0,0.0,0.0,2.0,1.0,0.0,2.0,1.0,0.0,0.0,2.0,2.0,0.0,2.0,2.0,1.0,2.0,1.0,0.0,2.0,2.0,1.0,0.0,2.0,0.0,1.0
5456,2.0,1.0,2.0,1.0,1.0,0.0,1.0,2.0,2.0,1.0,2.0,0.0,2.0,2.0,2.0,2.0,2.0,1.0,1.0,0.0,1.0,0.0,1.0,0.0,2.0,0.0,2.0,2.0,1.0,1.0,1.0,2.0,2.0,0.0,1.0,1.0,1.0,2.0,0.0,2.0,2.0,1.0,1.0,1.0,0.0,0.0,2.0,2.0,2.0,0.0,0.0,0.0,2.0,0.0,2.0,0.0,2.0,0.0,2.0,2.0,0.0,2.0,1.0,2.0,2.0,0.0,1.0,0.0,0.0,0.0,2.0,2.0,0.0,0.0,0.0,0.0,1.0,1.0,1.0,0.0,2.0,0.0,1.0,2.0,2.0,1.0,1.0,1.0,2.0,1.0,2.0,1.0,0.0,2.0,1.0,2.0,2.0,2.0,0.0,0.0
5457,2.0,1.0,1.0,2.0,0.0,1.0,1.0,1.0,2.0,0.0,1.0,1.0,0.0,2.0,2.0,1.0,2.0,2.0,1.0,0.0,1.0,0.0,0.0,0.0,2.0,1.0,2.0,1.0,0.0,2.0,0.0,1.0,1.0,1.0,1.0,2.0,0.0,2.0,1.0,0.0,2.0,0.0,1.0,1.0,0.0,2.0,2.0,2.0,1.0,2.0,0.0,0.0,2.0,0.0,2.0,1.0,2.0,0.0,2.0,0.0,2.0,2.0,1.0,2.0,2.0,0.0,1.0,2.0,1.0,0.0,2.0,2.0,0.0,0.0,1.0,0.0,1.0,0.0,1.0,0.0,2.0,0.0,0.0,1.0,2.0,1.0,1.0,0.0,0.0,2.0,0.0,1.0,0.0,1.0,1.0,2.0,0.0,2.0,0.0,1.0
5461,2.0,0.0,2.0,1.0,0.0,0.0,2.0,1.0,2.0,1.0,0.0,0.0,1.0,2.0,2.0,2.0,1.0,0.0,1.0,1.0,2.0,0.0,1.0,0.0,2.0,1.0,0.0,1.0,1.0,2.0,1.0,2.0,0.0,0.0,1.0,1.0,1.0,2.0,2.0,0.0,2.0,1.0,1.0,1.0,0.0,1.0,2.0,1.0,0.0,2.0,0.0,0.0,2.0,0.0,2.0,2.0,2.0,0.0,2.0,2.0,0.0,2.0,1.0,1.0,2.0,0.0,1.0,2.0,1.0,0.0,1.0,2.0,0.0,0.0,1.0,1.0,1.0,0.0,0.0,0.0,2.0,1.0,0.0,1.0,2.0,0.0,1.0,2.0,0.0,2.0,1.0,1.0,0.0,2.0,2.0,2.0,1.0,2.0,1.0,0.0
5462,1.0,1.0,2.0,1.0,0.0,0.0,2.0,1.0,2.0,0.0,1.0,1.0,2.0,2.0,2.0,2.0,2.0,1.0,0.0,0.0,2.0,0.0,2.0,0.0,1.0,0.0,2.0,0.0,2.0,0.0,0.0,2.0,2.0,0.0,1.0,1.0,2.0,1.0,2.0,2.0,2.0,0.0,2.0,0.0,0.0,0.0,2.0,2.0,2.0,0.0,0.0,0.0,2.0,0.0,2.0,1.0,1.0,1.0,2.0,2.0,1.0,2.0,1.0,2.0,2.0,0.0,1.0,1.0,0.0,2.0,1.0,1.0,0.0,1.0,0.0,1.0,0.0,1.0,1.0,0.0,2.0,0.0,0.0,2.0,2.0,0.0,1.0,1.0,0.0,2.0,2.0,1.0,0.0,2.0,2.0,2.0,1.0,1.0,0.0,1.0
5465,1.0,0.0,1.0,1.0,1.0,1.0,0.0,2.0,2.0,0.0,1.0,0.0,1.0,2.0,2.0,2.0,1.0,0.0,1.0,1.0,0.0,1.0,1.0,1.0,2.0,1.0,1.0,0.0,2.0,1.0,0.0,0.0,1.0,0.0,1.0,1.0,1.0,1.0,1.0,1.0,1.0,2.0,2.0,0.0,0.0,1.0,2.0,1.0,2.0,0.0,0.0,0.0,2.0,0.0,1.0,1.0,1.0,0.0,2.0,2.0,1.0,2.0,1.0,1.0,2.0,0.0,1.0,1.0,0.0,1.0,1.0,2.0,0.0,1.0,1.0,0.0,0.0,0.0,0.0,1.0,2.0,0.0,1.0,0.0,2.0,1.0,2.0,2.0,0.0,2.0,1.0,2.0,1.0,2.0,1.0,2.0,2.0,2.0,2.0,0.0
5466,2.0,0.0,2.0,0.0,1.0,1.0,0.0,2.0,2.0,0.0,2.0,0.0,2.0,2.0,1.0,2.0,2.0,1.0,2.0,1.0,1.0,0.0,1.0,0.0,2.0,0.0,2.0,2.0,2.0,0.0,0.0,2.0,1.0,0.0,2.0,0.0,2.0,2.0,1.0,2.0,2.0,0.0,1.0,1.0,0.0,2.0,1.0,2.0,2.0,0.0,0.0,0.0,2.0,0.0,2.0,0.0,2.0,0.0,2.0,2.0,1.0,2.0,0.0,1.0,2.0,0.0,0.0,1.0,1.0,1.0,2.0,2.0,0.0,0.0,0.0,0.0,0.0,0.0,1.0,0.0,1.0,1.0,0.0,2.0,2.0,1.0,2.0,1.0,1.0,2.0,1.0,2.0,0.0,2.0,1.0,1.0,1.0,2.0,0.0,1.0
5468,2.0,0.0,1.0,0.0,1.0,0.0,1.0,2.0,2.0,0.0,1.0,0.0,1.0,2.0,2.0,2.0,2.0,0.0,1.0,2.0,1.0,0.0,1.0,2.0,2.0,0.0,2.0,0.0,0.0,1.0,1.0,2.0,2.0,1.0,0.0,2.0,1.0,0.0,1.0,2.0,2.0,0.0,1.0,0.0,0.0,1.0,1.0,2.0,2.0,0.0,0.0,0.0,2.0,1.0,2.0,2.0,1.0,0.0,2.0,2.0,0.0,2.0,2.0,2.0,2.0,0.0,1.0,0.0,0.0,1.0,2.0,1.0,0.0,2.0,0.0,2.0,2.0,1.0,0.0,0.0,2.0,0.0,0.0,0.0,2.0,0.0,1.0,0.0,1.0,2.0,2.0,2.0,0.0,2.0,2.0,0.0,2.0,2.0,0.0,0.0
5472,2.0,0.0,1.0,0.0,0.0,0.0,0.0,1.0,2.0,1.0,1.0,1.0,1.0,2.0,2.0,1.0,2.0,1.0,0.0,1.0,1.0,0.0,1.0,0.0,2.0,0.0,1.0,1.0,0.0,1.0,1.0,2.0,1.0,0.0,0.0,1.0,1.0,2.0,2.0,1.0,2.0,1.0,2.0,1.0,0.0,1.0,1.0,2.0,0.0,1.0,1.0,0.0,2.0,0.0,2.0,0.0,0.0,0.0,2.0,0.0,1.0,2.0,1.0,2.0,2.0,1.0,2.0,0.0,1.0,0.0,2.0,2.0,0.0,0.0,1.0,0.0,1.0,0.0,0.0,0.0,2.0,0.0,1.0,2.0,2.0,2.0,1.0,2.0,2.0,2.0,2.0,0.0,0.0,2.0,2.0,2.0,1.0,2.0,2.0,0.0
5479,2.0,0.0,0.0,0.0,1.0,0.0,1.0,2.0,2.0,1.0,2.0,0.0,0.0,1.0,2.0,0.0,1.0,0.0,1.0,1.0,2.0,0.0,0.0,0.0,2.0,1.0,1.0,1.0,0.0,2.0,1.0,2.0,0.0,0.0,0.0,0.0,2.0,1.0,2.0,1.0,1.0,1.0,2.0,0.0,0.0,1.0,2.0,1.0,2.0,0.0,0.0,0.0,2.0,0.0,2.0,1.0,2.0,0.0,2.0,1.0,1.0,2.0,1.0,1.0,2.0,0.0,2.0,2.0,0.0,1.0,1.0,2.0,0.0,0.0,0.0,0.0,1.0,0.0,0.0,1.0,1.0,0.0,0.0,0.0,2.0,1.0,2.0,2.0,0.0,2.0,1.0,1.0,0.0,1.0,2.0,2.0,1.0,2.0,0.0,0.0
5482,2.0,1.0,1.0,0.0,0.0,1.0,2.0,2.0,1.0,1.0,1.0,1.0,1.0,2.0,1.0,1.0,1.0,0.0,1.0,1.0,2.0,0.0,1.0,0.0,2.0,1.0,2.0,1.0,2.0,2.0,0.0,2.0,1.0,0.0,0.0,0.0,2.0,1.0,1.0,0.0,2.0,1.0,2.0,1.0,1.0,0.0,2.0,2.0,1.0,0.0,1.0,0.0,2.0,0.0,2.0,0.0,2.0,0.0,2.0,2.0,1.0,2.0,1.0,0.0,2.0,0.0,1.0,2.0,1.0,2.0,2.0,1.0,0.0,1.0,1.0,0.0,0.0,0.0,0.0,0.0,2.0,0.0,1.0,1.0,2.0,1.0,1.0,2.0,0.0,2.0,0.0,1.0,1.0,0.0,2.0,2.0,2.0,2.0,2.0,1.0
5487,1.0,0.0,2.0,0.0,1.0,0.0,1.0,2.0,1.0,0.0,1.0,1.0,1.0,2.0,2.0,1.0,2.0,0.0,1.0,1.0,2.0,0.0,0.0,1.0,2.0,1.0,2.0,0.0,1.0,1.0,0.0,1.0,1.0,0.0,0.0,2.0,2.0,2.0,0.0,2.0,1.0,1.0,2.0,0.0,1.0,1.0,2.0,2.0,1.0,0.0,0.0,0.0,2.0,0.0,2.0,1.0,2.0,0.0,2.0,2.0,0.0,1.0,1.0,1.0,1.0,0.0,1.0,1.0,0.0,1.0,2.0,2.0,0.0,0.0,0.0,0.0,1.0,0.0,1.0,0.0,2.0,0.0,0.0,2.0,2.0,1.0,2.0,2.0,1.0,1.0,0.0,0.0,0.0,2.0,2.0,2.0,1.0,2.0,1.0,1.0
5491,2.0,0.0,1.0,2.0,0.0,0.0,1.0,2.0,2.0,0.0,1.0,1.0,0.0,2.0,1.0,2.0,2.0,2.0,2.0,1.0,1.0,0.0,1.0,1.0,2.0,0.0,1.0,0.0,0.0,1.0,0.0,1.0,1.0,0.0,1.0,1.0,0.0,2.0,2.0,0.0,2.0,0.0,2.0,2.0,0.0,0.0,2.0,2.0,2.0,0.0,2.0,0.0,2.0,0.0,2.0,1.0,1.0,0.0,2.0,1.0,0.0,1.0,0.0,2.0,2.0,0.0,1.0,1.0,1.0,0.0,2.0,2.0,0.0,0.0,0.0,0.0,1.0,0.0,0.0,0.0,2.0,0.0,0.0,0.0,2.0,1.0,1.0,1.0,2.0,1.0,1.0,2.0,0.0,2.0,2.0,2.0,1.0,2.0,0.0,0.0
5492,2.0,0.0,2.0,0.0,1.0,0.0,1.0,2.0,2.0,0.0,0.0,1.0,1.0,2.0,1.0,2.0,2.0,0.0,1.0,0.0,2.0,0.0,1.0,0.0,1.0,0.0,2.0,1.0,0.0,2.0,1.0,0.0,2.0,0.0,1.0,1.0,1.0,1.0,1.0,0.0,2.0,1.0,2.0,1.0,0.0,1.0,2.0,2.0,1.0,0.0,1.0,0.0,2.0,0.0,1.0,1.0,0.0,0.0,2.0,1.0,1.0,2.0,1.0,1.0,2.0,1.0,0.0,1.0,0.0,0.0,2.0,1.0,0.0,0.0,0.0,0.0,0.0,1.0,1.0,0.0,2.0,0.0,0.0,0.0,2.0,1.0,1.0,2.0,0.0,1.0,0.0,2.0,0.0,2.0,2.0,2.0,0.0,2.0,0.0,2.0
5493,2.0,0.0,2.0,1.0,0.0,0.0,1.0,1.0,1.0,0.0,0.0,1.0,2.0,1.0,1.0,2.0,2.0,0.0,1.0,0.0,2.0,0.0,0.0,1.0,1.0,1.0,2.0,1.0,1.0,2.0,1.0,1.0,0.0,0.0,1.0,2.0,0.0,2.0,2.0,1.0,2.0,2.0,2.0,2.0,0.0,2.0,2.0,2.0,2.0,0.0,1.0,0.0,2.0,0.0,2.0,1.0,1.0,0.0,2.0,2.0,0.0,2.0,1.0,1.0,2.0,1.0,0.0,1.0,1.0,0.0,2.0,0.0,0.0,0.0,0.0,0.0,0.0,1.0,1.0,0.0,1.0,0.0,0.0,0.0,2.0,1.0,1.0,2.0,1.0,2.0,0.0,2.0,1.0,2.0,2.0,1.0,1.0,2.0,0.0,1.0
5495,2.0,0.0,1.0,1.0,0.0,0.0,2.0,2.0,2.0,0.0,1.0,2.0,0.0,2.0,1.0,2.0,2.0,0.0,1.0,0.0,1.0,0.0,1.0,0.0,2.0,0.0,1.0,1.0,0.0,2.0,0.0,0.0,2.0,0.0,1.0,1.0,1.0,2.0,2.0,1.0,2.0,1.0,1.0,2.0,0.0,2.0,2.0,2.0,0.0,0.0,1.0,0.0,2.0,0.0,2.0,1.0,1.0,0.0,2.0,0.0,0.0,2.0,1.0,2.0,2.0,0.0,0.0,0.0,1.0,0.0,2.0,1.0,0.0,0.0,1.0,0.0,0.0,0.0,0.0,0.0,2.0,0.0,1.0,1.0,2.0,0.0,2.0,2.0,1.0,0.0,2.0,2.0,0.0,2.0,2.0,2.0,1.0,2.0,1.0,1.0
5499,2.0,0.0,2.0,1.0,0.0,0.0,1.0,0.0,2.0,0.0,0.0,1.0,0.0,2.0,1.0,2.0,2.0,2.0,1.0,1.0,2.0,1.0,1.0,0.0,2.0,2.0,2.0,0.0,1.0,2.0,0.0,2.0,2.0,0.0,0.0,1.0,1.0,0.0,2.0,1.0,2.0,1.0,1.0,2.0,0.0,1.0,2.0,2.0,1.0,1.0,0.0,0.0,2.0,0.0,2.0,2.0,1.0,0.0,2.0,1.0,1.0,2.0,0.0,2.0,2.0,1.0,1.0,1.0,1.0,0.0,2.0,2.0,0.0,2.0,1.0,0.0,1.0,0.0,0.0,0.0,1.0,0.0,0.0,0.0,2.0,1.0,1.0,1.0,2.0,2.0,1.0,1.0,0.0,2.0,2.0,1.0,0.0,2.0,1.0,1.0
5506,2.0,0.0,0.0,2.0,0.0,0.0,1.0,1.0,2.0,1.0,1.0,2.0,0.0,2.0,0.0,2.0,2.0,1.0,2.0,1.0,2.0,0.0,2.0,0.0,2.0,1.0,2.0,0.0,1.0,1.0,0.0,0.0,1.0,0.0,0.0,1.0,0.0,2.0,2.0,1.0,2.0,0.0,2.0,1.0,0.0,2.0,2.0,2.0,2.0,0.0,1.0,0.0,2.0,0.0,2.0,1.0,1.0,0.0,2.0,1.0,0.0,2.0,0.0,2.0,2.0,0.0,1.0,1.0,1.0,0.0,2.0,2.0,0.0,0.0,0.0,0.0,1.0,0.0,0.0,0.0,2.0,0.0,0.0,0.0,2.0,0.0,1.0,2.0,1.0,1.0,1.0,2.0,1.0,2.0,2.0,2.0,1.0,2.0,1.0,2.0
5511,2.0,0.0,1.0,1.0,0.0,1.0,1.0,2.0,1.0,0.0,1.0,0.0,2.0,2.0,1.0,1.0,2.0,1.0,2.0,0.0,2.0,0.0,2.0,1.0,2.0,0.0,2.0,2.0,2.0,1.0,0.0,2.0,1.0,0.0,1.0,1.0,2.0,2.0,2.0,1.0,2.0,1.0,2.0,1.0,0.0,1.0,2.0,2.0,2.0,0.0,1.0,0.0,2.0,0.0,1.0,0.0,1.0,0.0,2.0,2.0,1.0,2.0,0.0,1.0,2.0,0.0,0.0,1.0,2.0,0.0,2.0,2.0,0.0,0.0,0.0,1.0,1.0,0.0,0.0,0.0,2.0,1.0,0.0,2.0,2.0,1.0,1.0,2.0,0.0,2.0,2.0,2.0,0.0,2.0,1.0,2.0,0.0,2.0,0.0,1.0
5512,2.0,0.0,1.0,1.0,1.0,0.0,2.0,2.0,2.0,0.0,2.0,0.0,1.0,2.0,2.0,2.0,2.0,1.0,1.0,1.0,2.0,0.0,2.0,0.0,2.0,0.0,2.0,2.0,1.0,1.0,0.0,2.0,1.0,0.0,1.0,1.0,1.0,2.0,1.0,1.0,2.0,0.0,2.0,1.0,0.0,2.0,2.0,2.0,1.0,0.0,0.0,0.0,2.0,0.0,1.0,0.0,1.0,0.0,2.0,1.0,0.0,2.0,0.0,1.0,2.0,0.0,0.0,1.0,1.0,0.0,2.0,2.0,0.0,0.0,0.0,1.0,1.0,0.0,1.0,0.0,1.0,0.0,1.0,2.0,2.0,0.0,1.0,0.0,1.0,1.0,2.0,2.0,0.0,2.0,1.0,2.0,1.0,2.0,2.0,1.0
5515,1.0,0.0,1.0,0.0,1.0,0.0,1.0,2.0,2.0,0.0,1.0,1.0,1.0,2.0,1.0,2.0,2.0,1.0,2.0,0.0,1.0,0.0,2.0,0.0,1.0,1.0,2.0,1.0,2.0,1.0,1.0,1.0,1.0,0.0,1.0,1.0,1.0,1.0,2.0,1.0,2.0,1.0,2.0,1.0,0.0,0.0,2.0,2.0,1.0,0.0,0.0,0.0,2.0,0.0,1.0,2.0,1.0,0.0,2.0,0.0,0.0,2.0,0.0,2.0,2.0,1.0,1.0,2.0,1.0,0.0,2.0,2.0,0.0,0.0,0.0,0.0,1.0,1.0,1.0,0.0,1.0,0.0,0.0,0.0,2.0,1.0,1.0,1.0,2.0,1.0,1.0,1.0,1.0,2.0,2.0,1.0,0.0,2.0,1.0,0.0
5518,1.0,0.0,2.0,0.0,0.0,0.0,2.0,1.0,2.0,0.0,0.0,1.0,1.0,2.0,2.0,2.0,2.0,1.0,1.0,1.0,2.0,1.0,1.0,0.0,2.0,1.0,2.0,2.0,2.0,2.0,0.0,1.0,0.0,1.0,0.0,1.0,2.0,0.0,2.0,2.0,2.0,1.0,2.0,2.0,0.0,1.0,2.0,2.0,2.0,2.0,0.0,0.0,2.0,0.0,2.0,1.0,1.0,0.0,2.0,0.0,1.0,2.0,0.0,2.0,2.0,0.0,1.0,0.0,2.0,0.0,2.0,2.0,0.0,1.0,1.0,0.0,1.0,0.0,0.0,0.0,2.0,1.0,0.0,1.0,2.0,1.0,2.0,1.0,2.0,2.0,1.0,2.0,1.0,2.0,2.0,1.0,1.0,1.0,2.0,1.0
5520,1.0,0.0,2.0,0.0,0.0,0.0,1.0,1.0,2.0,0.0,1.0,1.0,1.0,2.0,1.0,2.0,2.0,1.0,1.0,1.0,2.0,1.0,1.0,0.0,1.0,1.0,1.0,2.0,1.0,2.0,1.0,1.0,1.0,1.0,1.0,2.0,1.0,0.0,2.0,1.0,2.0,1.0,2.0,2.0,0.0,1.0,2.0,2.0,1.0,2.0,0.0,0.0,2.0,0.0,2.0,1.0,2.0,0.0,2.0,1.0,1.0,2.0,0.0,2.0,2.0,1.0,1.0,1.0,2.0,0.0,2.0,2.0,0.0,1.0,0.0,0.0,1.0,1.0,1.0,0.0,2.0,1.0,0.0,0.0,2.0,1.0,1.0,1.0,0.0,2.0,2.0,1.0,0.0,2.0,1.0,1.0,1.0,1.0,1.0,1.0
5521,2.0,0.0,2.0,0.0,0.0,0.0,1.0,1.0,2.0,0.0,0.0,1.0,1.0,2.0,2.0,2.0,2.0,1.0,2.0,0.0,2.0,1.0,2.0,0.0,1.0,1.0,1.0,2.0,2.0,2.0,1.0,2.0,0.0,1.0,0.0,1.0,1.0,1.0,2.0,2.0,2.0,1.0,2.0,2.0,0.0,1.0,2.0,1.0,2.0,2.0,0.0,0.0,2.0,0.0,2.0,2.0,2.0,0.0,2.0,1.0,0.0,2.0,1.0,2.0,2.0,1.0,0.0,1.0,2.0,0.0,2.0,2.0,0.0,0.0,1.0,0.0,1.0,1.0,1.0,0.0,1.0,1.0,0.0,1.0,2.0,1.0,1.0,1.0,2.0,1.0,2.0,1.0,0.0,2.0,2.0,0.0,1.0,2.0,0.0,1.0
5536,1.0,0.0,2.0,0.0,0.0,0.0,2.0,2.0,1.0,0.0,0.0,0.0,1.0,2.0,0.0,2.0,1.0,0.0,0.0,0.0,2.0,0.0,1.0,0.0,2.0,0.0,2.0,0.0,1.0,2.0,1.0,0.0,1.0,0.0,1.0,1.0,1.0,1.0,2.0,1.0,2.0,0.0,2.0,2.0,0.0,2.0,2.0,1.0,2.0,0.0,1.0,0.0,2.0,0.0,2.0,0.0,1.0,0.0,2.0,1.0,1.0,2.0,2.0,2.0,2.0,1.0,0.0,0.0,0.0,0.0,2.0,2.0,0.0,1.0,0.0,0.0,0.0,0.0,1.0,0.0,2.0,0.0,0.0,1.0,2.0,1.0,1.0,2.0,0.0,1.0,2.0,2.0,1.0,2.0,1.0,0.0,2.0,2.0,1.0,2.0
5537,1.0,0.0,1.0,1.0,0.0,0.0,0.0,2.0,1.0,1.0,0.0,0.0,2.0,2.0,1.0,2.0,1.0,0.0,1.0,2.0,1.0,0.0,0.0,1.0,2.0,0.0,1.0,0.0,1.0,2.0,0.0,2.0,1.0,0.0,1.0,1.0,1.0,2.0,1.0,1.0,2.0,1.0,1.0,1.0,0.0,2.0,2.0,0.0,1.0,2.0,0.0,0.0,2.0,0.0,2.0,1.0,2.0,0.0,2.0,2.0,1.0,2.0,0.0,2.0,2.0,0.0,2.0,1.0,1.0,0.0,2.0,2.0,0.0,0.0,1.0,0.0,0.0,0.0,1.0,0.0,1.0,0.0,0.0,1.0,2.0,2.0,1.0,2.0,1.0,2.0,0.0,1.0,0.0,2.0,2.0,1.0,0.0,2.0,2.0,1.0
5538,2.0,1.0,1.0,0.0,0.0,0.0,1.0,2.0,2.0,0.0,0.0,1.0,1.0,2.0,2.0,2.0,1.0,0.0,1.0,2.0,1.0,1.0,2.0,0.0,2.0,1.0,2.0,1.0,2.0,2.0,0.0,0.0,1.0,0.0,0.0,2.0,2.0,2.0,1.0,2.0,2.0,1.0,2.0,1.0,0.0,1.0,1.0,0.0,2.0,1.0,0.0,0.0,2.0,0.0,1.0,0.0,2.0,0.0,2.0,2.0,0.0,2.0,0.0,2.0,2.0,0.0,1.0,1.0,0.0,1.0,2.0,2.0,0.0,0.0,1.0,0.0,2.0,0.0,0.0,0.0,2.0,0.0,1.0,1.0,2.0,2.0,1.0,1.0,2.0,2.0,0.0,0.0,0.0,2.0,2.0,2.0,0.0,2.0,2.0,2.0
5541,2.0,1.0,2.0,1.0,1.0,1.0,2.0,0.0,2.0,0.0,1.0,1.0,1.0,2.0,1.0,1.0,2.0,2.0,1.0,0.0,2.0,0.0,1.0,1.0,2.0,2.0,2.0,0.0,1.0,1.0,1.0,0.0,0.0,0.0,1.0,1.0,1.0,1.0,1.0,1.0,2.0,1.0,2.0,1.0,0.0,0.0,2.0,2.0,2.0,1.0,0.0,0.0,2.0,0.0,2.0,2.0,2.0,0.0,1.0,2.0,1.0,2.0,0.0,2.0,2.0,0.0,2.0,0.0,1.0,0.0,2.0,2.0,1.0,1.0,0.0,0.0,1.0,0.0,0.0,0.0,2.0,0.0,0.0,0.0,2.0,0.0,1.0,1.0,1.0,2.0,1.0,2.0,1.0,1.0,1.0,2.0,1.0,2.0,2.0,0.0
5543,1.0,1.0,2.0,0.0,0.0,1.0,2.0,2.0,2.0,1.0,0.0,2.0,1.0,2.0,1.0,2.0,2.0,0.0,1.0,0.0,1.0,0.0,1.0,2.0,2.0,2.0,2.0,0.0,1.0,1.0,0.0,2.0,0.0,0.0,1.0,2.0,2.0,2.0,0.0,1.0,2.0,2.0,2.0,1.0,0.0,0.0,2.0,2.0,1.0,0.0,0.0,0.0,2.0,0.0,2.0,1.0,1.0,0.0,1.0,2.0,2.0,2.0,1.0,2.0,2.0,0.0,1.0,2.0,1.0,1.0,2.0,1.0,0.0,0.0,1.0,0.0,0.0,0.0,1.0,0.0,1.0,0.0,0.0,1.0,2.0,2.0,0.0,1.0,0.0,2.0,2.0,2.0,0.0,2.0,2.0,2.0,1.0,2.0,2.0,1.0
5546,1.0,1.0,2.0,0.0,0.0,1.0,1.0,1.0,1.0,0.0,0.0,0.0,1.0,1.0,1.0,1.0,2.0,1.0,2.0,0.0,2.0,0.0,0.0,0.0,2.0,1.0,2.0,1.0,0.0,2.0,1.0,0.0,1.0,0.0,1.0,1.0,2.0,1.0,0.0,2.0,2.0,1.0,2.0,2.0,0.0,2.0,2.0,2.0,1.0,0.0,0.0,0.0,2.0,0.0,2.0,0.0,1.0,0.0,2.0,2.0,0.0,2.0,0.0,2.0,2.0,0.0,1.0,0.0,2.0,1.0,2.0,2.0,0.0,1.0,0.0,1.0,1.0,0.0,0.0,0.0,1.0,0.0,0.0,1.0,2.0,1.0,2.0,2.0,1.0,2.0,0.0,2.0,1.0,2.0,0.0,2.0,1.0,2.0,1.0,1.0
5550,2.0,2.0,2.0,1.0,1.0,0.0,1.0,2.0,2.0,0.0,1.0,1.0,2.0,2.0,2.0,2.0,2.0,1.0,2.0,0.0,2.0,0.0,1.0,0.0,2.0,0.0,2.0,2.0,2.0,1.0,0.0,1.0,1.0,0.0,0.0,1.0,1.0,2.0,1.0,1.0,2.0,1.0,1.0,0.0,0.0,0.0,2.0,1.0,1.0,1.0,0.0,0.0,1.0,0.0,2.0,0.0,2.0,0.0,1.0,2.0,1.0,1.0,0.0,1.0,2.0,0.0,0.0,1.0,1.0,1.0,2.0,2.0,1.0,0.0,0.0,1.0,1.0,0.0,2.0,0.0,2.0,0.0,1.0,1.0,2.0,1.0,2.0,2.0,1.0,1.0,1.0,1.0,1.0,2.0,1.0,2.0,2.0,2.0,1.0,0.0
5556,2.0,0.0,1.0,0.0,0.0,0.0,1.0,2.0,2.0,1.0,0.0,0.0,1.0,2.0,1.0,1.0,2.0,0.0,0.0,1.0,2.0,0.0,2.0,1.0,2.0,0.0,2.0,2.0,2.0,2.0,1.0,2.0,0.0,0.0,1.0,2.0,2.0,1.0,2.0,2.0,2.0,1.0,1.0,2.0,0.0,0.0,2.0,1.0,1.0,0.0,1.0,0.0,2.0,0.0,2.0,0.0,2.0,0.0,2.0,1.0,0.0,2.0,0.0,1.0,2.0,0.0,1.0,2.0,0.0,1.0,2.0,1.0,0.0,1.0,0.0,0.0,0.0,0.0,0.0,0.0,1.0,0.0,0.0,1.0,1.0,1.0,1.0,2.0,1.0,2.0,1.0,1.0,0.0,1.0,2.0,1.0,2.0,2.0,2.0,2.0
5558,1.0,1.0,1.0,0.0,0.0,1.0,1.0,2.0,2.0,0.0,0.0,1.0,1.0,2.0,2.0,2.0,2.0,1.0,2.0,1.0,2.0,0.0,1.0,0.0,2.0,1.0,2.0,0.0,2.0,2.0,1.0,1.0,2.0,0.0,1.0,2.0,1.0,1.0,2.0,2.0,2.0,1.0,0.0,1.0,0.0,1.0,2.0,2.0,1.0,0.0,0.0,0.0,2.0,0.0,2.0,0.0,1.0,0.0,2.0,2.0,0.0,1.0,0.0,2.0,2.0,0.0,0.0,0.0,2.0,1.0,1.0,2.0,0.0,1.0,0.0,1.0,1.0,0.0,0.0,0.0,2.0,0.0,1.0,0.0,2.0,1.0,2.0,1.0,2.0,2.0,1.0,2.0,0.0,2.0,1.0,1.0,1.0,2.0,1.0,1.0
5559,2.0,0.0,2.0,0.0,0.0,0.0,2.0,1.0,2.0,0.0,1.0,0.0,2.0,2.0,2.0,2.0,2.0,1.0,0.0,0.0,2.0,0.0,1.0,0.0,2.0,1.0,2.0,2.0,1.0,1.0,0.0,1.0,1.0,1.0,1.0,1.0,2.0,1.0,1.0,1.0,2.0,0.0,2.0,2.0,0.0,0.0,2.0,2.0,2.0,0.0,0.0,0.0,2.0,0.0,2.0,1.0,2.0,0.0,1.0,2.0,0.0,2.0,1.0,2.0,2.0,0.0,2.0,1.0,0.0,1.0,2.0,1.0,0.0,1.0,0.0,0.0,1.0,0.0,0.0,0.0,2.0,0.0,0.0,1.0,2.0,0.0,1.0,1.0,1.0,1.0,2.0,1.0,0.0,2.0,2.0,2.0,2.0,2.0,0.0,1.0
5566,2.0,0.0,2.0,0.0,0.0,0.0,2.0,1.0,1.0,0.0,1.0,0.0,1.0,2.0,1.0,2.0,2.0,0.0,2.0,0.0,1.0,0.0,2.0,1.0,2.0,2.0,2.0,1.0,1.0,2.0,1.0,2.0,1.0,0.0,2.0,1.0,1.0,0.0,2.0,2.0,2.0,1.0,2.0,1.0,0.0,0.0,2.0,2.0,2.0,1.0,0.0,0.0,2.0,0.0,2.0,1.0,0.0,0.0,2.0,2.0,1.0,2.0,1.0,2.0,2.0,0.0,1.0,0.0,0.0,0.0,2.0,1.0,0.0,2.0,0.0,0.0,0.0,0.0,0.0,0.0,1.0,0.0,1.0,0.0,2.0,0.0,2.0,1.0,1.0,2.0,1.0,2.0,1.0,2.0,1.0,1.0,2.0,2.0,0.0,0.0
5567,2.0,0.0,2.0,1.0,0.0,0.0,2.0,1.0,1.0,0.0,0.0,1.0,1.0,2.0,2.0,2.0,2.0,0.0,1.0,0.0,2.0,0.0,0.0,1.0,1.0,0.0,2.0,2.0,1.0,2.0,1.0,1.0,0.0,1.0,0.0,2.0,0.0,1.0,1.0,0.0,2.0,1.0,2.0,1.0,0.0,1.0,2.0,2.0,1.0,1.0,0.0,0.0,2.0,0.0,2.0,0.0,2.0,0.0,2.0,2.0,1.0,2.0,0.0,2.0,2.0,1.0,0.0,2.0,2.0,0.0,2.0,1.0,0.0,1.0,1.0,1.0,1.0,1.0,2.0,0.0,2.0,0.0,1.0,1.0,2.0,0.0,1.0,2.0,1.0,2.0,1.0,1.0,0.0,2.0,1.0,1.0,0.0,2.0,1.0,1.0
5568,2.0,0.0,2.0,2.0,0.0,1.0,2.0,2.0,1.0,1.0,1.0,1.0,2.0,0.0,2.0,1.0,2.0,0.0,1.0,1.0,2.0,0.0,0.0,0.0,2.0,0.0,2.0,1.0,1.0,1.0,0.0,1.0,0.0,0.0,0.0,2.0,0.0,0.0,1.0,0.0,2.0,1.0,2.0,1.0,0.0,1.0,2.0,2.0,1.0,1.0,0.0,0.0,2.0,0.0,2.0,0.0,1.0,0.0,2.0,1.0,1.0,2.0,0.0,2.0,2.0,0.0,0.0,1.0,2.0,0.0,2.0,1.0,0.0,2.0,0.0,0.0,1.0,0.0,1.0,0.0,2.0,0.0,1.0,1.0,2.0,0.0,2.0,2.0,1.0,1.0,1.0,2.0,0.0,1.0,1.0,1.0,1.0,2.0,1.0,0.0
5571,2.0,1.0,1.0,2.0,0.0,0.0,2.0,2.0,0.0,0.0,0.0,0.0,0.0,2.0,1.0,2.0,2.0,1.0,1.0,0.0,2.0,0.0,1.0,2.0,2.0,1.0,2.0,0.0,1.0,2.0,0.0,2.0,2.0,0.0,1.0,1.0,0.0,1.0,2.0,1.0,2.0,1.0,0.0,1.0,0.0,0.0,2.0,2.0,1.0,0.0,1.0,0.0,2.0,0.0,1.0,0.0,2.0,0.0,2.0,1.0,2.0,2.0,0.0,2.0,2.0,0.0,0.0,1.0,1.0,1.0,2.0,2.0,0.0,1.0,1.0,1.0,1.0,0.0,0.0,0.0,1.0,1.0,0.0,1.0,2.0,1.0,1.0,2.0,1.0,1.0,2.0,2.0,0.0,2.0,1.0,1.0,1.0,2.0,0.0,0.0
5581,1.0,1.0,0.0,1.0,0.0,0.0,0.0,2.0,2.0,0.0,1.0,2.0,0.0,2.0,1.0,1.0,2.0,0.0,0.0,2.0,2.0,0.0,0.0,1.0,2.0,1.0,2.0,1.0,1.0,1.0,1.0,1.0,2.0,1.0,1.0,1.0,1.0,2.0,2.0,2.0,2.0,2.0,1.0,2.0,1.0,0.0,2.0,0.0,2.0,0.0,1.0,0.0,2.0,1.0,1.0,0.0,2.0,0.0,2.0,2.0,0.0,1.0,1.0,0.0,2.0,1.0,2.0,2.0,0.0,2.0,1.0,0.0,0.0,0.0,1.0,0.0,0.0,1.0,0.0,0.0,2.0,1.0,1.0,2.0,1.0,0.0,0.0,2.0,1.0,2.0,2.0,0.0,0.0,2.0,1.0,1.0,1.0,1.0,2.0,0.0
5584,2.0,1.0,1.0,0.0,0.0,0.0,2.0,2.0,1.0,0.0,1.0,0.0,0.0,2.0,2.0,1.0,2.0,2.0,1.0,0.0,2.0,0.0,1.0,2.0,1.0,1.0,2.0,0.0,1.0,2.0,1.0,2.0,1.0,0.0,1.0,1.0,1.0,1.0,2.0,1.0,2.0,1.0,1.0,1.0,0.0,1.0,2.0,2.0,1.0,0.0,2.0,0.0,2.0,0.0,2.0,0.0,1.0,0.0,2.0,0.0,2.0,2.0,1.0,2.0,2.0,1.0,0.0,1.0,0.0,1.0,1.0,2.0,0.0,1.0,0.0,0.0,1.0,1.0,0.0,0.0,2.0,0.0,0.0,1.0,2.0,0.0,1.0,1.0,1.0,0.0,2.0,2.0,0.0,2.0,1.0,2.0,1.0,2.0,1.0,1.0
5587,2.0,0.0,0.0,0.0,0.0,0.0,2.0,2.0,1.0,1.0,0.0,1.0,2.0,2.0,1.0,2.0,2.0,0.0,1.0,0.0,2.0,1.0,0.0,1.0,2.0,0.0,2.0,1.0,1.0,2.0,1.0,1.0,0.0,0.0,0.0,0.0,2.0,1.0,2.0,0.0,2.0,0.0,1.0,0.0,0.0,0.0,1.0,0.0,1.0,0.0,0.0,0.0,2.0,0.0,1.0,0.0,2.0,0.0,2.0,1.0,0.0,2.0,0.0,2.0,2.0,0.0,1.0,2.0,0.0,2.0,2.0,2.0,0.0,1.0,1.0,0.0,1.0,0.0,0.0,0.0,2.0,0.0,0.0,0.0,2.0,2.0,1.0,2.0,0.0,2.0,1.0,2.0,0.0,2.0,2.0,0.0,1.0,2.0,2.0,0.0
5589,2.0,0.0,1.0,1.0,0.0,0.0,1.0,2.0,2.0,1.0,1.0,0.0,1.0,2.0,1.0,2.0,1.0,0.0,1.0,1.0,1.0,0.0,1.0,0.0,2.0,0.0,2.0,0.0,2.0,2.0,1.0,1.0,1.0,0.0,1.0,1.0,1.0,1.0,0.0,2.0,2.0,2.0,2.0,0.0,0.0,0.0,2.0,0.0,1.0,0.0,0.0,0.0,2.0,0.0,1.0,0.0,2.0,0.0,2.0,2.0,1.0,2.0,0.0,2.0,2.0,0.0,1.0,2.0,1.0,1.0,2.0,2.0,0.0,0.0,1.0,0.0,1.0,0.0,0.0,0.0,2.0,0.0,0.0,2.0,2.0,1.0,1.0,2.0,0.0,2.0,0.0,2.0,1.0,1.0,2.0,2.0,2.0,2.0,1.0,0.0
5592,2.0,0.0,1.0,1.0,0.0,0.0,0.0,1.0,1.0,0.0,2.0,1.0,1.0,1.0,1.0,2.0,2.0,2.0,1.0,0.0,2.0,1.0,0.0,0.0,2.0,0.0,2.0,0.0,1.0,2.0,0.0,1.0,1.0,0.0,2.0,2.0,1.0,1.0,0.0,1.0,2.0,1.0,2.0,0.0,0.0,1.0,2.0,2.0,1.0,0.0,1.0,0.0,2.0,0.0,2.0,1.0,1.0,0.0,2.0,1.0,1.0,2.0,0.0,1.0,2.0,0.0,2.0,1.0,1.0,0.0,2.0,2.0,0.0,1.0,1.0,1.0,2.0,0.0,1.0,0.0,1.0,1.0,1.0,1.0,2.0,0.0,2.0,0.0,0.0,1.0,2.0,2.0,0.0,2.0,2.0,2.0,1.0,2.0,1.0,0.0
5598,2.0,0.0,2.0,2.0,0.0,0.0,1.0,2.0,1.0,0.0,2.0,0.0,1.0,1.0,2.0,1.0,2.0,1.0,1.0,0.0,2.0,0.0,1.0,0.0,1.0,1.0,2.0,2.0,1.0,2.0,0.0,1.0,2.0,0.0,1.0,1.0,1.0,2.0,1.0,2.0,2.0,0.0,1.0,1.0,0.0,2.0,2.0,1.0,1.0,0.0,1.0,0.0,2.0,0.0,2.0,0.0,1.0,1.0,2.0,1.0,2.0,2.0,0.0,1.0,2.0,0.0,1.0,2.0,1.0,1.0,2.0,2.0,0.0,0.0,1.0,1.0,1.0,1.0,2.0,0.0,1.0,1.0,1.0,1.0,2.0,2.0,1.0,2.0,0.0,2.0,2.0,1.0,0.0,2.0,1.0,2.0,0.0,2.0,1.0,0.0
5599,1.0,1.0,1.0,1.0,0.0,0.0,0.0,1.0,1.0,0.0,2.0,0.0,1.0,1.0,2.0,0.0,2.0,0.0,1.0,0.0,2.0,0.0,1.0,0.0,2.0,0.0,2.0,0.0,1.0,1.0,0.0,0.0,2.0,0.0,1.0,1.0,2.0,2.0,1.0,1.0,2.0,2.0,1.0,1.0,0.0,1.0,2.0,1.0,0.0,1.0,1.0,0.0,2.0,0.0,2.0,2.0,1.0,0.0,2.0,2.0,2.0,2.0,0.0,2.0,2.0,0.0,2.0,1.0,2.0,1.0,1.0,2.0,0.0,0.0,0.0,1.0,1.0,0.0,1.0,0.0,2.0,0.0,1.0,0.0,2.0,0.0,2.0,2.0,0.0,2.0,1.0,2.0,0.0,2.0,2.0,1.0,0.0,2.0,1.0,0.0
5605,2.0,0.0,0.0,1.0,1.0,0.0,2.0,2.0,2.0,1.0,1.0,1.0,2.0,2.0,1.0,2.0,2.0,0.0,0.0,1.0,2.0,1.0,1.0,0.0,2.0,1.0,2.0,1.0,2.0,1.0,1.0,2.0,1.0,1.0,0.0,1.0,2.0,2.0,2.0,1.0,2.0,0.0,2.0,2.0,0.0,2.0,2.0,2.0,0.0,0.0,0.0,0.0,2.0,0.0,2.0,1.0,2.0,1.0,2.0,2.0,1.0,2.0,0.0,1.0,2.0,0.0,1.0,2.0,0.0,0.0,2.0,2.0,0.0,0.0,1.0,0.0,1.0,0.0,0.0,0.0,2.0,0.0,0.0,2.0,2.0,1.0,2.0,1.0,0.0,1.0,2.0,1.0,1.0,1.0,2.0,2.0,1.0,2.0,1.0,0.0
5615,2.0,1.0,2.0,1.0,0.0,0.0,2.0,2.0,2.0,0.0,0.0,0.0,2.0,1.0,2.0,2.0,2.0,0.0,2.0,0.0,1.0,0.0,2.0,0.0,2.0,0.0,0.0,2.0,2.0,1.0,0.0,1.0,2.0,1.0,0.0,0.0,1.0,1.0,1.0,2.0,2.0,0.0,2.0,2.0,0.0,2.0,1.0,2.0,1.0,0.0,1.0,0.0,2.0,0.0,2.0,0.0,1.0,0.0,2.0,2.0,1.0,2.0,0.0,2.0,2.0,0.0,1.0,1.0,1.0,1.0,2.0,2.0,0.0,1.0,0.0,2.0,1.0,0.0,0.0,0.0,2.0,1.0,1.0,0.0,2.0,0.0,2.0,0.0,0.0,2.0,2.0,2.0,0.0,2.0,2.0,2.0,1.0,1.0,0.0,1.0
5616,2.0,1.0,2.0,0.0,1.0,0.0,1.0,1.0,2.0,2.0,1.0,0.0,1.0,2.0,2.0,1.0,2.0,1.0,1.0,0.0,2.0,0.0,2.0,1.0,2.0,0.0,2.0,1.0,0.0,2.0,0.0,1.0,1.0,0.0,2.0,0.0,2.0,0.0,2.0,2.0,2.0,1.0,2.0,1.0,0.0,0.0,1.0,2.0,2.0,0.0,1.0,0.0,2.0,0.0,1.0,1.0,1.0,0.0,2.0,1.0,2.0,2.0,1.0,2.0,2.0,1.0,0.0,0.0,2.0,0.0,2.0,2.0,0.0,1.0,0.0,1.0,1.0,0.0,0.0,0.0,0.0,1.0,0.0,2.0,2.0,0.0,2.0,0.0,0.0,2.0,1.0,1.0,1.0,2.0,2.0,2.0,1.0,2.0,0.0,0.0
5617,2.0,0.0,1.0,1.0,1.0,0.0,1.0,1.0,2.0,1.0,1.0,1.0,1.0,2.0,2.0,0.0,2.0,0.0,1.0,0.0,2.0,0.0,1.0,0.0,2.0,0.0,2.0,1.0,0.0,0.0,0.0,1.0,2.0,1.0,2.0,1.0,2.0,1.0,1.0,2.0,2.0,1.0,1.0,2.0,0.0,1.0,2.0,2.0,0.0,1.0,0.0,0.0,2.0,0.0,2.0,1.0,2.0,0.0,2.0,1.0,1.0,1.0,1.0,2.0,2.0,0.0,2.0,2.0,2.0,0.0,2.0,2.0,0.0,1.0,0.0,1.0,2.0,0.0,1.0,0.0,2.0,1.0,1.0,0.0,2.0,0.0,1.0,1.0,1.0,1.0,0.0,1.0,0.0,1.0,2.0,2.0,0.0,2.0,2.0,1.0
5625,2.0,1.0,1.0,1.0,0.0,0.0,1.0,2.0,2.0,0.0,1.0,2.0,1.0,2.0,1.0,2.0,2.0,2.0,1.0,0.0,2.0,0.0,1.0,0.0,2.0,0.0,2.0,1.0,1.0,2.0,0.0,1.0,2.0,0.0,0.0,1.0,1.0,1.0,2.0,1.0,2.0,1.0,2.0,1.0,0.0,2.0,2.0,2.0,2.0,1.0,1.0,0.0,2.0,0.0,2.0,1.0,0.0,0.0,2.0,1.0,2.0,2.0,1.0,2.0,2.0,0.0,0.0,1.0,1.0,0.0,2.0,2.0,0.0,0.0,0.0,0.0,2.0,0.0,0.0,0.0,2.0,1.0,0.0,2.0,2.0,1.0,1.0,2.0,1.0,2.0,1.0,1.0,0.0,2.0,2.0,2.0,0.0,2.0,2.0,1.0
5627,2.0,1.0,1.0,1.0,0.0,0.0,1.0,2.0,1.0,0.0,2.0,1.0,1.0,2.0,1.0,2.0,2.0,1.0,1.0,0.0,2.0,0.0,1.0,0.0,2.0,1.0,2.0,0.0,2.0,1.0,1.0,0.0,1.0,0.0,1.0,2.0,0.0,1.0,1.0,1.0,2.0,0.0,2.0,2.0,0.0,2.0,2.0,2.0,1.0,1.0,2.0,0.0,2.0,0.0,2.0,1.0,1.0,0.0,2.0,2.0,1.0,1.0,0.0,1.0,2.0,1.0,0.0,1.0,1.0,1.0,2.0,2.0,0.0,1.0,0.0,1.0,2.0,0.0,1.0,0.0,2.0,2.0,2.0,2.0,2.0,0.0,1.0,1.0,2.0,2.0,2.0,2.0,1.0,2.0,2.0,2.0,1.0,2.0,1.0,0.0
5646,2.0,0.0,2.0,0.0,0.0,0.0,1.0,2.0,1.0,0.0,1.0,0.0,2.0,2.0,2.0,2.0,2.0,0.0,2.0,2.0,1.0,0.0,1.0,0.0,2.0,0.0,2.0,2.0,2.0,1.0,0.0,0.0,2.0,0.0,0.0,1.0,2.0,2.0,0.0,2.0,2.0,0.0,2.0,2.0,0.0,2.0,2.0,1.0,2.0,0.0,0.0,0.0,2.0,1.0,2.0,0.0,1.0,0.0,1.0,2.0,0.0,2.0,0.0,2.0,2.0,0.0,0.0,1.0,1.0,1.0,2.0,2.0,0.0,0.0,0.0,0.0,1.0,1.0,0.0,0.0,2.0,1.0,0.0,1.0,2.0,0.0,2.0,2.0,1.0,2.0,2.0,2.0,0.0,2.0,2.0,0.0,1.0,2.0,0.0,1.0
5707,1.0,0.0,1.0,1.0,0.0,0.0,1.0,2.0,2.0,0.0,0.0,0.0,2.0,1.0,2.0,2.0,1.0,2.0,1.0,1.0,0.0,0.0,0.0,0.0,2.0,0.0,1.0,1.0,2.0,1.0,0.0,0.0,1.0,0.0,1.0,2.0,1.0,1.0,2.0,1.0,2.0,2.0,0.0,0.0,0.0,1.0,2.0,1.0,1.0,0.0,1.0,0.0,2.0,0.0,2.0,1.0,1.0,0.0,2.0,1.0,0.0,2.0,1.0,2.0,2.0,0.0,0.0,0.0,2.0,0.0,2.0,2.0,0.0,1.0,0.0,0.0,0.0,0.0,0.0,0.0,2.0,0.0,0.0,0.0,2.0,2.0,2.0,1.0,1.0,2.0,2.0,2.0,0.0,1.0,2.0,2.0,1.0,2.0,0.0,0.0
5714,2.0,1.0,2.0,0.0,2.0,0.0,1.0,1.0,2.0,0.0,1.0,0.0,1.0,1.0,1.0,2.0,2.0,0.0,1.0,0.0,0.0,0.0,1.0,0.0,2.0,0.0,2.0,2.0,2.0,1.0,1.0,0.0,1.0,0.0,0.0,1.0,1.0,0.0,0.0,2.0,2.0,1.0,1.0,2.0,0.0,1.0,2.0,2.0,2.0,0.0,0.0,0.0,2.0,0.0,2.0,0.0,2.0,0.0,1.0,1.0,1.0,2.0,0.0,2.0,2.0,0.0,1.0,0.0,2.0,2.0,2.0,2.0,0.0,2.0,0.0,0.0,0.0,0.0,2.0,0.0,1.0,0.0,1.0,2.0,2.0,1.0,1.0,2.0,0.0,1.0,0.0,2.0,1.0,2.0,2.0,1.0,2.0,2.0,2.0,0.0
5722,0.0,0.0,1.0,0.0,0.0,0.0,1.0,2.0,1.0,0.0,1.0,0.0,2.0,1.0,0.0,2.0,1.0,1.0,1.0,0.0,2.0,0.0,2.0,0.0,2.0,0.0,1.0,1.0,1.0,1.0,1.0,0.0,1.0,0.0,1.0,1.0,1.0,2.0,2.0,2.0,2.0,0.0,2.0,2.0,0.0,1.0,2.0,1.0,1.0,0.0,2.0,0.0,2.0,0.0,2.0,0.0,1.0,0.0,2.0,2.0,2.0,1.0,1.0,1.0,2.0,1.0,0.0,1.0,1.0,0.0,2.0,2.0,0.0,0.0,0.0,0.0,0.0,0.0,1.0,0.0,1.0,1.0,1.0,2.0,2.0,1.0,0.0,2.0,1.0,2.0,1.0,1.0,1.0,2.0,1.0,1.0,1.0,2.0,0.0,1.0
5726,2.0,0.0,1.0,2.0,0.0,1.0,2.0,2.0,1.0,0.0,1.0,1.0,0.0,2.0,2.0,2.0,2.0,2.0,0.0,0.0,1.0,0.0,2.0,0.0,1.0,0.0,2.0,0.0,0.0,0.0,0.0,0.0,1.0,0.0,2.0,1.0,0.0,0.0,2.0,0.0,2.0,0.0,1.0,2.0,0.0,1.0,2.0,2.0,0.0,0.0,1.0,0.0,2.0,0.0,2.0,0.0,0.0,0.0,2.0,2.0,1.0,1.0,0.0,2.0,2.0,0.0,1.0,1.0,1.0,0.0,2.0,2.0,0.0,2.0,0.0,0.0,1.0,1.0,1.0,0.0,2.0,0.0,1.0,0.0,2.0,1.0,1.0,0.0,1.0,2.0,1.0,2.0,0.0,2.0,2.0,1.0,0.0,2.0,0.0,0.0
5732,2.0,1.0,2.0,1.0,0.0,0.0,2.0,2.0,1.0,0.0,0.0,0.0,0.0,2.0,2.0,1.0,2.0,1.0,1.0,0.0,1.0,0.0,2.0,0.0,1.0,0.0,2.0,1.0,0.0,1.0,1.0,1.0,1.0,0.0,1.0,2.0,0.0,1.0,2.0,1.0,2.0,0.0,1.0,2.0,0.0,2.0,2.0,1.0,1.0,0.0,1.0,0.0,2.0,0.0,2.0,1.0,1.0,0.0,2.0,2.0,1.0,2.0,1.0,2.0,2.0,1.0,2.0,2.0,0.0,0.0,2.0,0.0,0.0,1.0,0.0,0.0,1.0,1.0,1.0,0.0,1.0,0.0,2.0,0.0,2.0,1.0,1.0,1.0,1.0,1.0,1.0,1.0,0.0,1.0,1.0,1.0,0.0,2.0,1.0,1.0
5741,2.0,0.0,2.0,0.0,1.0,0.0,1.0,1.0,1.0,0.0,0.0,1.0,0.0,2.0,2.0,2.0,2.0,0.0,1.0,1.0,2.0,1.0,1.0,0.0,1.0,1.0,2.0,0.0,1.0,2.0,1.0,1.0,1.0,1.0,0.0,1.0,1.0,1.0,2.0,0.0,2.0,0.0,0.0,2.0,0.0,0.0,2.0,2.0,1.0,0.0,1.0,0.0,2.0,0.0,2.0,1.0,2.0,0.0,2.0,1.0,1.0,2.0,1.0,2.0,2.0,1.0,1.0,1.0,1.0,0.0,2.0,1.0,0.0,1.0,1.0,0.0,1.0,1.0,1.0,0.0,2.0,0.0,1.0,0.0,2.0,0.0,0.0,2.0,0.0,1.0,2.0,2.0,0.0,2.0,1.0,2.0,0.0,2.0,1.0,0.0
5763,2.0,1.0,1.0,0.0,0.0,0.0,1.0,0.0,2.0,0.0,2.0,1.0,0.0,2.0,2.0,1.0,2.0,2.0,1.0,0.0,2.0,1.0,1.0,0.0,1.0,1.0,2.0,1.0,2.0,2.0,0.0,1.0,2.0,0.0,1.0,2.0,2.0,0.0,1.0,1.0,2.0,1.0,2.0,0.0,0.0,1.0,2.0,2.0,2.0,0.0,0.0,0.0,2.0,0.0,2.0,1.0,0.0,0.0,2.0,1.0,1.0,2.0,0.0,1.0,2.0,0.0,2.0,0.0,2.0,0.0,2.0,2.0,0.0,2.0,1.0,0.0,2.0,1.0,1.0,0.0,1.0,0.0,0.0,1.0,2.0,0.0,2.0,0.0,0.0,1.0,2.0,2.0,0.0,2.0,2.0,2.0,1.0,2.0,0.0,0.0
5764,1.0,0.0,1.0,1.0,0.0,0.0,1.0,1.0,1.0,0.0,2.0,1.0,1.0,1.0,2.0,2.0,2.0,2.0,1.0,0.0,2.0,1.0,1.0,0.0,1.0,1.0,2.0,1.0,1.0,2.0,0.0,2.0,2.0,0.0,1.0,2.0,1.0,1.0,1.0,2.0,2.0,1.0,2.0,1.0,0.0,2.0,2.0,2.0,2.0,0.0,0.0,0.0,2.0,0.0,2.0,2.0,0.0,0.0,2.0,2.0,1.0,2.0,0.0,2.0,2.0,0.0,2.0,0.0,0.0,0.0,2.0,2.0,0.0,1.0,1.0,2.0,2.0,1.0,1.0,0.0,1.0,0.0,1.0,1.0,2.0,0.0,2.0,1.0,0.0,2.0,1.0,2.0,0.0,2.0,2.0,2.0,1.0,2.0,0.0,0.0
5785,2.0,0.0,1.0,0.0,0.0,0.0,1.0,2.0,0.0,0.0,0.0,0.0,2.0,1.0,1.0,2.0,1.0,1.0,0.0,1.0,2.0,1.0,2.0,0.0,2.0,1.0,2.0,1.0,2.0,1.0,1.0,1.0,0.0,0.0,2.0,0.0,1.0,1.0,2.0,2.0,2.0,0.0,2.0,2.0,0.0,2.0,2.0,1.0,1.0,1.0,2.0,0.0,2.0,0.0,2.0,0.0,2.0,0.0,2.0,2.0,1.0,2.0,1.0,2.0,2.0,1.0,1.0,0.0,1.0,1.0,2.0,2.0,0.0,1.0,0.0,1.0,0.0,0.0,0.0,0.0,2.0,0.0,0.0,0.0,2.0,1.0,1.0,2.0,1.0,2.0,2.0,2.0,1.0,2.0,0.0,1.0,1.0,2.0,1.0,1.0
5798,1.0,0.0,2.0,0.0,1.0,0.0,1.0,2.0,2.0,0.0,1.0,1.0,2.0,2.0,1.0,1.0,2.0,1.0,2.0,0.0,1.0,0.0,2.0,0.0,2.0,0.0,2.0,1.0,2.0,2.0,0.0,0.0,1.0,0.0,0.0,1.0,2.0,2.0,1.0,1.0,2.0,1.0,1.0,1.0,0.0,0.0,2.0,1.0,1.0,0.0,0.0,0.0,2.0,0.0,2.0,0.0,1.0,0.0,2.0,0.0,0.0,2.0,0.0,1.0,2.0,0.0,0.0,1.0,1.0,1.0,2.0,2.0,0.0,0.0,0.0,0.0,0.0,0.0,1.0,0.0,1.0,1.0,1.0,2.0,2.0,1.0,1.0,2.0,0.0,1.0,2.0,1.0,0.0,2.0,2.0,2.0,1.0,2.0,1.0,0.0
5801,2.0,0.0,1.0,0.0,0.0,0.0,1.0,2.0,2.0,0.0,2.0,0.0,2.0,2.0,1.0,2.0,2.0,1.0,0.0,0.0,2.0,0.0,2.0,0.0,2.0,2.0,2.0,2.0,1.0,0.0,0.0,1.0,1.0,0.0,1.0,0.0,2.0,2.0,2.0,1.0,2.0,0.0,1.0,2.0,0.0,0.0,2.0,2.0,1.0,0.0,1.0,0.0,2.0,0.0,2.0,0.0,2.0,0.0,2.0,2.0,1.0,1.0,0.0,2.0,2.0,0.0,1.0,1.0,1.0,1.0,2.0,1.0,0.0,0.0,0.0,0.0,1.0,0.0,0.0,0.0,2.0,1.0,1.0,2.0,2.0,0.0,1.0,1.0,2.0,2.0,2.0,1.0,1.0,2.0,1.0,2.0,1.0,2.0,1.0,1.0
5834,1.0,0.0,1.0,0.0,0.0,0.0,0.0,2.0,2.0,0.0,2.0,1.0,1.0,0.0,1.0,2.0,2.0,0.0,2.0,0.0,1.0,0.0,1.0,1.0,2.0,1.0,1.0,0.0,0.0,1.0,0.0,1.0,2.0,0.0,0.0,1.0,2.0,1.0,1.0,2.0,2.0,0.0,1.0,0.0,0.0,1.0,2.0,1.0,0.0,0.0,0.0,0.0,2.0,0.0,2.0,0.0,1.0,0.0,2.0,1.0,0.0,1.0,0.0,2.0,2.0,0.0,0.0,1.0,1.0,0.0,2.0,2.0,0.0,1.0,0.0,0.0,0.0,0.0,1.0,0.0,2.0,1.0,2.0,2.0,2.0,0.0,2.0,1.0,1.0,2.0,1.0,1.0,0.0,2.0,1.0,2.0,0.0,2.0,2.0,0.0
5842,2.0,0.0,2.0,1.0,0.0,0.0,0.0,1.0,1.0,0.0,2.0,1.0,0.0,2.0,1.0,2.0,2.0,1.0,0.0,0.0,1.0,0.0,1.0,0.0,2.0,1.0,2.0,1.0,1.0,1.0,0.0,1.0,2.0,0.0,2.0,1.0,1.0,1.0,1.0,2.0,2.0,2.0,2.0,1.0,0.0,0.0,2.0,2.0,1.0,0.0,0.0,0.0,2.0,0.0,2.0,0.0,2.0,0.0,2.0,2.0,2.0,2.0,0.0,2.0,2.0,0.0,1.0,2.0,1.0,0.0,2.0,2.0,0.0,1.0,0.0,1.0,1.0,0.0,1.0,0.0,1.0,1.0,0.0,2.0,2.0,0.0,1.0,0.0,0.0,2.0,2.0,2.0,0.0,1.0,1.0,2.0,0.0,2.0,2.0,0.0
5844,2.0,0.0,2.0,0.0,0.0,0.0,1.0,1.0,0.0,0.0,2.0,1.0,2.0,1.0,2.0,2.0,2.0,1.0,0.0,0.0,1.0,0.0,1.0,0.0,1.0,1.0,2.0,1.0,1.0,2.0,0.0,1.0,1.0,0.0,2.0,2.0,2.0,1.0,1.0,1.0,2.0,0.0,2.0,1.0,0.0,1.0,2.0,2.0,2.0,0.0,0.0,0.0,2.0,0.0,2.0,1.0,1.0,0.0,2.0,1.0,2.0,1.0,0.0,1.0,2.0,1.0,1.0,1.0,1.0,0.0,2.0,2.0,0.0,1.0,0.0,1.0,1.0,1.0,1.0,0.0,0.0,1.0,0.0,2.0,2.0,0.0,1.0,1.0,0.0,1.0,2.0,2.0,0.0,2.0,2.0,2.0,1.0,2.0,1.0,0.0
5853,2.0,0.0,0.0,1.0,0.0,0.0,1.0,2.0,1.0,0.0,2.0,1.0,1.0,2.0,1.0,2.0,2.0,2.0,1.0,0.0,2.0,0.0,2.0,0.0,2.0,1.0,1.0,0.0,1.0,1.0,0.0,1.0,1.0,1.0,1.0,1.0,1.0,2.0,2.0,2.0,2.0,0.0,1.0,2.0,0.0,1.0,2.0,1.0,1.0,0.0,1.0,0.0,1.0,0.0,2.0,0.0,1.0,0.0,2.0,2.0,1.0,1.0,0.0,1.0,2.0,0.0,0.0,0.0,2.0,0.0,2.0,2.0,0.0,0.0,0.0,0.0,0.0,0.0,1.0,0.0,2.0,2.0,1.0,1.0,2.0,1.0,2.0,1.0,2.0,2.0,1.0,0.0,0.0,2.0,0.0,2.0,2.0,2.0,0.0,0.0
5865,2.0,0.0,1.0,1.0,0.0,0.0,0.0,2.0,2.0,1.0,1.0,2.0,2.0,2.0,2.0,2.0,2.0,1.0,0.0,0.0,2.0,0.0,1.0,0.0,2.0,2.0,1.0,1.0,1.0,1.0,0.0,1.0,2.0,0.0,0.0,0.0,1.0,1.0,2.0,2.0,2.0,1.0,2.0,2.0,0.0,1.0,2.0,2.0,1.0,1.0,0.0,0.0,2.0,0.0,2.0,1.0,0.0,0.0,2.0,2.0,1.0,1.0,1.0,2.0,2.0,1.0,1.0,0.0,1.0,0.0,2.0,1.0,0.0,1.0,0.0,0.0,1.0,0.0,0.0,0.0,1.0,1.0,1.0,1.0,2.0,0.0,1.0,2.0,2.0,2.0,2.0,0.0,1.0,2.0,2.0,2.0,0.0,2.0,1.0,1.0
5871,1.0,1.0,2.0,0.0,0.0,0.0,2.0,2.0,2.0,0.0,1.0,1.0,2.0,2.0,2.0,2.0,2.0,0.0,1.0,1.0,2.0,0.0,1.0,1.0,1.0,1.0,2.0,2.0,2.0,2.0,1.0,2.0,1.0,0.0,1.0,2.0,1.0,2.0,2.0,1.0,2.0,1.0,2.0,2.0,0.0,0.0,2.0,2.0,1.0,0.0,0.0,0.0,2.0,0.0,2.0,1.0,1.0,0.0,2.0,1.0,2.0,2.0,1.0,1.0,2.0,1.0,2.0,1.0,1.0,1.0,2.0,2.0,0.0,0.0,0.0,0.0,1.0,1.0,1.0,0.0,2.0,2.0,0.0,1.0,2.0,1.0,1.0,1.0,1.0,1.0,1.0,2.0,0.0,2.0,1.0,1.0,1.0,2.0,1.0,1.0
5873,1.0,1.0,0.0,0.0,0.0,0.0,1.0,2.0,2.0,0.0,2.0,1.0,2.0,1.0,1.0,2.0,2.0,0.0,1.0,0.0,2.0,0.0,1.0,0.0,1.0,1.0,2.0,0.0,1.0,1.0,1.0,1.0,2.0,0.0,1.0,2.0,1.0,1.0,2.0,1.0,2.0,2.0,2.0,1.0,0.0,1.0,2.0,2.0,1.0,0.0,0.0,0.0,2.0,0.0,2.0,0.0,1.0,0.0,2.0,2.0,2.0,2.0,1.0,1.0,2.0,1.0,1.0,2.0,1.0,1.0,2.0,0.0,0.0,0.0,0.0,1.0,0.0,1.0,0.0,0.0,1.0,0.0,0.0,2.0,2.0,1.0,0.0,1.0,1.0,2.0,2.0,2.0,0.0,1.0,2.0,2.0,0.0,2.0,0.0,1.0
5895,2.0,0.0,1.0,1.0,0.0,0.0,2.0,2.0,1.0,0.0,1.0,2.0,2.0,2.0,1.0,2.0,1.0,0.0,2.0,1.0,2.0,0.0,2.0,0.0,2.0,1.0,1.0,1.0,1.0,2.0,0.0,1.0,1.0,1.0,1.0,2.0,1.0,0.0,2.0,1.0,2.0,1.0,1.0,1.0,0.0,1.0,2.0,2.0,2.0,1.0,0.0,0.0,2.0,0.0,2.0,1.0,1.0,0.0,2.0,0.0,0.0,2.0,1.0,1.0,2.0,0.0,1.0,0.0,2.0,0.0,2.0,2.0,0.0,2.0,0.0,1.0,1.0,0.0,0.0,0.0,2.0,2.0,1.0,1.0,2.0,0.0,2.0,2.0,1.0,1.0,1.0,2.0,1.0,2.0,2.0,1.0,2.0,2.0,0.0,2.0
5901,2.0,0.0,2.0,1.0,0.0,0.0,1.0,0.0,0.0,0.0,1.0,0.0,0.0,2.0,1.0,1.0,2.0,2.0,2.0,0.0,2.0,0.0,0.0,0.0,2.0,1.0,1.0,1.0,2.0,2.0,0.0,0.0,2.0,0.0,2.0,1.0,1.0,0.0,1.0,1.0,2.0,0.0,2.0,1.0,0.0,1.0,2.0,2.0,1.0,1.0,1.0,0.0,2.0,0.0,2.0,1.0,1.0,0.0,2.0,2.0,1.0,2.0,0.0,1.0,2.0,0.0,2.0,1.0,0.0,0.0,2.0,1.0,0.0,2.0,1.0,1.0,1.0,0.0,1.0,0.0,1.0,0.0,1.0,0.0,2.0,0.0,2.0,1.0,1.0,1.0,2.0,1.0,0.0,2.0,1.0,2.0,0.0,2.0,0.0,0.0
5902,1.0,0.0,1.0,0.0,0.0,0.0,1.0,2.0,2.0,0.0,0.0,1.0,2.0,2.0,2.0,2.0,2.0,1.0,1.0,0.0,2.0,0.0,1.0,0.0,2.0,2.0,2.0,1.0,2.0,1.0,0.0,1.0,2.0,0.0,0.0,0.0,2.0,2.0,2.0,1.0,2.0,2.0,2.0,2.0,0.0,0.0,2.0,2.0,2.0,2.0,0.0,0.0,2.0,0.0,2.0,2.0,2.0,0.0,1.0,1.0,1.0,2.0,0.0,2.0,2.0,0.0,1.0,0.0,1.0,0.0,2.0,2.0,0.0,0.0,0.0,0.0,1.0,0.0,0.0,0.0,1.0,0.0,0.0,1.0,2.0,0.0,2.0,2.0,0.0,1.0,2.0,2.0,0.0,2.0,2.0,0.0,2.0,1.0,0.0,0.0
5908,1.0,0.0,1.0,1.0,0.0,0.0,2.0,2.0,2.0,0.0,1.0,1.0,1.0,2.0,2.0,1.0,2.0,0.0,0.0,0.0,2.0,0.0,1.0,1.0,2.0,0.0,2.0,2.0,2.0,2.0,0.0,1.0,1.0,0.0,0.0,2.0,2.0,1.0,2.0,2.0,2.0,2.0,2.0,2.0,0.0,1.0,2.0,2.0,1.0,1.0,1.0,0.0,2.0,0.0,2.0,0.0,0.0,0.0,2.0,0.0,1.0,2.0,0.0,2.0,2.0,0.0,1.0,0.0,2.0,0.0,2.0,2.0,0.0,0.0,1.0,0.0,2.0,0.0,0.0,0.0,2.0,1.0,1.0,2.0,2.0,0.0,2.0,1.0,1.0,1.0,0.0,1.0,1.0,2.0,2.0,1.0,1.0,2.0,0.0,1.0
5910,2.0,0.0,1.0,1.0,0.0,1.0,1.0,2.0,2.0,0.0,0.0,2.0,2.0,2.0,2.0,2.0,1.0,1.0,1.0,1.0,2.0,0.0,0.0,0.0,2.0,0.0,2.0,0.0,2.0,2.0,1.0,1.0,1.0,1.0,1.0,1.0,0.0,2.0,2.0,1.0,2.0,2.0,1.0,2.0,0.0,0.0,2.0,1.0,2.0,0.0,1.0,0.0,2.0,0.0,2.0,2.0,0.0,0.0,1.0,0.0,1.0,2.0,1.0,2.0,2.0,1.0,1.0,0.0,1.0,0.0,2.0,1.0,0.0,0.0,0.0,0.0,0.0,1.0,0.0,0.0,2.0,2.0,0.0,1.0,2.0,0.0,1.0,2.0,1.0,1.0,1.0,2.0,1.0,2.0,2.0,2.0,0.0,1.0,1.0,0.0
5914,1.0,0.0,1.0,0.0,0.0,0.0,0.0,0.0,2.0,1.0,2.0,1.0,2.0,1.0,1.0,2.0,2.0,1.0,2.0,0.0,2.0,0.0,1.0,1.0,2.0,1.0,2.0,1.0,1.0,2.0,0.0,1.0,0.0,0.0,2.0,2.0,2.0,1.0,1.0,1.0,2.0,1.0,2.0,1.0,0.0,1.0,1.0,2.0,0.0,1.0,0.0,0.0,2.0,0.0,2.0,0.0,0.0,0.0,2.0,1.0,1.0,2.0,1.0,2.0,2.0,0.0,2.0,0.0,0.0,0.0,2.0,2.0,0.0,1.0,1.0,1.0,1.0,0.0,0.0,0.0,1.0,1.0,1.0,1.0,2.0,0.0,2.0,1.0,1.0,2.0,2.0,1.0,1.0,2.0,1.0,2.0,2.0,2.0,0.0,0.0
5923,2.0,0.0,2.0,1.0,0.0,0.0,0.0,2.0,2.0,0.0,1.0,0.0,2.0,1.0,2.0,2.0,2.0,2.0,2.0,0.0,2.0,1.0,1.0,0.0,2.0,1.0,2.0,0.0,1.0,2.0,0.0,1.0,2.0,0.0,1.0,1.0,2.0,2.0,1.0,1.0,2.0,1.0,2.0,1.0,0.0,1.0,2.0,2.0,2.0,0.0,1.0,0.0,2.0,0.0,2.0,1.0,0.0,0.0,2.0,1.0,1.0,2.0,0.0,2.0,2.0,0.0,1.0,0.0,1.0,0.0,2.0,2.0,0.0,0.0,0.0,2.0,1.0,0.0,1.0,0.0,1.0,1.0,1.0,2.0,2.0,0.0,2.0,0.0,1.0,1.0,2.0,2.0,0.0,2.0,2.0,2.0,1.0,2.0,1.0,0.0
5935,2.0,0.0,1.0,1.0,0.0,0.0,1.0,2.0,1.0,0.0,1.0,0.0,2.0,1.0,2.0,1.0,2.0,0.0,1.0,1.0,1.0,0.0,2.0,0.0,2.0,0.0,2.0,2.0,1.0,0.0,0.0,0.0,2.0,0.0,1.0,1.0,1.0,2.0,1.0,2.0,2.0,1.0,1.0,2.0,0.0,1.0,2.0,1.0,2.0,0.0,0.0,0.0,2.0,1.0,2.0,0.0,2.0,0.0,1.0,2.0,1.0,1.0,0.0,2.0,2.0,0.0,0.0,1.0,1.0,1.0,2.0,2.0,0.0,0.0,0.0,0.0,0.0,0.0,1.0,0.0,2.0,2.0,0.0,2.0,2.0,0.0,2.0,2.0,1.0,2.0,2.0,1.0,0.0,2.0,1.0,0.0,1.0,2.0,1.0,0.0
5937,0.0,0.0,0.0,1.0,0.0,0.0,1.0,1.0,1.0,1.0,1.0,0.0,1.0,2.0,2.0,1.0,2.0,0.0,0.0,0.0,2.0,0.0,1.0,1.0,1.0,2.0,2.0,0.0,0.0,2.0,1.0,1.0,2.0,0.0,2.0,1.0,0.0,1.0,2.0,2.0,2.0,0.0,2.0,2.0,0.0,0.0,2.0,2.0,0.0,0.0,1.0,0.0,1.0,0.0,2.0,0.0,2.0,0.0,2.0,0.0,0.0,2.0,1.0,1.0,2.0,1.0,0.0,1.0,2.0,0.0,1.0,1.0,0.0,1.0,0.0,0.0,0.0,1.0,2.0,0.0,2.0,1.0,2.0,1.0,2.0,0.0,1.0,1.0,1.0,1.0,1.0,1.0,1.0,2.0,0.0,1.0,1.0,2.0,1.0,0.0
5938,2.0,0.0,1.0,0.0,1.0,0.0,1.0,1.0,2.0,0.0,0.0,0.0,2.0,2.0,2.0,2.0,1.0,2.0,1.0,1.0,2.0,0.0,1.0,0.0,2.0,1.0,2.0,0.0,1.0,2.0,0.0,1.0,1.0,0.0,0.0,1.0,2.0,1.0,2.0,2.0,2.0,1.0,1.0,1.0,0.0,2.0,2.0,2.0,1.0,0.0,0.0,0.0,2.0,0.0,2.0,0.0,2.0,0.0,2.0,1.0,0.0,2.0,1.0,2.0,2.0,0.0,0.0,1.0,1.0,0.0,2.0,2.0,0.0,1.0,0.0,0.0,0.0,0.0,0.0,0.0,1.0,0.0,0.0,1.0,2.0,1.0,2.0,2.0,1.0,1.0,1.0,2.0,1.0,2.0,2.0,2.0,0.0,2.0,0.0,0.0
5939,2.0,0.0,0.0,0.0,1.0,0.0,1.0,2.0,1.0,0.0,0.0,0.0,1.0,2.0,2.0,2.0,1.0,2.0,0.0,0.0,2.0,0.0,1.0,1.0,2.0,1.0,2.0,0.0,1.0,0.0,0.0,1.0,1.0,0.0,0.0,0.0,2.0,2.0,2.0,2.0,2.0,1.0,1.0,1.0,0.0,1.0,2.0,2.0,2.0,0.0,0.0,0.0,2.0,0.0,2.0,0.0,1.0,0.0,2.0,2.0,1.0,2.0,1.0,2.0,2.0,0.0,0.0,1.0,2.0,0.0,2.0,2.0,0.0,0.0,1.0,0.0,0.0,0.0,0.0,0.0,2.0,0.0,0.0,1.0,2.0,2.0,2.0,1.0,0.0,2.0,2.0,2.0,1.0,2.0,2.0,0.0,0.0,2.0,1.0,0.0
5942,0.0,0.0,2.0,2.0,0.0,0.0,1.0,1.0,2.0,0.0,0.0,1.0,2.0,2.0,1.0,2.0,2.0,0.0,0.0,0.0,2.0,0.0,0.0,0.0,2.0,1.0,2.0,1.0,1.0,1.0,0.0,1.0,2.0,0.0,1.0,1.0,0.0,1.0,2.0,1.0,2.0,2.0,2.0,2.0,0.0,0.0,2.0,2.0,1.0,0.0,0.0,0.0,2.0,0.0,2.0,0.0,1.0,0.0,1.0,1.0,1.0,2.0,1.0,1.0,2.0,1.0,1.0,1.0,1.0,0.0,2.0,1.0,0.0,1.0,1.0,0.0,2.0,0.0,0.0,0.0,1.0,1.0,0.0,1.0,2.0,0.0,1.0,2.0,1.0,1.0,2.0,2.0,0.0,2.0,1.0,1.0,1.0,2.0,0.0,0.0
5951,2.0,0.0,1.0,1.0,0.0,0.0,1.0,2.0,2.0,0.0,1.0,1.0,1.0,2.0,1.0,1.0,2.0,1.0,0.0,0.0,2.0,0.0,1.0,0.0,2.0,0.0,2.0,0.0,1.0,1.0,1.0,2.0,2.0,0.0,1.0,1.0,0.0,1.0,2.0,1.0,2.0,0.0,1.0,2.0,0.0,0.0,2.0,1.0,1.0,0.0,1.0,0.0,1.0,0.0,2.0,0.0,0.0,0.0,2.0,2.0,1.0,2.0,1.0,1.0,2.0,1.0,0.0,0.0,1.0,0.0,2.0,2.0,0.0,1.0,0.0,0.0,0.0,0.0,1.0,0.0,1.0,1.0,1.0,1.0,2.0,0.0,1.0,1.0,1.0,2.0,2.0,1.0,0.0,2.0,2.0,1.0,2.0,2.0,1.0,1.0
5955,2.0,0.0,2.0,0.0,0.0,0.0,1.0,2.0,0.0,0.0,1.0,1.0,1.0,1.0,2.0,2.0,2.0,0.0,1.0,0.0,2.0,0.0,2.0,0.0,1.0,1.0,2.0,1.0,1.0,2.0,2.0,0.0,0.0,0.0,0.0,2.0,0.0,2.0,2.0,1.0,2.0,1.0,2.0,2.0,0.0,2.0,2.0,2.0,1.0,2.0,1.0,0.0,2.0,0.0,2.0,0.0,1.0,0.0,2.0,1.0,2.0,2.0,1.0,2.0,2.0,1.0,1.0,1.0,1.0,0.0,2.0,2.0,0.0,0.0,0.0,1.0,1.0,1.0,1.0,0.0,2.0,1.0,1.0,2.0,2.0,0.0,0.0,0.0,2.0,1.0,2.0,2.0,1.0,2.0,1.0,1.0,0.0,2.0,0.0,0.0
5956,2.0,1.0,0.0,1.0,0.0,0.0,1.0,2.0,1.0,0.0,1.0,0.0,0.0,2.0,2.0,2.0,2.0,2.0,0.0,0.0,2.0,0.0,1.0,0.0,2.0,1.0,2.0,0.0,2.0,2.0,0.0,1.0,1.0,1.0,1.0,1.0,1.0,2.0,1.0,2.0,2.0,0.0,2.0,2.0,0.0,2.0,2.0,2.0,0.0,1.0,1.0,0.0,2.0,0.0,2.0,1.0,2.0,0.0,2.0,1.0,2.0,2.0,0.0,1.0,2.0,1.0,0.0,1.0,2.0,1.0,2.0,2.0,0.0,0.0,0.0,1.0,1.0,0.0,1.0,0.0,2.0,2.0,1.0,2.0,2.0,0.0,2.0,1.0,2.0,1.0,2.0,2.0,1.0,2.0,1.0,2.0,1.0,2.0,1.0,1.0
5959,2.0,1.0,1.0,1.0,0.0,0.0,1.0,1.0,1.0,0.0,0.0,1.0,0.0,1.0,1.0,2.0,2.0,1.0,0.0,0.0,1.0,1.0,1.0,0.0,0.0,1.0,2.0,1.0,2.0,2.0,0.0,2.0,1.0,1.0,1.0,2.0,1.0,2.0,2.0,1.0,2.0,1.0,2.0,2.0,0.0,2.0,2.0,2.0,1.0,0.0,1.0,0.0,2.0,0.0,2.0,1.0,2.0,0.0,2.0,0.0,2.0,2.0,1.0,2.0,2.0,0.0,1.0,2.0,1.0,0.0,2.0,1.0,0.0,0.0,0.0,0.0,0.0,2.0,1.0,0.0,2.0,1.0,0.0,1.0,2.0,0.0,2.0,1.0,1.0,1.0,1.0,1.0,1.0,2.0,1.0,2.0,0.0,2.0,0.0,1.0
5960,2.0,1.0,2.0,1.0,0.0,0.0,2.0,2.0,2.0,0.0,0.0,1.0,1.0,1.0,2.0,2.0,2.0,2.0,0.0,1.0,2.0,1.0,1.0,0.0,0.0,1.0,2.0,1.0,1.0,2.0,1.0,1.0,1.0,0.0,0.0,2.0,0.0,0.0,2.0,1.0,2.0,0.0,2.0,2.0,0.0,2.0,2.0,2.0,2.0,1.0,1.0,0.0,2.0,0.0,2.0,2.0,1.0,0.0,2.0,0.0,1.0,2.0,0.0,2.0,2.0,1.0,2.0,2.0,0.0,0.0,2.0,2.0,0.0,1.0,0.0,0.0,0.0,2.0,1.0,0.0,2.0,0.0,0.0,1.0,2.0,0.0,1.0,1.0,1.0,2.0,1.0,1.0,0.0,2.0,2.0,2.0,0.0,2.0,2.0,1.0
5961,1.0,1.0,1.0,0.0,0.0,0.0,1.0,2.0,1.0,0.0,1.0,0.0,1.0,0.0,2.0,1.0,2.0,1.0,1.0,1.0,2.0,0.0,1.0,0.0,2.0,1.0,1.0,0.0,2.0,1.0,1.0,0.0,1.0,0.0,1.0,2.0,1.0,1.0,2.0,2.0,2.0,0.0,2.0,1.0,0.0,1.0,2.0,1.0,0.0,0.0,0.0,0.0,2.0,0.0,2.0,1.0,1.0,0.0,2.0,1.0,1.0,2.0,1.0,1.0,2.0,0.0,1.0,1.0,2.0,0.0,2.0,1.0,0.0,0.0,0.0,0.0,0.0,0.0,0.0,0.0,2.0,1.0,1.0,2.0,2.0,1.0,0.0,1.0,2.0,2.0,2.0,2.0,1.0,2.0,1.0,1.0,0.0,2.0,1.0,1.0
5962,1.0,0.0,1.0,0.0,0.0,0.0,1.0,2.0,2.0,0.0,1.0,0.0,0.0,2.0,2.0,2.0,2.0,2.0,1.0,1.0,2.0,0.0,1.0,0.0,1.0,0.0,1.0,1.0,2.0,1.0,1.0,2.0,1.0,0.0,1.0,2.0,1.0,2.0,2.0,2.0,2.0,0.0,2.0,1.0,0.0,1.0,2.0,1.0,0.0,0.0,0.0,0.0,2.0,0.0,2.0,1.0,2.0,0.0,2.0,1.0,2.0,2.0,0.0,1.0,2.0,1.0,0.0,2.0,1.0,0.0,2.0,2.0,0.0,0.0,0.0,0.0,0.0,1.0,1.0,0.0,2.0,2.0,1.0,2.0,2.0,0.0,0.0,2.0,2.0,2.0,2.0,2.0,0.0,2.0,1.0,0.0,0.0,2.0,0.0,0.0
5966,0.0,0.0,1.0,0.0,0.0,0.0,0.0,1.0,2.0,0.0,1.0,1.0,2.0,1.0,1.0,1.0,2.0,1.0,1.0,0.0,1.0,1.0,2.0,0.0,2.0,0.0,2.0,2.0,1.0,1.0,1.0,1.0,1.0,1.0,1.0,1.0,1.0,1.0,2.0,2.0,2.0,0.0,2.0,1.0,0.0,2.0,2.0,1.0,2.0,1.0,0.0,0.0,2.0,0.0,2.0,0.0,1.0,0.0,2.0,1.0,2.0,1.0,0.0,1.0,2.0,0.0,0.0,0.0,2.0,0.0,2.0,2.0,0.0,1.0,1.0,0.0,1.0,0.0,1.0,0.0,2.0,2.0,1.0,1.0,2.0,0.0,2.0,2.0,1.0,2.0,1.0,1.0,0.0,2.0,1.0,1.0,2.0,2.0,2.0,0.0
5976,2.0,0.0,0.0,1.0,0.0,0.0,2.0,1.0,2.0,0.0,0.0,0.0,1.0,2.0,2.0,2.0,2.0,1.0,2.0,1.0,2.0,0.0,1.0,0.0,2.0,2.0,2.0,0.0,0.0,1.0,0.0,1.0,1.0,0.0,1.0,1.0,2.0,2.0,1.0,1.0,2.0,0.0,1.0,0.0,0.0,0.0,2.0,2.0,1.0,0.0,1.0,0.0,2.0,0.0,2.0,2.0,1.0,0.0,2.0,1.0,1.0,2.0,1.0,2.0,2.0,0.0,0.0,0.0,1.0,0.0,2.0,0.0,0.0,0.0,0.0,2.0,1.0,0.0,0.0,0.0,2.0,2.0,0.0,0.0,2.0,1.0,2.0,1.0,1.0,1.0,2.0,2.0,0.0,2.0,0.0,1.0,2.0,1.0,0.0,1.0
5979,1.0,0.0,1.0,0.0,0.0,0.0,2.0,1.0,1.0,0.0,0.0,0.0,2.0,2.0,2.0,1.0,2.0,2.0,0.0,1.0,2.0,0.0,1.0,0.0,1.0,0.0,2.0,0.0,0.0,1.0,1.0,2.0,2.0,0.0,1.0,1.0,1.0,2.0,2.0,1.0,2.0,1.0,1.0,2.0,0.0,0.0,2.0,1.0,1.0,1.0,0.0,0.0,2.0,0.0,2.0,1.0,2.0,0.0,2.0,2.0,1.0,2.0,1.0,2.0,2.0,1.0,1.0,1.0,1.0,2.0,2.0,1.0,0.0,0.0,0.0,0.0,1.0,1.0,1.0,0.0,1.0,0.0,0.0,0.0,2.0,1.0,1.0,1.0,1.0,2.0,1.0,2.0,0.0,2.0,1.0,2.0,1.0,1.0,0.0,1.0
5982,2.0,1.0,2.0,1.0,0.0,0.0,1.0,1.0,2.0,0.0,1.0,0.0,0.0,2.0,2.0,2.0,2.0,1.0,2.0,1.0,2.0,0.0,2.0,0.0,2.0,0.0,2.0,1.0,1.0,2.0,0.0,1.0,1.0,0.0,1.0,1.0,1.0,1.0,2.0,1.0,2.0,1.0,1.0,2.0,0.0,2.0,2.0,2.0,0.0,1.0,1.0,0.0,2.0,0.0,2.0,0.0,2.0,0.0,2.0,2.0,2.0,2.0,0.0,2.0,2.0,1.0,2.0,1.0,1.0,1.0,2.0,1.0,0.0,1.0,0.0,0.0,1.0,0.0,0.0,0.0,1.0,0.0,1.0,0.0,2.0,0.0,1.0,0.0,1.0,1.0,2.0,1.0,0.0,2.0,0.0,2.0,0.0,2.0,0.0,2.0
5983,1.0,1.0,2.0,0.0,0.0,0.0,1.0,1.0,1.0,0.0,0.0,1.0,0.0,2.0,2.0,1.0,2.0,2.0,2.0,1.0,2.0,0.0,1.0,0.0,1.0,1.0,2.0,1.0,1.0,1.0,1.0,0.0,1.0,0.0,0.0,1.0,1.0,1.0,2.0,1.0,2.0,1.0,1.0,2.0,0.0,2.0,2.0,1.0,0.0,0.0,1.0,0.0,2.0,0.0,2.0,1.0,1.0,0.0,2.0,2.0,1.0,2.0,0.0,2.0,2.0,0.0,1.0,2.0,1.0,0.0,2.0,1.0,0.0,1.0,1.0,0.0,0.0,1.0,1.0,0.0,2.0,1.0,1.0,0.0,2.0,0.0,2.0,2.0,2.0,2.0,1.0,2.0,0.0,2.0,2.0,1.0,0.0,2.0,1.0,1.0
5987,2.0,0.0,2.0,0.0,0.0,0.0,1.0,2.0,1.0,0.0,1.0,1.0,0.0,2.0,2.0,2.0,2.0,2.0,0.0,1.0,2.0,1.0,1.0,1.0,1.0,1.0,1.0,0.0,0.0,2.0,1.0,2.0,0.0,0.0,0.0,2.0,1.0,2.0,2.0,1.0,2.0,1.0,1.0,2.0,0.0,2.0,2.0,1.0,2.0,1.0,2.0,0.0,2.0,0.0,2.0,2.0,0.0,0.0,2.0,1.0,0.0,2.0,0.0,2.0,2.0,1.0,0.0,2.0,2.0,0.0,2.0,2.0,0.0,0.0,0.0,0.0,1.0,1.0,1.0,0.0,2.0,0.0,0.0,0.0,2.0,0.0,1.0,1.0,2.0,1.0,1.0,2.0,1.0,2.0,2.0,1.0,0.0,2.0,0.0,0.0
5988,1.0,0.0,2.0,0.0,0.0,0.0,1.0,1.0,2.0,0.0,0.0,0.0,1.0,2.0,1.0,2.0,2.0,2.0,1.0,0.0,1.0,0.0,1.0,1.0,1.0,1.0,1.0,1.0,1.0,2.0,1.0,1.0,1.0,0.0,1.0,1.0,1.0,1.0,1.0,0.0,2.0,1.0,2.0,2.0,0.0,2.0,2.0,2.0,2.0,1.0,1.0,0.0,2.0,0.0,2.0,2.0,1.0,0.0,2.0,1.0,1.0,2.0,0.0,2.0,2.0,1.0,0.0,2.0,1.0,0.0,2.0,2.0,0.0,1.0,0.0,0.0,1.0,1.0,1.0,0.0,2.0,0.0,0.0,1.0,2.0,1.0,1.0,0.0,1.0,1.0,1.0,2.0,0.0,2.0,1.0,1.0,0.0,2.0,0.0,0.0
5995,1.0,0.0,2.0,1.0,0.0,0.0,2.0,1.0,1.0,0.0,0.0,1.0,0.0,2.0,0.0,2.0,2.0,2.0,0.0,1.0,2.0,1.0,2.0,0.0,2.0,2.0,2.0,1.0,1.0,2.0,0.0,1.0,1.0,0.0,0.0,1.0,2.0,1.0,2.0,1.0,2.0,1.0,1.0,2.0,0.0,1.0,2.0,2.0,1.0,0.0,1.0,0.0,2.0,0.0,2.0,2.0,1.0,1.0,2.0,2.0,1.0,2.0,0.0,1.0,2.0,0.0,1.0,2.0,1.0,0.0,2.0,2.0,0.0,1.0,1.0,0.0,1.0,0.0,0.0,0.0,2.0,0.0,0.0,2.0,2.0,1.0,1.0,1.0,2.0,2.0,1.0,2.0,1.0,2.0,2.0,1.0,1.0,2.0,0.0,0.0
5998,0.0,0.0,1.0,0.0,1.0,1.0,0.0,2.0,2.0,0.0,1.0,0.0,1.0,1.0,2.0,1.0,2.0,1.0,2.0,1.0,2.0,0.0,0.0,0.0,2.0,1.0,1.0,1.0,1.0,1.0,1.0,1.0,2.0,0.0,1.0,1.0,1.0,1.0,2.0,2.0,2.0,1.0,1.0,1.0,0.0,1.0,2.0,2.0,1.0,0.0,0.0,0.0,2.0,0.0,2.0,2.0,2.0,0.0,2.0,2.0,0.0,2.0,0.0,2.0,2.0,0.0,0.0,1.0,2.0,1.0,2.0,1.0,0.0,1.0,1.0,1.0,1.0,0.0,0.0,0.0,2.0,2.0,0.0,1.0,2.0,1.0,0.0,2.0,1.0,2.0,1.0,2.0,0.0,2.0,1.0,2.0,0.0,2.0,1.0,0.0
6002,2.0,1.0,2.0,1.0,0.0,0.0,1.0,2.0,2.0,0.0,1.0,1.0,1.0,2.0,1.0,2.0,2.0,1.0,2.0,0.0,2.0,0.0,2.0,0.0,2.0,2.0,2.0,0.0,2.0,2.0,0.0,1.0,2.0,0.0,0.0,1.0,2.0,0.0,2.0,1.0,2.0,1.0,0.0,1.0,0.0,1.0,2.0,2.0,1.0,0.0,0.0,0.0,2.0,0.0,2.0,1.0,0.0,0.0,2.0,0.0,2.0,2.0,0.0,2.0,2.0,0.0,0.0,1.0,1.0,0.0,2.0,2.0,0.0,2.0,1.0,1.0,0.0,0.0,0.0,0.0,2.0,1.0,1.0,1.0,2.0,1.0,2.0,0.0,1.0,1.0,2.0,1.0,1.0,2.0,2.0,2.0,0.0,2.0,1.0,0.0
6003,2.0,0.0,2.0,0.0,1.0,0.0,2.0,1.0,1.0,0.0,0.0,1.0,0.0,2.0,2.0,2.0,2.0,1.0,1.0,1.0,1.0,1.0,0.0,0.0,2.0,2.0,1.0,1.0,2.0,2.0,1.0,2.0,0.0,1.0,0.0,1.0,1.0,1.0,2.0,1.0,2.0,0.0,0.0,2.0,0.0,1.0,2.0,2.0,2.0,0.0,1.0,0.0,2.0,0.0,2.0,1.0,2.0,0.0,2.0,1.0,2.0,2.0,1.0,2.0,2.0,0.0,1.0,1.0,2.0,1.0,2.0,1.0,0.0,1.0,1.0,0.0,2.0,0.0,0.0,0.0,2.0,0.0,1.0,0.0,2.0,0.0,1.0,2.0,1.0,1.0,1.0,2.0,1.0,2.0,2.0,1.0,0.0,2.0,1.0,0.0
6010,1.0,1.0,0.0,0.0,0.0,0.0,2.0,2.0,1.0,0.0,0.0,1.0,1.0,2.0,2.0,2.0,2.0,0.0,0.0,0.0,2.0,0.0,2.0,0.0,1.0,2.0,2.0,0.0,1.0,1.0,2.0,1.0,1.0,1.0,0.0,2.0,0.0,2.0,2.0,2.0,2.0,0.0,2.0,2.0,0.0,1.0,2.0,2.0,0.0,0.0,0.0,0.0,2.0,0.0,2.0,1.0,1.0,0.0,2.0,1.0,1.0,2.0,1.0,2.0,2.0,2.0,0.0,1.0,1.0,0.0,2.0,1.0,0.0,0.0,1.0,0.0,0.0,2.0,1.0,0.0,2.0,2.0,0.0,2.0,2.0,0.0,0.0,2.0,2.0,1.0,2.0,2.0,1.0,2.0,1.0,2.0,0.0,2.0,1.0,0.0
6011,1.0,1.0,2.0,0.0,1.0,0.0,1.0,2.0,2.0,0.0,1.0,0.0,0.0,1.0,2.0,2.0,2.0,0.0,0.0,0.0,2.0,0.0,2.0,0.0,2.0,2.0,2.0,2.0,2.0,2.0,0.0,0.0,1.0,1.0,1.0,2.0,2.0,2.0,1.0,2.0,2.0,1.0,2.0,1.0,0.0,1.0,2.0,2.0,2.0,1.0,1.0,0.0,2.0,0.0,2.0,0.0,2.0,0.0,2.0,0.0,2.0,2.0,1.0,1.0,2.0,0.0,1.0,0.0,2.0,1.0,2.0,1.0,0.0,0.0,0.0,0.0,0.0,0.0,1.0,0.0,2.0,1.0,1.0,2.0,2.0,0.0,2.0,1.0,0.0,0.0,2.0,2.0,1.0,2.0,0.0,0.0,1.0,2.0,1.0,0.0
6017,2.0,0.0,2.0,0.0,1.0,0.0,0.0,1.0,2.0,0.0,0.0,1.0,0.0,2.0,2.0,2.0,2.0,0.0,2.0,1.0,1.0,0.0,1.0,0.0,2.0,1.0,2.0,1.0,2.0,2.0,0.0,0.0,2.0,0.0,1.0,1.0,2.0,1.0,1.0,2.0,2.0,1.0,0.0,2.0,0.0,2.0,2.0,2.0,1.0,0.0,0.0,0.0,2.0,0.0,2.0,1.0,2.0,0.0,1.0,2.0,0.0,2.0,1.0,2.0,2.0,0.0,0.0,1.0,1.0,1.0,2.0,2.0,0.0,1.0,1.0,1.0,0.0,0.0,1.0,0.0,2.0,1.0,0.0,2.0,2.0,0.0,1.0,2.0,2.0,2.0,2.0,2.0,0.0,2.0,1.0,2.0,1.0,2.0,0.0,0.0
6021,1.0,0.0,1.0,0.0,0.0,0.0,1.0,1.0,2.0,0.0,1.0,1.0,1.0,1.0,1.0,2.0,2.0,2.0,2.0,1.0,2.0,0.0,1.0,0.0,2.0,1.0,2.0,1.0,2.0,1.0,0.0,1.0,2.0,0.0,1.0,0.0,2.0,1.0,2.0,2.0,2.0,1.0,1.0,1.0,0.0,2.0,2.0,2.0,1.0,0.0,1.0,0.0,2.0,0.0,2.0,2.0,1.0,0.0,2.0,2.0,1.0,2.0,0.0,2.0,2.0,0.0,0.0,1.0,2.0,1.0,2.0,2.0,0.0,1.0,1.0,0.0,0.0,0.0,0.0,0.0,1.0,2.0,1.0,0.0,2.0,0.0,0.0,1.0,2.0,2.0,2.0,2.0,0.0,2.0,1.0,2.0,0.0,2.0,0.0,1.0
6029,1.0,1.0,2.0,0.0,1.0,0.0,1.0,2.0,2.0,0.0,0.0,1.0,1.0,1.0,2.0,1.0,2.0,2.0,0.0,0.0,2.0,0.0,0.0,1.0,2.0,1.0,2.0,0.0,1.0,2.0,1.0,2.0,2.0,0.0,1.0,2.0,1.0,1.0,2.0,2.0,2.0,1.0,2.0,0.0,0.0,2.0,2.0,2.0,1.0,0.0,1.0,0.0,2.0,0.0,2.0,1.0,1.0,0.0,2.0,1.0,1.0,2.0,0.0,1.0,2.0,0.0,1.0,0.0,1.0,1.0,1.0,2.0,0.0,1.0,0.0,1.0,2.0,0.0,0.0,0.0,1.0,0.0,0.0,2.0,2.0,0.0,1.0,1.0,1.0,0.0,2.0,2.0,0.0,2.0,2.0,2.0,1.0,2.0,2.0,0.0
6035,1.0,0.0,0.0,0.0,0.0,0.0,1.0,2.0,1.0,0.0,1.0,1.0,1.0,0.0,1.0,2.0,2.0,1.0,1.0,2.0,2.0,0.0,0.0,0.0,2.0,1.0,1.0,0.0,2.0,2.0,1.0,0.0,1.0,0.0,0.0,1.0,1.0,2.0,2.0,2.0,2.0,1.0,2.0,1.0,0.0,2.0,2.0,2.0,0.0,0.0,0.0,0.0,2.0,0.0,2.0,2.0,2.0,0.0,2.0,1.0,0.0,2.0,0.0,2.0,2.0,1.0,1.0,2.0,2.0,0.0,2.0,2.0,0.0,0.0,0.0,0.0,0.0,1.0,0.0,0.0,2.0,0.0,0.0,2.0,2.0,0.0,0.0,2.0,2.0,2.0,1.0,2.0,1.0,2.0,1.0,2.0,0.0,2.0,1.0,1.0
6045,2.0,0.0,1.0,1.0,0.0,0.0,1.0,2.0,2.0,1.0,1.0,1.0,0.0,2.0,1.0,2.0,2.0,1.0,1.0,1.0,2.0,0.0,1.0,0.0,1.0,1.0,1.0,0.0,1.0,2.0,0.0,1.0,0.0,0.0,0.0,2.0,1.0,0.0,1.0,1.0,2.0,0.0,2.0,1.0,0.0,1.0,2.0,2.0,1.0,1.0,0.0,0.0,2.0,0.0,2.0,1.0,2.0,0.0,2.0,1.0,1.0,2.0,1.0,2.0,2.0,0.0,0.0,2.0,1.0,1.0,2.0,1.0,0.0,2.0,0.0,0.0,0.0,1.0,1.0,0.0,2.0,0.0,0.0,1.0,2.0,0.0,1.0,1.0,2.0,1.0,1.0,2.0,1.0,2.0,2.0,1.0,0.0,2.0,0.0,0.0
6050,0.0,0.0,2.0,0.0,0.0,0.0,0.0,1.0,2.0,0.0,1.0,1.0,1.0,1.0,1.0,2.0,2.0,1.0,2.0,1.0,2.0,0.0,1.0,0.0,2.0,2.0,2.0,1.0,1.0,1.0,1.0,1.0,1.0,0.0,0.0,0.0,1.0,0.0,2.0,1.0,2.0,1.0,1.0,2.0,0.0,2.0,2.0,2.0,0.0,1.0,0.0,0.0,2.0,0.0,2.0,1.0,1.0,0.0,2.0,2.0,1.0,2.0,1.0,2.0,2.0,0.0,0.0,0.0,1.0,0.0,2.0,1.0,0.0,1.0,1.0,1.0,0.0,0.0,0.0,0.0,1.0,1.0,1.0,0.0,2.0,0.0,1.0,1.0,2.0,2.0,2.0,2.0,0.0,2.0,1.0,1.0,1.0,2.0,1.0,1.0
6053,2.0,0.0,1.0,1.0,1.0,0.0,2.0,1.0,2.0,0.0,0.0,1.0,1.0,1.0,2.0,1.0,2.0,1.0,0.0,1.0,1.0,1.0,1.0,0.0,2.0,1.0,0.0,1.0,1.0,1.0,1.0,2.0,1.0,0.0,1.0,2.0,0.0,0.0,2.0,2.0,2.0,1.0,1.0,1.0,0.0,1.0,2.0,2.0,0.0,0.0,0.0,0.0,2.0,0.0,1.0,1.0,2.0,0.0,2.0,1.0,1.0,2.0,0.0,2.0,2.0,1.0,0.0,1.0,1.0,0.0,2.0,1.0,0.0,1.0,0.0,0.0,2.0,0.0,0.0,0.0,2.0,1.0,1.0,0.0,2.0,0.0,0.0,1.0,1.0,1.0,0.0,2.0,1.0,2.0,1.0,2.0,0.0,2.0,0.0,1.0
6054,1.0,0.0,0.0,2.0,0.0,1.0,1.0,2.0,1.0,1.0,0.0,1.0,1.0,1.0,1.0,1.0,2.0,1.0,0.0,0.0,1.0,0.0,1.0,1.0,2.0,1.0,2.0,0.0,1.0,2.0,0.0,2.0,2.0,0.0,1.0,1.0,0.0,2.0,2.0,2.0,2.0,0.0,2.0,1.0,0.0,1.0,2.0,2.0,2.0,0.0,1.0,0.0,0.0,0.0,2.0,2.0,1.0,0.0,2.0,1.0,1.0,2.0,1.0,2.0,2.0,0.0,0.0,1.0,1.0,0.0,2.0,1.0,0.0,0.0,0.0,0.0,2.0,0.0,1.0,0.0,1.0,1.0,1.0,1.0,2.0,0.0,1.0,1.0,0.0,2.0,0.0,2.0,0.0,2.0,1.0,2.0,0.0,1.0,0.0,1.0
6055,1.0,1.0,0.0,1.0,1.0,0.0,2.0,2.0,1.0,0.0,1.0,1.0,1.0,2.0,0.0,2.0,2.0,1.0,0.0,0.0,1.0,0.0,0.0,1.0,2.0,0.0,2.0,0.0,2.0,2.0,0.0,2.0,2.0,0.0,2.0,0.0,1.0,1.0,2.0,1.0,2.0,0.0,2.0,1.0,0.0,2.0,2.0,2.0,2.0,0.0,0.0,0.0,2.0,0.0,2.0,1.0,1.0,0.0,2.0,2.0,1.0,2.0,1.0,2.0,2.0,0.0,0.0,0.0,2.0,0.0,2.0,1.0,0.0,1.0,0.0,0.0,2.0,0.0,0.0,0.0,1.0,1.0,2.0,1.0,2.0,0.0,1.0,1.0,0.0,2.0,0.0,2.0,0.0,2.0,1.0,2.0,0.0,2.0,1.0,0.0
6057,1.0,0.0,0.0,2.0,0.0,0.0,0.0,0.0,2.0,0.0,2.0,0.0,0.0,1.0,2.0,1.0,2.0,1.0,2.0,0.0,2.0,1.0,0.0,0.0,2.0,1.0,2.0,0.0,1.0,1.0,0.0,2.0,1.0,0.0,1.0,0.0,0.0,0.0,2.0,2.0,2.0,1.0,1.0,1.0,0.0,1.0,2.0,2.0,1.0,0.0,0.0,0.0,2.0,0.0,2.0,1.0,2.0,0.0,2.0,2.0,1.0,2.0,0.0,2.0,2.0,1.0,1.0,2.0,2.0,1.0,2.0,2.0,0.0,2.0,1.0,0.0,2.0,0.0,0.0,0.0,2.0,0.0,1.0,1.0,2.0,1.0,0.0,1.0,0.0,2.0,1.0,2.0,1.0,2.0,0.0,2.0,0.0,2.0,1.0,1.0
6061,2.0,1.0,1.0,0.0,1.0,0.0,1.0,1.0,1.0,0.0,1.0,0.0,0.0,2.0,1.0,1.0,2.0,1.0,1.0,0.0,2.0,0.0,2.0,1.0,2.0,1.0,2.0,1.0,2.0,1.0,1.0,1.0,1.0,0.0,0.0,1.0,1.0,0.0,1.0,2.0,2.0,0.0,2.0,1.0,0.0,1.0,2.0,2.0,1.0,0.0,2.0,0.0,2.0,0.0,2.0,0.0,2.0,0.0,2.0,1.0,1.0,2.0,0.0,1.0,2.0,1.0,0.0,0.0,1.0,0.0,2.0,2.0,0.0,2.0,0.0,0.0,0.0,0.0,1.0,0.0,1.0,0.0,1.0,0.0,2.0,0.0,1.0,0.0,0.0,1.0,2.0,2.0,1.0,2.0,0.0,2.0,2.0,2.0,2.0,1.0
6066,1.0,1.0,1.0,0.0,0.0,0.0,1.0,0.0,2.0,0.0,1.0,2.0,1.0,1.0,2.0,2.0,2.0,0.0,1.0,0.0,2.0,0.0,2.0,0.0,2.0,2.0,2.0,1.0,1.0,2.0,0.0,2.0,2.0,0.0,0.0,2.0,2.0,0.0,2.0,1.0,2.0,1.0,0.0,2.0,0.0,0.0,2.0,2.0,1.0,1.0,0.0,0.0,2.0,0.0,2.0,1.0,1.0,0.0,2.0,1.0,0.0,2.0,0.0,1.0,2.0,0.0,1.0,1.0,1.0,0.0,2.0,1.0,0.0,2.0,1.0,0.0,0.0,0.0,0.0,0.0,0.0,0.0,1.0,1.0,2.0,1.0,1.0,2.0,2.0,1.0,0.0,1.0,0.0,2.0,2.0,1.0,0.0,2.0,0.0,1.0
6067,2.0,1.0,2.0,0.0,0.0,0.0,1.0,1.0,1.0,0.0,0.0,0.0,0.0,2.0,2.0,1.0,2.0,1.0,1.0,1.0,2.0,0.0,2.0,1.0,1.0,0.0,2.0,1.0,0.0,2.0,1.0,2.0,0.0,0.0,0.0,2.0,1.0,2.0,2.0,0.0,2.0,0.0,1.0,1.0,0.0,1.0,2.0,2.0,1.0,1.0,1.0,0.0,2.0,0.0,2.0,1.0,2.0,0.0,2.0,1.0,1.0,2.0,0.0,2.0,2.0,1.0,0.0,2.0,1.0,0.0,2.0,2.0,0.0,0.0,0.0,0.0,0.0,1.0,0.0,0.0,2.0,0.0,0.0,1.0,2.0,0.0,1.0,1.0,0.0,1.0,2.0,2.0,0.0,2.0,0.0,2.0,0.0,2.0,2.0,1.0
6074,2.0,2.0,1.0,0.0,1.0,0.0,1.0,2.0,1.0,1.0,1.0,0.0,1.0,1.0,2.0,0.0,2.0,1.0,0.0,0.0,1.0,0.0,2.0,1.0,1.0,0.0,2.0,1.0,2.0,2.0,1.0,2.0,1.0,0.0,1.0,0.0,1.0,2.0,1.0,1.0,2.0,0.0,1.0,1.0,0.0,2.0,2.0,2.0,1.0,0.0,1.0,0.0,2.0,0.0,2.0,1.0,1.0,0.0,2.0,1.0,1.0,2.0,0.0,1.0,2.0,1.0,0.0,1.0,1.0,1.0,2.0,1.0,0.0,0.0,0.0,0.0,0.0,1.0,1.0,0.0,1.0,1.0,0.0,2.0,2.0,0.0,1.0,1.0,1.0,0.0,2.0,1.0,0.0,2.0,1.0,2.0,0.0,2.0,0.0,1.0
6075,2.0,1.0,1.0,0.0,0.0,0.0,2.0,1.0,1.0,0.0,0.0,0.0,0.0,2.0,2.0,2.0,2.0,1.0,0.0,0.0,2.0,1.0,1.0,0.0,2.0,2.0,2.0,1.0,1.0,1.0,1.0,2.0,1.0,1.0,1.0,0.0,1.0,0.0,2.0,2.0,2.0,1.0,2.0,2.0,0.0,1.0,2.0,2.0,1.0,0.0,0.0,0.0,2.0,0.0,2.0,1.0,2.0,0.0,2.0,0.0,1.0,2.0,1.0,2.0,2.0,1.0,0.0,0.0,0.0,1.0,2.0,0.0,0.0,1.0,0.0,0.0,0.0,1.0,0.0,0.0,2.0,1.0,0.0,1.0,2.0,0.0,1.0,2.0,2.0,2.0,1.0,1.0,0.0,2.0,1.0,1.0,0.0,2.0,0.0,2.0
6076,1.0,1.0,2.0,0.0,0.0,1.0,1.0,2.0,2.0,0.0,1.0,0.0,1.0,2.0,1.0,1.0,2.0,1.0,2.0,0.0,2.0,0.0,1.0,1.0,1.0,0.0,2.0,2.0,1.0,1.0,2.0,1.0,0.0,0.0,0.0,1.0,1.0,1.0,2.0,1.0,2.0,1.0,2.0,0.0,0.0,2.0,2.0,2.0,2.0,0.0,0.0,0.0,2.0,0.0,2.0,0.0,0.0,0.0,1.0,2.0,0.0,2.0,0.0,2.0,2.0,1.0,1.0,1.0,1.0,0.0,2.0,1.0,0.0,1.0,0.0,0.0,1.0,1.0,1.0,0.0,2.0,0.0,1.0,2.0,2.0,2.0,1.0,0.0,0.0,2.0,1.0,2.0,1.0,2.0,2.0,1.0,0.0,2.0,1.0,0.0
6080,2.0,1.0,2.0,1.0,0.0,0.0,2.0,1.0,2.0,0.0,0.0,0.0,0.0,2.0,2.0,2.0,2.0,2.0,1.0,1.0,2.0,0.0,2.0,2.0,2.0,2.0,2.0,1.0,2.0,2.0,0.0,2.0,1.0,0.0,0.0,1.0,1.0,1.0,2.0,2.0,2.0,0.0,2.0,1.0,0.0,2.0,2.0,2.0,2.0,1.0,1.0,0.0,2.0,0.0,2.0,0.0,1.0,0.0,2.0,1.0,2.0,2.0,0.0,2.0,2.0,0.0,0.0,1.0,0.0,0.0,2.0,2.0,0.0,1.0,0.0,0.0,2.0,0.0,0.0,0.0,2.0,1.0,0.0,1.0,2.0,0.0,1.0,1.0,1.0,1.0,2.0,2.0,1.0,2.0,1.0,2.0,1.0,2.0,1.0,2.0
6081,0.0,1.0,2.0,0.0,1.0,0.0,1.0,1.0,2.0,0.0,1.0,0.0,1.0,2.0,2.0,2.0,2.0,1.0,2.0,0.0,1.0,1.0,1.0,1.0,1.0,2.0,2.0,0.0,2.0,2.0,1.0,1.0,1.0,0.0,1.0,1.0,1.0,0.0,1.0,2.0,2.0,1.0,1.0,0.0,0.0,1.0,2.0,1.0,1.0,0.0,0.0,0.0,2.0,0.0,2.0,1.0,2.0,0.0,1.0,2.0,1.0,2.0,1.0,2.0,2.0,1.0,0.0,1.0,1.0,1.0,2.0,1.0,0.0,2.0,0.0,1.0,0.0,1.0,2.0,0.0,2.0,1.0,0.0,2.0,2.0,0.0,1.0,2.0,0.0,2.0,0.0,2.0,0.0,2.0,1.0,1.0,0.0,2.0,1.0,1.0
6082,1.0,0.0,1.0,1.0,0.0,0.0,2.0,1.0,1.0,0.0,1.0,1.0,1.0,2.0,1.0,0.0,2.0,0.0,1.0,1.0,2.0,1.0,1.0,0.0,1.0,1.0,2.0,0.0,0.0,1.0,1.0,1.0,0.0,0.0,0.0,1.0,0.0,2.0,2.0,1.0,2.0,0.0,1.0,2.0,0.0,2.0,2.0,2.0,2.0,0.0,1.0,0.0,2.0,0.0,2.0,0.0,1.0,0.0,2.0,1.0,1.0,2.0,1.0,2.0,2.0,2.0,0.0,2.0,0.0,0.0,2.0,1.0,0.0,0.0,0.0,0.0,0.0,1.0,1.0,0.0,2.0,1.0,1.0,0.0,2.0,0.0,0.0,1.0,0.0,1.0,2.0,2.0,1.0,2.0,2.0,1.0,1.0,2.0,0.0,0.0
6091,2.0,0.0,0.0,0.0,1.0,0.0,1.0,2.0,2.0,0.0,1.0,0.0,0.0,2.0,1.0,2.0,2.0,2.0,1.0,1.0,2.0,0.0,1.0,0.0,2.0,2.0,1.0,0.0,2.0,2.0,0.0,2.0,0.0,0.0,0.0,1.0,2.0,1.0,1.0,2.0,2.0,0.0,2.0,2.0,0.0,1.0,2.0,1.0,1.0,0.0,0.0,0.0,2.0,0.0,2.0,0.0,1.0,0.0,2.0,2.0,0.0,2.0,0.0,1.0,2.0,0.0,0.0,0.0,1.0,0.0,2.0,2.0,0.0,0.0,1.0,1.0,0.0,0.0,1.0,0.0,2.0,1.0,0.0,1.0,2.0,0.0,2.0,1.0,0.0,2.0,1.0,2.0,0.0,2.0,2.0,1.0,1.0,2.0,0.0,1.0
6094,1.0,0.0,1.0,0.0,1.0,0.0,1.0,1.0,1.0,0.0,1.0,0.0,1.0,2.0,1.0,1.0,2.0,0.0,0.0,1.0,1.0,0.0,1.0,0.0,2.0,0.0,2.0,1.0,1.0,2.0,1.0,1.0,0.0,1.0,2.0,1.0,1.0,2.0,1.0,1.0,2.0,1.0,0.0,1.0,0.0,1.0,2.0,2.0,1.0,1.0,0.0,0.0,2.0,0.0,2.0,1.0,1.0,0.0,2.0,2.0,1.0,2.0,1.0,1.0,2.0,1.0,1.0,1.0,0.0,1.0,2.0,2.0,0.0,0.0,1.0,0.0,0.0,0.0,1.0,0.0,1.0,0.0,0.0,0.0,2.0,1.0,1.0,2.0,0.0,2.0,1.0,2.0,1.0,2.0,1.0,2.0,2.0,2.0,2.0,0.0
6097,1.0,0.0,2.0,0.0,1.0,0.0,0.0,1.0,2.0,0.0,0.0,0.0,1.0,1.0,2.0,1.0,2.0,0.0,2.0,0.0,2.0,0.0,1.0,1.0,1.0,1.0,2.0,1.0,1.0,2.0,0.0,2.0,1.0,0.0,1.0,1.0,2.0,1.0,2.0,2.0,2.0,1.0,2.0,1.0,0.0,1.0,2.0,2.0,2.0,1.0,0.0,0.0,2.0,0.0,2.0,1.0,1.0,0.0,1.0,1.0,0.0,2.0,0.0,2.0,2.0,1.0,0.0,1.0,1.0,0.0,2.0,2.0,0.0,0.0,0.0,0.0,0.0,1.0,2.0,0.0,2.0,0.0,0.0,2.0,2.0,1.0,1.0,0.0,0.0,1.0,2.0,2.0,1.0,2.0,2.0,1.0,1.0,2.0,0.0,1.0
6103,1.0,1.0,1.0,0.0,0.0,0.0,1.0,2.0,2.0,0.0,1.0,0.0,1.0,1.0,1.0,1.0,2.0,1.0,1.0,0.0,2.0,0.0,2.0,1.0,2.0,0.0,1.0,0.0,1.0,1.0,0.0,2.0,2.0,0.0,1.0,1.0,2.0,2.0,2.0,2.0,2.0,0.0,1.0,1.0,0.0,0.0,2.0,2.0,1.0,0.0,1.0,0.0,1.0,0.0,2.0,0.0,2.0,0.0,2.0,1.0,2.0,2.0,0.0,1.0,2.0,0.0,0.0,0.0,1.0,1.0,1.0,2.0,0.0,0.0,0.0,0.0,1.0,0.0,1.0,0.0,1.0,1.0,1.0,2.0,2.0,1.0,1.0,1.0,1.0,1.0,1.0,1.0,0.0,2.0,0.0,1.0,2.0,2.0,0.0,0.0
6114,2.0,0.0,1.0,0.0,0.0,0.0,1.0,2.0,1.0,0.0,2.0,0.0,1.0,1.0,2.0,1.0,2.0,1.0,0.0,0.0,1.0,0.0,1.0,1.0,2.0,1.0,2.0,1.0,1.0,2.0,0.0,1.0,2.0,0.0,0.0,0.0,2.0,2.0,1.0,2.0,2.0,1.0,2.0,1.0,0.0,2.0,2.0,2.0,1.0,0.0,1.0,0.0,2.0,0.0,2.0,0.0,1.0,0.0,2.0,0.0,1.0,2.0,0.0,2.0,2.0,0.0,0.0,0.0,0.0,2.0,2.0,2.0,0.0,0.0,0.0,0.0,1.0,0.0,0.0,0.0,2.0,0.0,1.0,0.0,2.0,0.0,2.0,1.0,1.0,1.0,1.0,1.0,0.0,2.0,1.0,1.0,1.0,2.0,1.0,1.0
6116,1.0,1.0,0.0,0.0,0.0,0.0,1.0,2.0,1.0,0.0,1.0,1.0,0.0,0.0,2.0,2.0,2.0,1.0,1.0,1.0,1.0,0.0,2.0,0.0,1.0,1.0,2.0,0.0,1.0,2.0,0.0,1.0,1.0,0.0,0.0,0.0,2.0,0.0,1.0,2.0,2.0,0.0,2.0,1.0,0.0,2.0,2.0,2.0,1.0,0.0,0.0,0.0,2.0,0.0,2.0,0.0,0.0,0.0,2.0,1.0,1.0,2.0,0.0,2.0,2.0,0.0,1.0,0.0,0.0,0.0,2.0,2.0,0.0,1.0,0.0,0.0,0.0,1.0,1.0,0.0,2.0,0.0,1.0,2.0,2.0,0.0,2.0,0.0,0.0,2.0,1.0,1.0,1.0,2.0,1.0,2.0,0.0,2.0,1.0,0.0
6117,1.0,0.0,1.0,0.0,0.0,0.0,1.0,2.0,1.0,0.0,1.0,1.0,0.0,0.0,1.0,2.0,2.0,0.0,1.0,0.0,2.0,0.0,1.0,0.0,1.0,1.0,2.0,0.0,0.0,2.0,1.0,2.0,1.0,0.0,0.0,2.0,1.0,1.0,2.0,2.0,2.0,1.0,2.0,1.0,0.0,1.0,2.0,2.0,0.0,0.0,0.0,0.0,2.0,0.0,2.0,1.0,0.0,0.0,2.0,0.0,1.0,1.0,1.0,2.0,2.0,1.0,1.0,2.0,1.0,0.0,2.0,1.0,0.0,1.0,0.0,0.0,0.0,1.0,2.0,0.0,2.0,0.0,1.0,2.0,2.0,0.0,1.0,1.0,2.0,1.0,1.0,2.0,0.0,2.0,1.0,2.0,0.0,2.0,2.0,0.0
6126,2.0,1.0,2.0,0.0,0.0,0.0,2.0,2.0,2.0,0.0,1.0,0.0,1.0,2.0,2.0,0.0,2.0,0.0,1.0,0.0,2.0,0.0,0.0,0.0,1.0,1.0,2.0,1.0,1.0,0.0,0.0,1.0,2.0,1.0,1.0,1.0,2.0,2.0,1.0,2.0,2.0,1.0,1.0,0.0,0.0,1.0,2.0,2.0,2.0,0.0,0.0,0.0,2.0,0.0,2.0,0.0,2.0,0.0,2.0,2.0,1.0,1.0,1.0,2.0,2.0,0.0,0.0,1.0,1.0,0.0,2.0,2.0,0.0,0.0,1.0,0.0,1.0,1.0,1.0,0.0,2.0,1.0,2.0,2.0,2.0,0.0,2.0,0.0,1.0,2.0,1.0,1.0,0.0,2.0,2.0,2.0,0.0,2.0,1.0,1.0
6132,1.0,0.0,2.0,1.0,0.0,0.0,1.0,2.0,2.0,1.0,2.0,0.0,2.0,2.0,1.0,1.0,2.0,1.0,1.0,1.0,1.0,1.0,2.0,0.0,2.0,0.0,1.0,0.0,1.0,2.0,0.0,0.0,2.0,0.0,1.0,2.0,2.0,1.0,2.0,2.0,2.0,0.0,2.0,1.0,0.0,1.0,2.0,2.0,1.0,0.0,1.0,0.0,2.0,0.0,2.0,0.0,0.0,0.0,2.0,2.0,1.0,2.0,1.0,2.0,2.0,0.0,0.0,1.0,1.0,0.0,2.0,2.0,0.0,1.0,0.0,0.0,1.0,0.0,0.0,0.0,1.0,1.0,1.0,2.0,2.0,1.0,1.0,1.0,0.0,2.0,1.0,2.0,0.0,2.0,2.0,2.0,0.0,2.0,0.0,0.0
6136,2.0,2.0,1.0,1.0,0.0,0.0,1.0,2.0,2.0,0.0,2.0,0.0,1.0,2.0,2.0,2.0,2.0,1.0,2.0,0.0,2.0,0.0,1.0,0.0,2.0,2.0,2.0,0.0,2.0,2.0,0.0,2.0,2.0,0.0,1.0,1.0,1.0,1.0,2.0,2.0,2.0,0.0,2.0,1.0,0.0,2.0,2.0,2.0,1.0,1.0,1.0,0.0,2.0,0.0,2.0,1.0,2.0,0.0,2.0,1.0,1.0,2.0,0.0,2.0,2.0,0.0,0.0,2.0,2.0,2.0,2.0,1.0,0.0,1.0,0.0,0.0,0.0,0.0,0.0,0.0,0.0,2.0,2.0,1.0,2.0,1.0,0.0,1.0,2.0,2.0,1.0,0.0,1.0,2.0,0.0,1.0,0.0,2.0,0.0,0.0
6146,0.0,0.0,2.0,0.0,0.0,0.0,0.0,1.0,2.0,0.0,0.0,0.0,2.0,2.0,2.0,2.0,2.0,2.0,2.0,2.0,1.0,1.0,2.0,0.0,1.0,0.0,2.0,1.0,1.0,1.0,1.0,1.0,1.0,1.0,1.0,1.0,1.0,1.0,2.0,2.0,2.0,2.0,2.0,1.0,0.0,1.0,2.0,1.0,2.0,2.0,0.0,0.0,2.0,0.0,2.0,1.0,2.0,0.0,1.0,1.0,1.0,2.0,1.0,2.0,2.0,1.0,1.0,2.0,1.0,1.0,2.0,2.0,0.0,1.0,0.0,0.0,0.0,1.0,1.0,0.0,2.0,2.0,0.0,2.0,2.0,0.0,1.0,2.0,2.0,2.0,1.0,2.0,0.0,2.0,1.0,1.0,0.0,2.0,1.0,0.0
6147,1.0,0.0,2.0,0.0,0.0,0.0,2.0,1.0,2.0,0.0,0.0,0.0,1.0,2.0,2.0,2.0,2.0,2.0,2.0,1.0,1.0,0.0,2.0,1.0,1.0,0.0,2.0,1.0,1.0,1.0,2.0,1.0,1.0,0.0,1.0,0.0,0.0,1.0,2.0,2.0,2.0,2.0,2.0,1.0,0.0,1.0,2.0,2.0,2.0,2.0,0.0,0.0,2.0,0.0,2.0,1.0,2.0,0.0,2.0,1.0,1.0,2.0,0.0,1.0,2.0,2.0,1.0,2.0,1.0,1.0,2.0,1.0,0.0,0.0,0.0,1.0,0.0,1.0,1.0,0.0,2.0,2.0,0.0,2.0,2.0,1.0,0.0,1.0,2.0,2.0,1.0,2.0,1.0,2.0,1.0,1.0,0.0,2.0,1.0,0.0
6149,0.0,1.0,2.0,0.0,0.0,0.0,0.0,2.0,2.0,0.0,1.0,0.0,2.0,2.0,2.0,2.0,2.0,1.0,2.0,1.0,1.0,1.0,2.0,0.0,1.0,1.0,2.0,0.0,1.0,1.0,2.0,1.0,1.0,1.0,1.0,1.0,0.0,0.0,2.0,2.0,2.0,2.0,2.0,0.0,0.0,1.0,2.0,1.0,1.0,1.0,0.0,0.0,2.0,0.0,2.0,1.0,2.0,0.0,1.0,2.0,1.0,2.0,1.0,2.0,2.0,2.0,1.0,2.0,1.0,1.0,2.0,1.0,0.0,2.0,0.0,0.0,0.0,1.0,1.0,0.0,2.0,2.0,0.0,1.0,2.0,0.0,0.0,2.0,0.0,2.0,0.0,2.0,0.0,2.0,0.0,1.0,0.0,2.0,0.0,0.0
6153,2.0,0.0,2.0,0.0,0.0,0.0,2.0,1.0,2.0,0.0,0.0,1.0,1.0,2.0,0.0,2.0,2.0,0.0,0.0,0.0,2.0,0.0,1.0,1.0,2.0,0.0,1.0,1.0,1.0,2.0,0.0,1.0,2.0,0.0,0.0,1.0,2.0,2.0,1.0,0.0,2.0,1.0,2.0,2.0,0.0,0.0,2.0,1.0,2.0,1.0,1.0,0.0,2.0,0.0,2.0,2.0,2.0,0.0,2.0,1.0,1.0,2.0,2.0,2.0,2.0,0.0,1.0,0.0,2.0,0.0,2.0,2.0,0.0,0.0,0.0,0.0,2.0,0.0,0.0,0.0,2.0,1.0,0.0,1.0,2.0,1.0,2.0,2.0,1.0,1.0,1.0,1.0,0.0,2.0,2.0,1.0,2.0,1.0,0.0,0.0
6157,2.0,0.0,1.0,1.0,1.0,1.0,1.0,2.0,0.0,0.0,1.0,1.0,2.0,2.0,2.0,2.0,2.0,1.0,2.0,0.0,2.0,0.0,1.0,0.0,2.0,1.0,2.0,0.0,2.0,2.0,1.0,1.0,0.0,1.0,2.0,1.0,1.0,0.0,1.0,2.0,2.0,0.0,2.0,1.0,0.0,1.0,2.0,2.0,1.0,1.0,1.0,0.0,2.0,0.0,2.0,0.0,2.0,0.0,2.0,1.0,1.0,2.0,0.0,2.0,2.0,0.0,1.0,0.0,2.0,0.0,2.0,2.0,0.0,2.0,1.0,1.0,1.0,0.0,1.0,0.0,2.0,0.0,1.0,2.0,2.0,1.0,2.0,1.0,1.0,2.0,2.0,0.0,1.0,2.0,1.0,2.0,1.0,2.0,0.0,0.0
6165,2.0,1.0,2.0,0.0,2.0,0.0,1.0,2.0,1.0,1.0,0.0,0.0,0.0,2.0,2.0,2.0,2.0,2.0,1.0,0.0,1.0,0.0,2.0,0.0,2.0,1.0,2.0,0.0,1.0,2.0,0.0,0.0,1.0,0.0,2.0,0.0,2.0,1.0,0.0,2.0,2.0,2.0,1.0,1.0,0.0,0.0,1.0,1.0,1.0,1.0,0.0,0.0,2.0,0.0,1.0,1.0,1.0,0.0,2.0,2.0,1.0,2.0,2.0,1.0,2.0,0.0,1.0,0.0,1.0,1.0,2.0,2.0,0.0,1.0,1.0,2.0,0.0,0.0,2.0,0.0,2.0,2.0,1.0,1.0,2.0,0.0,2.0,2.0,2.0,1.0,2.0,2.0,1.0,2.0,1.0,2.0,2.0,2.0,0.0,0.0
6169,2.0,1.0,1.0,1.0,0.0,0.0,0.0,1.0,1.0,1.0,2.0,0.0,2.0,1.0,2.0,1.0,2.0,2.0,2.0,0.0,2.0,0.0,2.0,0.0,1.0,1.0,2.0,1.0,0.0,2.0,0.0,1.0,1.0,0.0,2.0,2.0,1.0,1.0,2.0,1.0,2.0,1.0,2.0,2.0,0.0,0.0,2.0,2.0,0.0,0.0,0.0,0.0,2.0,0.0,2.0,0.0,2.0,0.0,2.0,0.0,1.0,2.0,0.0,2.0,2.0,1.0,1.0,1.0,1.0,1.0,2.0,2.0,0.0,1.0,0.0,0.0,2.0,1.0,1.0,0.0,1.0,1.0,1.0,2.0,2.0,1.0,1.0,1.0,2.0,1.0,2.0,1.0,0.0,2.0,1.0,1.0,0.0,2.0,0.0,0.0
6172,2.0,0.0,1.0,1.0,0.0,1.0,2.0,2.0,1.0,0.0,0.0,0.0,1.0,2.0,1.0,2.0,2.0,2.0,2.0,0.0,2.0,0.0,0.0,0.0,2.0,1.0,2.0,0.0,2.0,1.0,0.0,0.0,0.0,0.0,1.0,0.0,2.0,2.0,1.0,1.0,2.0,1.0,2.0,1.0,0.0,0.0,2.0,2.0,1.0,0.0,0.0,0.0,2.0,0.0,2.0,0.0,2.0,0.0,2.0,2.0,0.0,2.0,0.0,2.0,2.0,0.0,0.0,1.0,0.0,1.0,2.0,2.0,0.0,0.0,1.0,1.0,2.0,0.0,0.0,0.0,2.0,0.0,1.0,1.0,2.0,0.0,2.0,2.0,1.0,2.0,2.0,2.0,1.0,2.0,1.0,2.0,1.0,2.0,0.0,0.0
6180,2.0,0.0,2.0,0.0,0.0,0.0,1.0,2.0,1.0,0.0,2.0,1.0,0.0,2.0,2.0,1.0,2.0,1.0,0.0,0.0,2.0,0.0,2.0,1.0,0.0,1.0,2.0,0.0,0.0,1.0,1.0,1.0,2.0,0.0,1.0,2.0,1.0,1.0,2.0,2.0,2.0,0.0,1.0,0.0,0.0,1.0,2.0,2.0,1.0,0.0,1.0,0.0,2.0,0.0,2.0,0.0,2.0,0.0,2.0,0.0,1.0,2.0,1.0,2.0,2.0,1.0,1.0,2.0,1.0,0.0,2.0,1.0,0.0,1.0,1.0,0.0,0.0,2.0,1.0,0.0,1.0,0.0,0.0,2.0,2.0,0.0,1.0,0.0,1.0,0.0,2.0,2.0,0.0,1.0,1.0,2.0,0.0,2.0,1.0,1.0
6181,2.0,0.0,1.0,0.0,0.0,0.0,2.0,1.0,2.0,0.0,0.0,0.0,1.0,2.0,2.0,2.0,2.0,2.0,1.0,0.0,2.0,0.0,2.0,1.0,1.0,1.0,2.0,0.0,2.0,2.0,1.0,2.0,0.0,0.0,1.0,1.0,1.0,2.0,2.0,1.0,2.0,1.0,1.0,1.0,0.0,0.0,2.0,1.0,1.0,0.0,1.0,0.0,2.0,0.0,2.0,0.0,0.0,0.0,2.0,0.0,1.0,2.0,1.0,2.0,2.0,1.0,1.0,1.0,0.0,1.0,1.0,2.0,0.0,0.0,1.0,0.0,0.0,1.0,0.0,0.0,2.0,0.0,0.0,2.0,2.0,0.0,1.0,1.0,2.0,1.0,2.0,2.0,1.0,2.0,2.0,1.0,0.0,2.0,2.0,1.0
6182,2.0,1.0,1.0,0.0,0.0,0.0,2.0,2.0,0.0,0.0,0.0,0.0,1.0,2.0,2.0,1.0,2.0,2.0,0.0,0.0,2.0,0.0,1.0,1.0,2.0,1.0,2.0,0.0,1.0,2.0,0.0,2.0,0.0,0.0,0.0,1.0,2.0,1.0,2.0,1.0,2.0,1.0,1.0,1.0,0.0,0.0,2.0,1.0,2.0,0.0,1.0,0.0,2.0,0.0,2.0,0.0,1.0,0.0,2.0,0.0,2.0,2.0,0.0,2.0,2.0,0.0,0.0,0.0,1.0,0.0,1.0,2.0,0.0,1.0,1.0,0.0,1.0,0.0,0.0,0.0,2.0,0.0,0.0,2.0,2.0,0.0,2.0,1.0,1.0,1.0,2.0,2.0,1.0,2.0,1.0,1.0,1.0,2.0,2.0,0.0
6194,2.0,1.0,2.0,0.0,1.0,1.0,1.0,2.0,1.0,1.0,1.0,0.0,1.0,2.0,2.0,2.0,2.0,2.0,1.0,0.0,2.0,0.0,1.0,0.0,2.0,1.0,2.0,0.0,2.0,2.0,0.0,1.0,1.0,0.0,1.0,0.0,2.0,2.0,1.0,2.0,2.0,2.0,1.0,0.0,0.0,1.0,2.0,2.0,1.0,0.0,1.0,0.0,2.0,0.0,0.0,0.0,1.0,0.0,2.0,1.0,2.0,2.0,0.0,2.0,2.0,0.0,0.0,0.0,1.0,1.0,2.0,2.0,0.0,0.0,1.0,1.0,1.0,0.0,1.0,0.0,2.0,1.0,0.0,0.0,2.0,0.0,2.0,1.0,2.0,0.0,2.0,2.0,1.0,2.0,2.0,2.0,1.0,2.0,0.0,0.0
6196,2.0,0.0,2.0,1.0,0.0,0.0,2.0,1.0,2.0,0.0,0.0,0.0,1.0,2.0,2.0,2.0,2.0,2.0,2.0,0.0,2.0,1.0,0.0,1.0,2.0,2.0,2.0,1.0,2.0,2.0,1.0,2.0,1.0,1.0,1.0,2.0,0.0,0.0,1.0,2.0,2.0,0.0,2.0,1.0,0.0,1.0,2.0,2.0,1.0,0.0,0.0,0.0,2.0,0.0,2.0,0.0,1.0,0.0,2.0,1.0,1.0,2.0,0.0,2.0,2.0,1.0,0.0,1.0,2.0,0.0,2.0,2.0,0.0,2.0,0.0,0.0,1.0,0.0,0.0,0.0,2.0,0.0,0.0,2.0,2.0,2.0,1.0,0.0,1.0,2.0,2.0,1.0,1.0,2.0,2.0,1.0,1.0,2.0,0.0,0.0
6198,2.0,0.0,1.0,1.0,0.0,0.0,2.0,1.0,1.0,1.0,0.0,0.0,0.0,2.0,2.0,1.0,2.0,2.0,1.0,0.0,2.0,0.0,2.0,1.0,0.0,1.0,2.0,0.0,0.0,1.0,0.0,1.0,2.0,0.0,2.0,0.0,0.0,2.0,2.0,2.0,2.0,0.0,1.0,2.0,0.0,1.0,2.0,2.0,1.0,0.0,0.0,0.0,2.0,0.0,2.0,0.0,2.0,0.0,2.0,2.0,2.0,2.0,0.0,2.0,2.0,2.0,0.0,2.0,2.0,0.0,2.0,2.0,0.0,0.0,1.0,1.0,0.0,2.0,2.0,0.0,2.0,0.0,0.0,2.0,2.0,0.0,0.0,2.0,2.0,2.0,1.0,2.0,0.0,1.0,1.0,1.0,0.0,2.0,1.0,0.0
6200,2.0,1.0,1.0,2.0,2.0,0.0,2.0,2.0,0.0,0.0,0.0,0.0,0.0,2.0,2.0,1.0,2.0,2.0,1.0,0.0,2.0,0.0,2.0,2.0,2.0,2.0,2.0,0.0,2.0,1.0,0.0,2.0,2.0,0.0,2.0,0.0,0.0,2.0,0.0,2.0,2.0,1.0,1.0,2.0,0.0,1.0,2.0,2.0,0.0,0.0,0.0,0.0,2.0,0.0,1.0,1.0,1.0,0.0,2.0,1.0,1.0,2.0,0.0,2.0,2.0,0.0,1.0,0.0,2.0,1.0,2.0,2.0,1.0,0.0,1.0,0.0,0.0,0.0,0.0,0.0,2.0,1.0,0.0,2.0,2.0,0.0,1.0,1.0,1.0,1.0,2.0,2.0,0.0,0.0,1.0,2.0,1.0,2.0,0.0,0.0
6207,2.0,1.0,2.0,1.0,1.0,1.0,2.0,2.0,2.0,0.0,1.0,0.0,1.0,2.0,2.0,2.0,2.0,1.0,0.0,0.0,2.0,0.0,0.0,1.0,1.0,1.0,2.0,0.0,1.0,2.0,0.0,1.0,0.0,0.0,1.0,0.0,1.0,2.0,2.0,2.0,2.0,1.0,0.0,0.0,0.0,2.0,1.0,2.0,2.0,0.0,1.0,0.0,2.0,0.0,2.0,0.0,1.0,0.0,2.0,2.0,2.0,2.0,1.0,1.0,2.0,1.0,0.0,2.0,1.0,0.0,2.0,2.0,0.0,0.0,0.0,1.0,0.0,1.0,1.0,0.0,2.0,1.0,0.0,0.0,2.0,0.0,1.0,1.0,1.0,1.0,2.0,2.0,2.0,2.0,2.0,2.0,0.0,2.0,0.0,0.0
6208,2.0,0.0,2.0,0.0,2.0,1.0,1.0,2.0,2.0,0.0,0.0,1.0,1.0,2.0,2.0,2.0,2.0,2.0,1.0,0.0,1.0,0.0,0.0,1.0,2.0,0.0,2.0,0.0,2.0,1.0,0.0,2.0,0.0,0.0,2.0,1.0,2.0,1.0,1.0,2.0,2.0,1.0,0.0,0.0,0.0,1.0,1.0,2.0,1.0,0.0,1.0,0.0,2.0,0.0,1.0,0.0,1.0,0.0,2.0,1.0,2.0,2.0,0.0,2.0,2.0,0.0,0.0,2.0,1.0,2.0,2.0,2.0,0.0,1.0,0.0,1.0,0.0,0.0,1.0,0.0,2.0,1.0,1.0,1.0,2.0,1.0,2.0,2.0,1.0,1.0,2.0,1.0,1.0,2.0,2.0,2.0,0.0,2.0,0.0,0.0
6222,1.0,0.0,1.0,0.0,1.0,0.0,1.0,0.0,1.0,0.0,1.0,0.0,0.0,2.0,1.0,2.0,2.0,1.0,2.0,0.0,1.0,0.0,0.0,0.0,2.0,2.0,2.0,1.0,0.0,2.0,1.0,0.0,0.0,0.0,1.0,1.0,1.0,1.0,2.0,2.0,2.0,1.0,1.0,2.0,0.0,1.0,2.0,1.0,1.0,1.0,0.0,0.0,2.0,0.0,2.0,0.0,2.0,0.0,2.0,0.0,1.0,2.0,1.0,2.0,2.0,1.0,0.0,2.0,1.0,1.0,2.0,1.0,0.0,1.0,2.0,1.0,1.0,0.0,0.0,0.0,2.0,0.0,0.0,0.0,2.0,0.0,1.0,2.0,0.0,0.0,2.0,2.0,1.0,2.0,2.0,2.0,1.0,2.0,1.0,0.0
6223,2.0,0.0,2.0,0.0,0.0,1.0,2.0,2.0,1.0,0.0,0.0,0.0,1.0,2.0,2.0,2.0,2.0,1.0,2.0,0.0,2.0,0.0,2.0,1.0,2.0,0.0,2.0,0.0,1.0,1.0,1.0,2.0,0.0,0.0,1.0,2.0,1.0,0.0,2.0,1.0,2.0,0.0,2.0,0.0,0.0,1.0,2.0,2.0,2.0,1.0,2.0,0.0,2.0,0.0,2.0,1.0,2.0,0.0,2.0,1.0,1.0,2.0,1.0,2.0,2.0,1.0,0.0,0.0,1.0,0.0,1.0,2.0,0.0,1.0,0.0,0.0,2.0,0.0,0.0,0.0,2.0,0.0,0.0,2.0,2.0,0.0,1.0,1.0,0.0,1.0,2.0,2.0,0.0,2.0,0.0,2.0,1.0,2.0,2.0,2.0
6224,2.0,1.0,1.0,0.0,1.0,0.0,2.0,2.0,2.0,0.0,1.0,0.0,0.0,2.0,2.0,2.0,2.0,2.0,1.0,0.0,2.0,0.0,1.0,1.0,1.0,1.0,2.0,1.0,1.0,1.0,1.0,1.0,1.0,0.0,0.0,1.0,1.0,0.0,2.0,2.0,2.0,1.0,2.0,2.0,0.0,0.0,2.0,2.0,2.0,1.0,1.0,0.0,2.0,1.0,2.0,1.0,1.0,0.0,2.0,1.0,2.0,2.0,1.0,2.0,2.0,0.0,0.0,1.0,1.0,0.0,2.0,2.0,0.0,1.0,1.0,0.0,0.0,1.0,0.0,0.0,2.0,1.0,0.0,2.0,2.0,1.0,1.0,1.0,2.0,1.0,1.0,2.0,0.0,2.0,1.0,1.0,1.0,1.0,1.0,1.0
6225,2.0,1.0,0.0,0.0,1.0,0.0,2.0,2.0,1.0,0.0,1.0,0.0,0.0,2.0,2.0,2.0,2.0,2.0,2.0,0.0,2.0,0.0,0.0,1.0,1.0,2.0,2.0,1.0,0.0,2.0,2.0,1.0,0.0,1.0,1.0,1.0,0.0,1.0,2.0,1.0,2.0,1.0,2.0,1.0,0.0,1.0,2.0,2.0,2.0,1.0,1.0,0.0,2.0,1.0,2.0,0.0,0.0,0.0,1.0,0.0,2.0,2.0,0.0,2.0,2.0,1.0,0.0,1.0,1.0,1.0,1.0,2.0,0.0,0.0,0.0,0.0,0.0,1.0,0.0,0.0,2.0,1.0,0.0,2.0,2.0,0.0,0.0,2.0,2.0,1.0,2.0,2.0,0.0,2.0,2.0,1.0,1.0,2.0,0.0,2.0
6226,2.0,0.0,0.0,0.0,1.0,0.0,1.0,1.0,1.0,0.0,0.0,0.0,0.0,2.0,2.0,1.0,2.0,2.0,0.0,0.0,2.0,0.0,2.0,1.0,1.0,2.0,2.0,1.0,0.0,1.0,1.0,2.0,0.0,1.0,0.0,1.0,1.0,0.0,2.0,2.0,2.0,0.0,1.0,2.0,0.0,1.0,2.0,2.0,2.0,1.0,1.0,0.0,2.0,1.0,2.0,1.0,1.0,0.0,1.0,1.0,2.0,2.0,0.0,2.0,2.0,0.0,0.0,0.0,1.0,0.0,1.0,2.0,0.0,1.0,0.0,0.0,1.0,1.0,0.0,0.0,2.0,1.0,0.0,2.0,2.0,0.0,1.0,1.0,1.0,1.0,2.0,2.0,0.0,2.0,1.0,1.0,1.0,1.0,0.0,0.0
6230,2.0,2.0,1.0,0.0,2.0,0.0,2.0,1.0,1.0,1.0,1.0,0.0,0.0,2.0,2.0,2.0,2.0,0.0,1.0,0.0,2.0,0.0,2.0,2.0,2.0,2.0,2.0,0.0,2.0,2.0,0.0,2.0,2.0,0.0,2.0,1.0,2.0,0.0,0.0,1.0,2.0,0.0,1.0,1.0,0.0,0.0,2.0,1.0,0.0,0.0,0.0,0.0,2.0,0.0,2.0,0.0,1.0,0.0,2.0,0.0,2.0,2.0,0.0,2.0,2.0,1.0,0.0,0.0,1.0,2.0,2.0,2.0,0.0,2.0,0.0,0.0,0.0,0.0,0.0,0.0,2.0,2.0,1.0,1.0,2.0,0.0,2.0,1.0,0.0,1.0,2.0,1.0,0.0,1.0,2.0,2.0,0.0,2.0,1.0,0.0
6231,2.0,0.0,1.0,0.0,2.0,0.0,1.0,2.0,2.0,0.0,1.0,0.0,0.0,2.0,2.0,2.0,2.0,0.0,1.0,0.0,2.0,0.0,2.0,1.0,1.0,2.0,2.0,0.0,1.0,2.0,0.0,1.0,2.0,0.0,2.0,1.0,2.0,0.0,2.0,1.0,2.0,0.0,0.0,1.0,0.0,1.0,2.0,1.0,0.0,0.0,0.0,0.0,2.0,0.0,2.0,0.0,1.0,0.0,2.0,1.0,2.0,2.0,0.0,2.0,2.0,0.0,0.0,2.0,1.0,2.0,2.0,2.0,0.0,2.0,1.0,0.0,0.0,1.0,1.0,0.0,2.0,0.0,1.0,1.0,2.0,0.0,2.0,1.0,1.0,2.0,1.0,1.0,0.0,1.0,2.0,2.0,0.0,2.0,0.0,0.0
6234,2.0,0.0,2.0,1.0,0.0,0.0,0.0,2.0,2.0,0.0,0.0,0.0,1.0,1.0,1.0,2.0,2.0,2.0,2.0,1.0,2.0,0.0,1.0,1.0,1.0,1.0,2.0,1.0,1.0,2.0,0.0,2.0,1.0,0.0,1.0,2.0,1.0,1.0,2.0,2.0,2.0,1.0,2.0,0.0,0.0,1.0,2.0,2.0,2.0,1.0,0.0,0.0,2.0,0.0,2.0,0.0,1.0,0.0,1.0,1.0,0.0,2.0,0.0,2.0,2.0,1.0,0.0,1.0,1.0,0.0,2.0,2.0,0.0,1.0,0.0,0.0,1.0,1.0,1.0,0.0,2.0,0.0,0.0,1.0,2.0,0.0,1.0,1.0,1.0,2.0,1.0,1.0,1.0,2.0,1.0,0.0,1.0,2.0,0.0,0.0
6236,2.0,1.0,2.0,0.0,1.0,0.0,1.0,2.0,2.0,0.0,1.0,0.0,1.0,1.0,2.0,2.0,2.0,1.0,2.0,1.0,2.0,1.0,2.0,0.0,2.0,2.0,2.0,1.0,2.0,2.0,0.0,2.0,1.0,0.0,0.0,1.0,2.0,1.0,1.0,2.0,2.0,1.0,2.0,1.0,0.0,2.0,2.0,2.0,2.0,1.0,0.0,0.0,2.0,0.0,2.0,0.0,1.0,0.0,2.0,0.0,1.0,2.0,0.0,2.0,2.0,0.0,0.0,0.0,1.0,1.0,2.0,2.0,0.0,0.0,0.0,0.0,1.0,0.0,1.0,0.0,2.0,0.0,0.0,1.0,2.0,0.0,2.0,2.0,1.0,2.0,1.0,1.0,0.0,2.0,2.0,1.0,2.0,2.0,1.0,0.0
6239,1.0,2.0,2.0,0.0,1.0,0.0,1.0,2.0,2.0,0.0,0.0,0.0,1.0,2.0,1.0,2.0,2.0,2.0,1.0,0.0,1.0,1.0,1.0,0.0,2.0,0.0,2.0,2.0,2.0,2.0,0.0,2.0,1.0,0.0,1.0,1.0,2.0,1.0,1.0,2.0,2.0,1.0,2.0,2.0,0.0,1.0,2.0,2.0,1.0,1.0,0.0,0.0,2.0,0.0,1.0,0.0,2.0,0.0,1.0,1.0,1.0,2.0,0.0,1.0,2.0,0.0,0.0,0.0,1.0,1.0,2.0,1.0,0.0,0.0,0.0,0.0,1.0,0.0,1.0,0.0,1.0,1.0,0.0,1.0,2.0,0.0,2.0,1.0,1.0,1.0,1.0,2.0,1.0,2.0,0.0,0.0,2.0,2.0,0.0,0.0
6240,1.0,2.0,2.0,0.0,1.0,0.0,2.0,1.0,2.0,0.0,0.0,1.0,1.0,1.0,1.0,2.0,2.0,2.0,1.0,0.0,1.0,0.0,1.0,1.0,1.0,2.0,2.0,1.0,2.0,1.0,1.0,2.0,1.0,0.0,1.0,0.0,1.0,1.0,1.0,2.0,2.0,1.0,2.0,1.0,0.0,1.0,2.0,2.0,2.0,1.0,0.0,0.0,2.0,0.0,1.0,0.0,1.0,0.0,2.0,2.0,1.0,2.0,0.0,1.0,2.0,1.0,0.0,1.0,1.0,1.0,2.0,2.0,0.0,1.0,1.0,0.0,0.0,1.0,2.0,0.0,2.0,2.0,0.0,2.0,2.0,2.0,1.0,2.0,1.0,2.0,2.0,2.0,0.0,2.0,1.0,1.0,1.0,2.0,1.0,0.0
6242,2.0,1.0,2.0,0.0,1.0,0.0,1.0,1.0,1.0,0.0,0.0,0.0,1.0,1.0,1.0,2.0,2.0,2.0,2.0,1.0,1.0,0.0,1.0,1.0,2.0,0.0,2.0,1.0,2.0,1.0,0.0,2.0,1.0,0.0,1.0,1.0,2.0,1.0,1.0,2.0,2.0,1.0,1.0,1.0,0.0,1.0,2.0,2.0,1.0,1.0,1.0,0.0,2.0,0.0,2.0,0.0,2.0,0.0,2.0,2.0,1.0,2.0,0.0,1.0,2.0,0.0,0.0,0.0,1.0,1.0,2.0,2.0,0.0,0.0,0.0,0.0,1.0,0.0,1.0,0.0,2.0,0.0,0.0,1.0,2.0,1.0,2.0,1.0,0.0,2.0,1.0,2.0,1.0,2.0,0.0,1.0,2.0,2.0,2.0,0.0
6244,2.0,0.0,1.0,1.0,1.0,0.0,1.0,1.0,0.0,1.0,1.0,0.0,0.0,2.0,2.0,2.0,2.0,1.0,2.0,0.0,2.0,0.0,0.0,1.0,2.0,1.0,2.0,1.0,2.0,2.0,0.0,2.0,0.0,0.0,1.0,1.0,2.0,1.0,0.0,2.0,2.0,1.0,2.0,1.0,0.0,0.0,2.0,2.0,2.0,1.0,0.0,0.0,2.0,0.0,2.0,0.0,2.0,0.0,2.0,2.0,1.0,2.0,0.0,2.0,2.0,0.0,0.0,1.0,1.0,0.0,1.0,1.0,0.0,1.0,0.0,1.0,1.0,0.0,1.0,0.0,2.0,1.0,0.0,1.0,2.0,0.0,2.0,2.0,1.0,2.0,2.0,2.0,1.0,2.0,2.0,2.0,2.0,2.0,0.0,0.0
6245,1.0,1.0,2.0,1.0,0.0,0.0,1.0,1.0,2.0,0.0,1.0,1.0,2.0,1.0,2.0,2.0,2.0,2.0,2.0,1.0,2.0,1.0,1.0,0.0,2.0,0.0,1.0,0.0,1.0,0.0,0.0,1.0,1.0,1.0,1.0,1.0,1.0,0.0,2.0,2.0,2.0,1.0,1.0,2.0,0.0,1.0,2.0,2.0,1.0,1.0,0.0,0.0,2.0,0.0,2.0,2.0,2.0,0.0,2.0,2.0,1.0,2.0,0.0,2.0,2.0,1.0,1.0,1.0,1.0,1.0,2.0,1.0,0.0,2.0,0.0,1.0,1.0,0.0,0.0,0.0,2.0,1.0,0.0,1.0,2.0,1.0,1.0,0.0,2.0,2.0,1.0,2.0,1.0,2.0,1.0,1.0,0.0,2.0,1.0,0.0
6248,1.0,0.0,2.0,0.0,1.0,0.0,1.0,2.0,2.0,0.0,2.0,0.0,1.0,2.0,1.0,2.0,1.0,0.0,1.0,0.0,2.0,0.0,1.0,0.0,2.0,1.0,2.0,1.0,1.0,2.0,1.0,1.0,2.0,0.0,2.0,1.0,1.0,2.0,2.0,1.0,2.0,0.0,1.0,1.0,0.0,0.0,2.0,0.0,1.0,1.0,1.0,0.0,2.0,0.0,2.0,0.0,2.0,0.0,2.0,2.0,2.0,2.0,1.0,2.0,2.0,1.0,0.0,1.0,1.0,0.0,2.0,2.0,0.0,0.0,0.0,1.0,0.0,0.0,1.0,0.0,0.0,1.0,1.0,1.0,2.0,0.0,1.0,2.0,1.0,2.0,1.0,2.0,0.0,2.0,1.0,2.0,1.0,2.0,0.0,0.0
6249,1.0,0.0,1.0,0.0,1.0,0.0,2.0,2.0,2.0,0.0,2.0,0.0,1.0,2.0,1.0,2.0,1.0,0.0,1.0,0.0,2.0,0.0,1.0,0.0,2.0,1.0,1.0,2.0,1.0,2.0,1.0,1.0,2.0,0.0,2.0,2.0,1.0,2.0,2.0,1.0,2.0,0.0,2.0,2.0,0.0,0.0,2.0,0.0,2.0,1.0,2.0,0.0,2.0,0.0,1.0,0.0,2.0,0.0,2.0,1.0,2.0,1.0,1.0,1.0,2.0,1.0,0.0,1.0,2.0,1.0,2.0,2.0,0.0,0.0,0.0,0.0,0.0,0.0,1.0,0.0,2.0,1.0,0.0,1.0,2.0,1.0,1.0,2.0,0.0,2.0,2.0,1.0,0.0,2.0,1.0,2.0,1.0,2.0,0.0,1.0
6253,1.0,1.0,1.0,1.0,1.0,0.0,0.0,0.0,1.0,0.0,1.0,0.0,1.0,1.0,2.0,2.0,2.0,2.0,1.0,0.0,2.0,1.0,1.0,0.0,1.0,1.0,2.0,1.0,0.0,2.0,0.0,0.0,2.0,0.0,2.0,1.0,1.0,0.0,1.0,2.0,2.0,1.0,0.0,1.0,0.0,0.0,2.0,2.0,0.0,1.0,0.0,0.0,2.0,0.0,2.0,0.0,1.0,0.0,2.0,1.0,1.0,2.0,0.0,1.0,2.0,1.0,1.0,2.0,1.0,0.0,1.0,2.0,0.0,2.0,0.0,1.0,1.0,1.0,2.0,0.0,1.0,0.0,0.0,2.0,2.0,0.0,1.0,2.0,0.0,2.0,1.0,1.0,0.0,1.0,2.0,2.0,0.0,2.0,1.0,1.0
6254,1.0,1.0,1.0,0.0,2.0,0.0,1.0,1.0,1.0,1.0,0.0,0.0,0.0,2.0,2.0,2.0,2.0,2.0,1.0,0.0,2.0,0.0,1.0,0.0,2.0,0.0,2.0,1.0,0.0,1.0,0.0,0.0,1.0,0.0,2.0,1.0,2.0,1.0,1.0,1.0,2.0,1.0,2.0,1.0,0.0,1.0,2.0,2.0,2.0,1.0,0.0,0.0,2.0,0.0,2.0,0.0,1.0,0.0,2.0,2.0,0.0,2.0,0.0,2.0,2.0,0.0,1.0,1.0,1.0,0.0,2.0,2.0,0.0,1.0,0.0,1.0,1.0,1.0,2.0,0.0,1.0,1.0,1.0,1.0,2.0,0.0,2.0,1.0,1.0,2.0,1.0,2.0,0.0,2.0,2.0,2.0,0.0,2.0,1.0,1.0
6257,2.0,0.0,0.0,0.0,2.0,2.0,0.0,2.0,2.0,0.0,1.0,0.0,2.0,2.0,1.0,1.0,2.0,1.0,0.0,1.0,2.0,0.0,0.0,0.0,2.0,2.0,2.0,1.0,2.0,2.0,0.0,2.0,1.0,0.0,1.0,1.0,2.0,1.0,2.0,2.0,2.0,1.0,1.0,2.0,0.0,0.0,0.0,2.0,0.0,0.0,1.0,0.0,2.0,0.0,2.0,0.0,0.0,0.0,2.0,1.0,1.0,2.0,1.0,2.0,2.0,0.0,0.0,1.0,1.0,1.0,2.0,2.0,0.0,1.0,0.0,0.0,0.0,0.0,0.0,0.0,2.0,2.0,2.0,1.0,2.0,2.0,2.0,2.0,2.0,2.0,2.0,1.0,1.0,2.0,2.0,2.0,1.0,2.0,1.0,0.0
6261,2.0,0.0,2.0,0.0,0.0,0.0,0.0,2.0,1.0,0.0,0.0,1.0,1.0,1.0,2.0,2.0,2.0,1.0,2.0,1.0,2.0,1.0,2.0,0.0,1.0,1.0,2.0,0.0,1.0,2.0,0.0,1.0,1.0,1.0,0.0,0.0,2.0,0.0,2.0,1.0,2.0,1.0,0.0,2.0,0.0,1.0,2.0,2.0,1.0,0.0,1.0,0.0,2.0,0.0,2.0,2.0,2.0,0.0,2.0,1.0,0.0,2.0,0.0,2.0,2.0,1.0,1.0,2.0,2.0,0.0,2.0,2.0,0.0,2.0,1.0,0.0,0.0,1.0,1.0,0.0,2.0,0.0,0.0,0.0,2.0,0.0,0.0,2.0,1.0,1.0,2.0,2.0,0.0,2.0,1.0,2.0,0.0,2.0,0.0,0.0
6264,1.0,0.0,2.0,0.0,1.0,0.0,0.0,2.0,2.0,0.0,0.0,1.0,1.0,1.0,2.0,2.0,2.0,0.0,2.0,1.0,2.0,0.0,2.0,0.0,2.0,2.0,1.0,0.0,1.0,2.0,1.0,0.0,2.0,0.0,1.0,0.0,1.0,1.0,2.0,1.0,2.0,1.0,0.0,2.0,0.0,1.0,2.0,2.0,1.0,1.0,1.0,0.0,2.0,0.0,2.0,1.0,2.0,0.0,2.0,2.0,2.0,2.0,1.0,2.0,2.0,0.0,1.0,1.0,1.0,1.0,2.0,1.0,0.0,1.0,0.0,0.0,1.0,0.0,0.0,0.0,2.0,0.0,1.0,0.0,2.0,0.0,1.0,2.0,1.0,2.0,2.0,2.0,0.0,2.0,1.0,2.0,0.0,2.0,0.0,1.0
6267,1.0,0.0,2.0,1.0,1.0,0.0,1.0,2.0,1.0,0.0,0.0,0.0,2.0,2.0,1.0,2.0,2.0,0.0,0.0,0.0,2.0,0.0,2.0,0.0,2.0,1.0,2.0,0.0,1.0,1.0,1.0,1.0,2.0,1.0,2.0,2.0,0.0,0.0,2.0,0.0,2.0,0.0,1.0,2.0,0.0,2.0,2.0,2.0,1.0,0.0,1.0,0.0,2.0,0.0,2.0,1.0,2.0,0.0,2.0,0.0,0.0,2.0,0.0,1.0,2.0,0.0,1.0,0.0,1.0,1.0,2.0,2.0,0.0,2.0,1.0,0.0,2.0,0.0,0.0,0.0,2.0,1.0,0.0,0.0,2.0,2.0,1.0,1.0,2.0,2.0,2.0,1.0,0.0,2.0,1.0,1.0,1.0,2.0,2.0,0.0
6269,2.0,1.0,0.0,1.0,1.0,0.0,0.0,2.0,2.0,1.0,2.0,0.0,1.0,2.0,2.0,1.0,2.0,1.0,0.0,0.0,1.0,0.0,2.0,0.0,2.0,2.0,1.0,0.0,2.0,1.0,0.0,2.0,1.0,0.0,1.0,0.0,1.0,1.0,0.0,2.0,2.0,2.0,1.0,1.0,0.0,1.0,2.0,2.0,1.0,0.0,0.0,0.0,2.0,0.0,2.0,1.0,1.0,0.0,1.0,1.0,2.0,2.0,1.0,1.0,2.0,0.0,0.0,1.0,2.0,0.0,2.0,2.0,0.0,1.0,0.0,1.0,0.0,0.0,1.0,0.0,1.0,1.0,2.0,0.0,2.0,1.0,1.0,1.0,0.0,0.0,2.0,1.0,1.0,2.0,1.0,2.0,1.0,2.0,1.0,0.0
6270,2.0,0.0,0.0,0.0,1.0,1.0,1.0,1.0,1.0,0.0,1.0,1.0,0.0,2.0,2.0,2.0,2.0,0.0,0.0,0.0,2.0,0.0,2.0,1.0,2.0,0.0,1.0,0.0,2.0,2.0,2.0,1.0,2.0,0.0,0.0,1.0,0.0,2.0,2.0,1.0,2.0,2.0,2.0,2.0,0.0,1.0,2.0,1.0,2.0,1.0,2.0,0.0,2.0,0.0,2.0,1.0,2.0,0.0,2.0,0.0,2.0,2.0,1.0,2.0,2.0,0.0,0.0,1.0,1.0,1.0,2.0,2.0,0.0,0.0,0.0,0.0,1.0,0.0,0.0,0.0,2.0,1.0,0.0,2.0,2.0,1.0,1.0,2.0,0.0,1.0,1.0,2.0,0.0,2.0,1.0,1.0,0.0,2.0,1.0,0.0
6277,2.0,2.0,0.0,2.0,0.0,0.0,0.0,1.0,1.0,1.0,0.0,0.0,1.0,1.0,2.0,1.0,2.0,1.0,0.0,0.0,2.0,0.0,1.0,1.0,1.0,0.0,2.0,0.0,1.0,1.0,0.0,2.0,2.0,0.0,2.0,1.0,1.0,1.0,0.0,2.0,2.0,1.0,2.0,1.0,0.0,1.0,2.0,2.0,1.0,0.0,0.0,0.0,2.0,0.0,2.0,0.0,1.0,0.0,2.0,1.0,2.0,2.0,0.0,2.0,2.0,1.0,0.0,1.0,0.0,2.0,2.0,2.0,0.0,1.0,2.0,0.0,1.0,1.0,1.0,0.0,2.0,0.0,1.0,2.0,2.0,0.0,1.0,2.0,1.0,1.0,0.0,2.0,0.0,2.0,2.0,2.0,0.0,2.0,0.0,0.0
6279,1.0,0.0,1.0,0.0,1.0,0.0,0.0,2.0,2.0,1.0,1.0,0.0,1.0,2.0,1.0,2.0,2.0,2.0,0.0,1.0,2.0,0.0,2.0,0.0,2.0,1.0,1.0,1.0,2.0,1.0,0.0,1.0,0.0,0.0,1.0,0.0,2.0,1.0,2.0,2.0,2.0,2.0,1.0,1.0,0.0,0.0,1.0,2.0,0.0,0.0,2.0,0.0,2.0,0.0,1.0,0.0,1.0,0.0,2.0,2.0,1.0,2.0,0.0,1.0,2.0,0.0,0.0,0.0,1.0,0.0,2.0,2.0,0.0,0.0,0.0,0.0,1.0,0.0,0.0,0.0,2.0,2.0,2.0,1.0,2.0,2.0,2.0,1.0,1.0,2.0,2.0,2.0,2.0,2.0,2.0,2.0,1.0,2.0,0.0,0.0
6281,1.0,1.0,0.0,0.0,1.0,0.0,1.0,2.0,0.0,1.0,1.0,1.0,0.0,2.0,1.0,1.0,2.0,1.0,1.0,1.0,2.0,0.0,1.0,1.0,1.0,1.0,1.0,0.0,1.0,1.0,0.0,2.0,2.0,0.0,1.0,1.0,2.0,2.0,2.0,2.0,2.0,1.0,1.0,2.0,0.0,1.0,2.0,2.0,1.0,1.0,0.0,0.0,2.0,0.0,2.0,0.0,0.0,0.0,2.0,2.0,2.0,2.0,0.0,1.0,2.0,0.0,0.0,0.0,0.0,1.0,2.0,2.0,0.0,0.0,0.0,0.0,1.0,1.0,1.0,0.0,2.0,2.0,0.0,0.0,2.0,0.0,2.0,1.0,0.0,2.0,2.0,2.0,0.0,1.0,2.0,2.0,0.0,2.0,0.0,0.0
6283,1.0,0.0,0.0,0.0,1.0,0.0,0.0,2.0,2.0,1.0,2.0,1.0,0.0,2.0,2.0,1.0,2.0,1.0,0.0,0.0,2.0,0.0,1.0,0.0,2.0,0.0,2.0,0.0,1.0,2.0,0.0,1.0,2.0,0.0,1.0,1.0,2.0,1.0,2.0,2.0,2.0,0.0,1.0,2.0,0.0,1.0,2.0,2.0,2.0,1.0,0.0,0.0,2.0,0.0,2.0,0.0,1.0,0.0,2.0,2.0,2.0,2.0,0.0,2.0,2.0,0.0,0.0,0.0,0.0,1.0,2.0,2.0,0.0,1.0,1.0,0.0,1.0,0.0,1.0,0.0,2.0,1.0,1.0,2.0,2.0,0.0,2.0,1.0,1.0,2.0,1.0,2.0,0.0,1.0,2.0,1.0,0.0,2.0,0.0,0.0
6286,2.0,0.0,1.0,0.0,0.0,0.0,1.0,2.0,2.0,0.0,0.0,1.0,1.0,2.0,1.0,2.0,2.0,1.0,0.0,0.0,1.0,0.0,1.0,1.0,2.0,0.0,1.0,1.0,2.0,2.0,0.0,1.0,2.0,1.0,2.0,1.0,2.0,1.0,2.0,1.0,2.0,2.0,2.0,2.0,0.0,1.0,2.0,1.0,2.0,0.0,1.0,0.0,2.0,0.0,2.0,1.0,2.0,0.0,2.0,0.0,1.0,2.0,1.0,2.0,2.0,0.0,0.0,0.0,1.0,0.0,2.0,2.0,0.0,1.0,0.0,0.0,1.0,0.0,0.0,0.0,2.0,2.0,0.0,2.0,2.0,0.0,2.0,2.0,1.0,1.0,1.0,1.0,0.0,2.0,1.0,1.0,1.0,2.0,1.0,0.0
6295,2.0,0.0,2.0,0.0,0.0,0.0,0.0,0.0,1.0,0.0,1.0,0.0,1.0,2.0,1.0,2.0,2.0,1.0,1.0,0.0,1.0,0.0,1.0,0.0,2.0,0.0,2.0,1.0,0.0,1.0,0.0,1.0,2.0,0.0,1.0,1.0,2.0,0.0,1.0,2.0,2.0,2.0,1.0,2.0,0.0,1.0,2.0,2.0,2.0,1.0,0.0,0.0,2.0,0.0,2.0,0.0,1.0,0.0,2.0,1.0,2.0,2.0,0.0,2.0,2.0,0.0,1.0,1.0,1.0,1.0,2.0,2.0,0.0,2.0,0.0,0.0,1.0,0.0,1.0,0.0,0.0,1.0,0.0,1.0,2.0,0.0,1.0,0.0,1.0,1.0,2.0,2.0,0.0,2.0,1.0,2.0,0.0,2.0,2.0,0.0
6296,2.0,0.0,2.0,1.0,1.0,0.0,0.0,0.0,1.0,0.0,1.0,0.0,1.0,2.0,1.0,1.0,2.0,0.0,1.0,0.0,1.0,0.0,1.0,0.0,2.0,1.0,2.0,0.0,0.0,1.0,0.0,1.0,2.0,0.0,1.0,1.0,1.0,1.0,1.0,1.0,2.0,2.0,1.0,1.0,0.0,1.0,2.0,2.0,2.0,1.0,0.0,0.0,2.0,0.0,2.0,0.0,1.0,0.0,2.0,1.0,2.0,2.0,0.0,2.0,2.0,0.0,0.0,2.0,1.0,0.0,2.0,2.0,0.0,1.0,1.0,0.0,1.0,0.0,1.0,0.0,1.0,0.0,0.0,1.0,2.0,0.0,2.0,0.0,1.0,1.0,2.0,2.0,0.0,1.0,1.0,1.0,0.0,2.0,1.0,0.0
6298,2.0,0.0,2.0,0.0,1.0,1.0,2.0,1.0,2.0,1.0,1.0,0.0,0.0,2.0,2.0,1.0,2.0,1.0,1.0,0.0,2.0,0.0,1.0,1.0,2.0,1.0,2.0,1.0,0.0,1.0,1.0,0.0,1.0,0.0,1.0,2.0,2.0,1.0,1.0,1.0,2.0,0.0,2.0,2.0,0.0,1.0,2.0,1.0,0.0,1.0,0.0,0.0,2.0,0.0,2.0,0.0,2.0,0.0,2.0,2.0,1.0,2.0,0.0,1.0,2.0,1.0,1.0,0.0,1.0,1.0,2.0,2.0,0.0,1.0,0.0,1.0,1.0,1.0,1.0,0.0,2.0,0.0,1.0,1.0,2.0,0.0,2.0,2.0,0.0,2.0,1.0,2.0,0.0,1.0,1.0,2.0,0.0,2.0,1.0,1.0
6300,2.0,1.0,2.0,2.0,0.0,1.0,2.0,1.0,2.0,0.0,0.0,0.0,0.0,2.0,2.0,1.0,2.0,2.0,2.0,0.0,2.0,0.0,1.0,0.0,2.0,1.0,2.0,1.0,0.0,2.0,0.0,0.0,1.0,0.0,1.0,2.0,1.0,1.0,1.0,1.0,2.0,1.0,2.0,2.0,0.0,1.0,2.0,2.0,1.0,1.0,0.0,0.0,2.0,0.0,2.0,1.0,1.0,0.0,2.0,1.0,0.0,2.0,0.0,2.0,2.0,0.0,0.0,0.0,1.0,0.0,2.0,2.0,0.0,1.0,0.0,1.0,2.0,0.0,0.0,0.0,2.0,0.0,1.0,0.0,2.0,0.0,2.0,2.0,1.0,2.0,1.0,1.0,0.0,1.0,1.0,1.0,0.0,2.0,1.0,0.0
6308,1.0,1.0,1.0,0.0,1.0,0.0,1.0,2.0,1.0,0.0,1.0,0.0,1.0,2.0,1.0,2.0,1.0,1.0,1.0,0.0,2.0,0.0,1.0,0.0,2.0,0.0,2.0,1.0,2.0,0.0,0.0,0.0,2.0,0.0,1.0,0.0,2.0,1.0,2.0,1.0,2.0,2.0,2.0,0.0,0.0,1.0,2.0,2.0,1.0,0.0,0.0,0.0,2.0,0.0,2.0,0.0,1.0,0.0,2.0,2.0,1.0,2.0,2.0,1.0,2.0,0.0,0.0,2.0,1.0,0.0,2.0,2.0,0.0,1.0,1.0,0.0,0.0,0.0,1.0,0.0,2.0,1.0,0.0,1.0,2.0,0.0,1.0,1.0,1.0,2.0,1.0,1.0,1.0,2.0,2.0,2.0,0.0,2.0,2.0,0.0
6314,2.0,0.0,1.0,0.0,0.0,1.0,1.0,1.0,2.0,0.0,1.0,0.0,1.0,2.0,2.0,2.0,2.0,2.0,1.0,0.0,2.0,0.0,1.0,1.0,2.0,1.0,2.0,1.0,1.0,1.0,0.0,2.0,1.0,0.0,1.0,1.0,2.0,1.0,2.0,1.0,2.0,2.0,2.0,1.0,0.0,2.0,2.0,1.0,1.0,1.0,1.0,0.0,2.0,0.0,2.0,0.0,1.0,0.0,2.0,1.0,2.0,1.0,0.0,1.0,2.0,0.0,0.0,0.0,2.0,1.0,2.0,0.0,0.0,2.0,0.0,0.0,1.0,0.0,0.0,0.0,1.0,2.0,0.0,0.0,2.0,1.0,2.0,1.0,2.0,2.0,2.0,1.0,1.0,2.0,2.0,2.0,1.0,2.0,2.0,0.0
6320,2.0,0.0,1.0,0.0,1.0,0.0,1.0,1.0,1.0,0.0,0.0,0.0,2.0,2.0,0.0,2.0,2.0,1.0,1.0,0.0,1.0,0.0,1.0,0.0,2.0,0.0,2.0,0.0,2.0,1.0,1.0,0.0,2.0,0.0,1.0,2.0,1.0,0.0,2.0,1.0,2.0,0.0,2.0,1.0,0.0,1.0,2.0,2.0,0.0,0.0,0.0,0.0,2.0,0.0,2.0,1.0,1.0,0.0,2.0,2.0,2.0,2.0,1.0,2.0,2.0,0.0,1.0,0.0,0.0,0.0,2.0,1.0,0.0,2.0,0.0,0.0,1.0,0.0,0.0,0.0,2.0,1.0,1.0,1.0,2.0,0.0,0.0,1.0,0.0,1.0,2.0,1.0,1.0,2.0,1.0,1.0,0.0,2.0,1.0,0.0
6325,2.0,1.0,0.0,1.0,1.0,0.0,1.0,2.0,1.0,1.0,2.0,0.0,1.0,2.0,2.0,2.0,2.0,1.0,0.0,0.0,2.0,0.0,1.0,0.0,2.0,1.0,1.0,0.0,1.0,2.0,0.0,1.0,2.0,0.0,2.0,2.0,1.0,1.0,1.0,2.0,2.0,0.0,1.0,2.0,0.0,0.0,2.0,1.0,0.0,0.0,0.0,0.0,1.44,0.0,1.0,0.0,1.0,0.0,2.0,1.0,2.0,2.0,0.0,2.0,2.0,0.0,0.0,1.0,2.0,1.0,2.0,2.0,0.0,1.0,0.0,1.0,1.0,0.0,0.0,0.0,2.0,2.0,1.0,1.0,2.0,1.0,1.0,1.0,2.0,2.0,1.0,1.0,0.0,2.0,1.0,1.0,0.0,2.0,0.0,0.0
6329,2.0,0.0,1.0,1.0,0.0,0.0,0.0,1.0,0.0,0.0,1.0,0.0,0.0,1.0,1.0,2.0,2.0,1.0,1.0,1.0,1.0,0.0,1.0,0.0,2.0,1.0,2.0,0.0,1.0,2.0,1.0,1.0,2.0,0.0,2.0,2.0,0.0,2.0,1.0,2.0,2.0,1.0,2.0,2.0,0.0,1.0,2.0,2.0,0.0,0.0,1.0,0.0,2.0,0.0,2.0,1.0,2.0,0.0,2.0,2.0,1.0,2.0,1.0,2.0,2.0,1.0,1.0,1.0,1.0,0.0,2.0,1.0,0.0,0.0,0.0,1.0,1.0,1.0,1.0,0.0,1.0,2.0,0.0,1.0,2.0,1.0,1.0,1.0,1.0,2.0,2.0,2.0,0.0,1.0,0.0,2.0,0.0,2.0,2.0,0.0
6331,2.0,0.0,1.0,1.0,0.0,0.0,0.0,2.0,2.0,0.0,1.0,1.0,1.0,1.0,2.0,2.0,2.0,1.0,0.0,1.0,2.0,0.0,0.0,0.0,2.0,2.0,2.0,0.0,1.0,1.0,1.0,0.0,2.0,0.0,1.0,1.0,0.0,0.0,1.0,2.0,2.0,1.0,2.0,1.0,0.0,1.0,2.0,2.0,1.0,0.0,1.0,0.0,2.0,0.0,2.0,1.0,2.0,0.0,2.0,2.0,1.0,2.0,0.0,2.0,2.0,1.0,0.0,2.0,2.0,0.0,2.0,2.0,0.0,2.0,0.0,0.0,1.0,1.0,1.0,0.0,1.0,0.0,0.0,2.0,2.0,0.0,1.0,1.0,1.0,2.0,2.0,2.0,0.0,1.0,1.0,2.0,0.0,2.0,1.0,0.0
6345,2.0,1.0,0.0,0.0,1.0,0.0,1.0,1.0,1.0,1.0,1.0,0.0,0.0,2.0,2.0,1.0,2.0,2.0,1.0,0.0,2.0,0.0,1.0,1.0,2.0,0.0,1.0,1.0,1.0,1.0,0.0,1.0,2.0,0.0,1.0,1.0,2.0,1.0,1.0,2.0,2.0,1.0,1.0,2.0,0.0,1.0,2.0,2.0,1.0,1.0,0.0,0.0,0.0,0.0,2.0,0.0,1.0,0.0,2.0,1.0,0.0,2.0,0.0,2.0,2.0,0.0,0.0,0.0,0.0,0.0,2.0,2.0,0.0,1.0,1.0,0.0,1.0,0.0,1.0,0.0,1.0,1.0,1.0,1.0,2.0,0.0,2.0,1.0,2.0,2.0,0.0,1.0,1.0,1.0,2.0,2.0,0.0,2.0,0.0,0.0
6350,1.0,0.0,1.0,1.0,0.0,0.0,1.0,2.0,0.0,0.0,2.0,0.0,1.0,1.0,0.0,2.0,1.0,0.0,0.0,0.0,2.0,0.0,1.0,0.0,2.0,0.0,1.0,1.0,0.0,0.0,1.0,1.0,2.0,0.0,1.0,1.0,1.0,2.0,1.0,2.0,2.0,0.0,1.0,2.0,0.0,1.0,2.0,1.0,1.0,0.0,1.0,0.0,2.0,0.0,2.0,0.0,0.0,0.0,2.0,2.0,2.0,1.0,1.0,2.0,2.0,1.0,0.0,1.0,1.0,0.0,2.0,2.0,0.0,0.0,0.0,0.0,1.0,0.0,2.0,0.0,1.0,1.0,2.0,2.0,2.0,1.0,1.0,2.0,0.0,2.0,2.0,1.0,0.0,2.0,2.0,2.0,2.0,2.0,0.0,1.0
6351,1.0,0.0,1.0,0.0,0.0,0.0,2.0,2.0,0.0,0.0,2.0,0.0,2.0,1.0,0.0,1.0,2.0,2.0,2.0,0.0,2.0,0.0,1.0,0.0,2.0,0.0,2.0,1.0,2.0,2.0,0.0,1.0,0.0,0.0,1.0,2.0,2.0,2.0,2.0,1.0,2.0,0.0,1.0,2.0,0.0,0.0,2.0,1.0,2.0,0.0,1.0,0.0,2.0,0.0,2.0,0.0,1.0,0.0,2.0,2.0,2.0,2.0,0.0,2.0,2.0,0.0,0.0,1.0,1.0,0.0,2.0,2.0,0.0,0.0,0.0,1.0,1.0,0.0,0.0,0.0,0.0,1.0,1.0,2.0,2.0,1.0,1.0,2.0,0.0,2.0,2.0,2.0,1.0,2.0,1.0,1.0,0.0,2.0,0.0,2.0
6352,1.0,0.0,1.0,1.0,0.0,0.0,0.0,2.0,1.0,0.0,2.0,0.0,2.0,1.0,0.0,2.0,2.0,1.0,2.0,0.0,2.0,0.0,1.0,0.0,2.0,0.0,2.0,1.0,0.0,1.0,1.0,1.0,1.0,0.0,1.0,1.0,1.0,2.0,1.0,2.0,2.0,0.0,2.0,2.0,0.0,1.0,2.0,2.0,1.0,0.0,1.0,0.0,2.0,0.0,2.0,0.0,0.0,0.0,2.0,2.0,2.0,1.0,0.0,1.0,2.0,1.0,0.0,1.0,1.0,0.0,2.0,2.0,0.0,0.0,0.0,1.0,1.0,0.0,2.0,0.0,0.0,1.0,1.0,2.0,2.0,0.0,1.0,2.0,1.0,2.0,1.0,1.0,1.0,2.0,2.0,2.0,2.0,2.0,0.0,0.0
6354,2.0,0.0,1.0,0.0,1.0,0.0,1.0,2.0,1.0,0.0,1.0,1.0,0.0,2.0,1.0,2.0,2.0,0.0,1.0,1.0,2.0,0.0,1.0,0.0,2.0,0.0,2.0,0.0,2.0,1.0,0.0,1.0,2.0,0.0,1.0,1.0,2.0,0.0,1.0,2.0,2.0,1.0,2.0,0.0,0.0,1.0,2.0,2.0,1.0,1.0,1.0,0.0,2.0,0.0,2.0,0.0,2.0,0.0,2.0,2.0,2.0,2.0,0.0,2.0,2.0,0.0,1.0,1.0,1.0,0.0,2.0,2.0,0.0,2.0,2.0,0.0,0.0,0.0,1.0,0.0,1.0,0.0,1.0,2.0,2.0,0.0,1.0,1.0,1.0,2.0,2.0,2.0,0.0,2.0,1.0,2.0,1.0,2.0,1.0,2.0
6357,2.0,0.0,2.0,0.0,0.0,0.0,1.0,2.0,2.0,0.0,0.0,2.0,2.0,2.0,1.0,2.0,2.0,1.0,1.0,0.0,2.0,0.0,1.0,0.0,2.0,1.0,2.0,1.0,2.0,1.0,0.0,2.0,2.0,1.0,0.0,1.0,2.0,1.0,2.0,2.0,2.0,2.0,2.0,2.0,0.0,0.0,2.0,2.0,1.0,1.0,0.0,0.0,2.0,0.0,2.0,2.0,2.0,0.0,2.0,1.0,0.0,1.0,0.0,2.0,2.0,0.0,0.0,0.0,2.0,0.0,2.0,2.0,0.0,1.0,0.0,0.0,1.0,0.0,0.0,0.0,1.0,1.0,0.0,2.0,2.0,1.0,2.0,1.0,1.0,1.0,2.0,1.0,0.0,2.0,2.0,1.0,2.0,2.0,1.0,0.0
6358,2.0,0.0,1.0,1.0,0.0,0.0,0.0,1.0,1.0,0.0,1.0,1.0,0.0,2.0,0.0,2.0,2.0,1.0,1.0,1.0,1.0,0.0,1.0,0.0,2.0,1.0,2.0,1.0,0.0,2.0,1.0,2.0,1.0,0.0,1.0,0.0,0.0,1.0,1.0,2.0,2.0,1.0,2.0,1.0,0.0,1.0,2.0,2.0,1.0,0.0,0.0,0.0,2.0,0.0,2.0,0.0,1.0,0.0,2.0,2.0,2.0,2.0,0.0,2.0,2.0,0.0,0.0,1.0,0.0,0.0,2.0,2.0,0.0,1.0,0.0,2.0,1.0,0.0,1.0,0.0,1.0,0.0,0.0,1.0,2.0,0.0,2.0,1.0,1.0,2.0,2.0,2.0,0.0,1.0,1.0,1.0,1.0,2.0,1.0,0.0
6359,2.0,0.0,1.0,1.0,0.0,0.0,0.0,2.0,2.0,0.0,1.0,1.0,0.0,2.0,1.0,2.0,2.0,0.0,1.0,1.0,2.0,0.0,0.0,0.0,2.0,1.0,2.0,2.0,1.0,0.0,0.0,0.0,1.0,0.0,1.0,0.0,2.0,0.0,1.0,2.0,2.0,2.0,2.0,1.0,0.0,1.0,2.0,2.0,1.0,1.0,0.0,0.0,2.0,0.0,2.0,0.0,2.0,0.0,2.0,2.0,2.0,2.0,1.0,2.0,2.0,0.0,1.0,1.0,0.0,0.0,2.0,2.0,0.0,1.0,0.0,1.0,0.0,0.0,1.0,0.0,1.0,1.0,1.0,1.0,2.0,0.0,1.0,0.0,1.0,2.0,2.0,2.0,0.0,1.0,2.0,1.0,0.0,2.0,1.0,1.0
6360,2.0,1.0,2.0,0.0,0.0,0.0,0.0,1.0,1.0,1.0,2.0,2.0,1.0,1.0,2.0,2.0,2.0,1.0,1.0,0.0,2.0,0.0,1.0,0.0,2.0,1.0,2.0,0.0,2.0,2.0,0.0,0.0,2.0,1.0,1.0,2.0,2.0,0.0,2.0,2.0,2.0,2.0,2.0,0.0,0.0,0.0,2.0,2.0,2.0,0.0,0.0,0.0,2.0,0.0,2.0,0.0,2.0,0.0,2.0,2.0,2.0,1.0,0.0,2.0,2.0,0.0,0.0,1.0,1.0,0.0,2.0,2.0,0.0,2.0,0.0,1.0,1.0,0.0,0.0,0.0,1.0,1.0,1.0,2.0,2.0,1.0,1.0,0.0,0.0,2.0,2.0,1.0,0.0,2.0,2.0,2.0,0.0,2.0,2.0,0.0
6361,2.0,0.0,1.0,0.0,2.0,0.0,2.0,1.0,1.0,1.0,2.0,0.0,2.0,2.0,1.0,2.0,2.0,1.0,0.0,0.0,1.0,0.0,2.0,0.0,2.0,1.0,2.0,0.0,1.0,1.0,1.0,1.0,0.0,0.0,2.0,1.0,1.0,1.0,1.0,2.0,2.0,0.0,2.0,1.0,0.0,2.0,1.0,1.0,1.0,0.0,1.0,0.0,2.0,0.0,2.0,0.0,1.0,0.0,2.0,1.0,1.0,2.0,1.0,1.0,2.0,0.0,0.0,0.0,0.0,0.0,2.0,2.0,0.0,1.0,1.0,0.0,2.0,0.0,0.0,0.0,1.0,0.0,1.0,1.0,2.0,1.0,1.0,2.0,0.0,1.0,2.0,2.0,2.0,1.0,1.0,2.0,2.0,2.0,1.0,1.0
6362,1.0,0.0,1.0,2.0,0.0,0.0,0.0,2.0,1.0,1.0,1.0,1.0,0.0,2.0,1.0,2.0,2.0,1.0,1.0,1.0,2.0,0.0,0.0,0.0,2.0,1.0,2.0,2.0,1.0,1.0,0.0,2.0,0.0,0.0,1.0,2.0,1.0,1.0,0.0,1.0,2.0,1.0,2.0,1.0,0.0,0.0,2.0,1.0,1.0,0.0,1.0,0.0,2.0,0.0,2.0,0.0,1.0,0.0,2.0,2.0,1.0,2.0,0.0,1.0,2.0,0.0,1.0,2.0,2.0,0.0,2.0,1.0,0.0,1.0,0.0,2.0,2.0,0.0,2.0,0.0,1.0,1.0,2.0,2.0,2.0,1.0,2.0,2.0,1.0,1.0,2.0,2.0,0.0,2.0,2.0,2.0,1.0,2.0,2.0,0.0
6363,2.0,0.0,0.0,2.0,1.0,0.0,1.0,2.0,2.0,1.0,1.0,2.0,1.0,2.0,1.0,1.0,2.0,0.0,1.0,0.0,2.0,0.0,0.0,0.0,2.0,0.0,2.0,1.0,1.0,2.0,0.0,0.0,1.0,0.0,1.0,1.0,1.0,1.0,1.0,2.0,2.0,1.0,2.0,2.0,0.0,1.0,2.0,2.0,1.0,0.0,0.0,0.0,1.0,0.0,2.0,0.0,1.0,0.0,2.0,2.0,2.0,2.0,0.0,1.0,2.0,0.0,1.0,0.0,1.0,0.0,2.0,1.0,0.0,1.0,1.0,2.0,0.0,0.0,2.0,0.0,1.0,1.0,1.0,2.0,2.0,0.0,2.0,2.0,0.0,1.0,1.0,1.0,0.0,2.0,2.0,2.0,2.0,2.0,2.0,0.0
6364,2.0,1.0,0.0,0.0,1.0,1.0,1.0,1.0,1.0,0.0,1.0,1.0,0.0,2.0,2.0,2.0,2.0,1.0,0.0,0.0,2.0,0.0,2.0,1.0,2.0,1.0,2.0,0.0,1.0,0.0,1.0,1.0,1.0,0.0,2.0,1.0,2.0,2.0,1.0,1.0,2.0,1.0,1.0,1.0,0.0,1.0,2.0,2.0,1.0,0.0,0.0,0.0,2.0,0.0,1.0,0.0,1.0,0.0,2.0,2.0,1.0,2.0,0.0,2.0,2.0,0.0,1.0,0.0,1.0,1.0,2.0,2.0,0.0,0.0,1.0,1.0,1.0,0.0,0.0,0.0,2.0,1.0,1.0,0.0,2.0,1.0,2.0,1.0,1.0,2.0,1.0,2.0,0.0,2.0,2.0,2.0,0.0,2.0,0.0,0.0
6365,2.0,1.0,1.0,1.0,0.0,1.0,1.0,2.0,1.0,0.0,2.0,0.0,0.0,2.0,2.0,2.0,2.0,0.0,0.0,0.0,2.0,0.0,2.0,1.0,1.0,1.0,2.0,1.0,1.0,0.0,1.0,1.0,1.0,0.0,2.0,1.0,1.0,1.0,1.0,1.0,2.0,1.0,1.0,1.0,0.0,0.0,2.0,2.0,1.0,0.0,0.0,0.0,2.0,0.0,1.0,0.0,1.0,0.0,2.0,2.0,0.0,2.0,0.0,2.0,2.0,1.0,1.0,1.0,1.0,1.0,2.0,2.0,0.0,1.0,0.0,1.0,1.0,1.0,0.0,0.0,2.0,1.0,1.0,0.0,2.0,0.0,1.0,2.0,2.0,2.0,0.0,2.0,0.0,1.0,2.0,2.0,0.0,2.0,0.0,0.0
6366,2.0,0.0,1.0,1.0,1.0,0.0,2.0,1.0,1.0,0.0,1.0,0.0,1.0,1.0,2.0,2.0,2.0,2.0,0.0,0.0,2.0,0.0,2.0,1.0,1.0,1.0,2.0,1.0,1.0,2.0,0.0,2.0,1.0,0.0,2.0,1.0,1.0,1.0,1.0,1.0,2.0,1.0,0.0,1.0,0.0,0.0,2.0,2.0,1.0,0.0,0.0,0.0,2.0,0.0,1.0,1.0,2.0,0.0,2.0,2.0,1.0,2.0,0.0,2.0,2.0,0.0,1.0,1.0,1.0,0.0,2.0,2.0,0.0,1.0,2.0,1.0,1.0,1.0,1.0,0.0,2.0,1.0,1.0,0.0,2.0,1.0,2.0,2.0,1.0,2.0,0.0,1.0,0.0,2.0,2.0,1.0,0.0,2.0,0.0,0.0
6367,1.0,1.0,1.0,1.0,1.0,0.0,1.0,1.0,2.0,1.0,0.0,0.0,1.0,2.0,2.0,2.0,2.0,2.0,1.0,0.0,2.0,0.0,2.0,1.0,2.0,2.0,2.0,1.0,1.0,2.0,0.0,1.0,2.0,0.0,2.0,1.0,1.0,1.0,1.0,2.0,2.0,1.0,2.0,2.0,0.0,0.0,2.0,2.0,1.0,0.0,0.0,0.0,1.44,0.0,2.0,0.0,1.0,0.0,2.0,0.0,0.0,2.0,0.0,2.0,2.0,0.0,1.0,1.0,1.0,1.0,2.0,2.0,0.0,1.0,0.0,0.0,1.0,0.0,0.0,0.0,2.0,1.0,2.0,1.0,2.0,0.0,2.0,0.0,1.0,2.0,2.0,0.0,0.0,2.0,1.0,1.0,0.0,2.0,1.0,0.0
6368,2.0,0.0,0.0,1.0,0.0,0.0,1.0,0.0,2.0,0.0,2.0,0.0,1.0,1.0,1.0,2.0,2.0,0.0,2.0,0.0,2.0,0.0,0.0,0.0,2.0,1.0,2.0,0.0,2.0,1.0,0.0,2.0,1.0,0.0,0.0,1.0,1.0,0.0,2.0,2.0,2.0,2.0,2.0,1.0,0.0,1.0,2.0,2.0,1.0,1.0,0.0,0.0,2.0,0.0,2.0,0.0,1.0,0.0,2.0,2.0,1.0,2.0,0.0,2.0,2.0,0.0,0.0,2.0,1.0,0.0,2.0,2.0,0.0,2.0,1.0,0.0,1.0,0.0,0.0,0.0,1.0,1.0,0.0,1.0,2.0,2.0,0.0,0.0,2.0,2.0,2.0,2.0,2.0,2.0,2.0,1.0,0.0,2.0,2.0,1.0
6369,2.0,0.0,1.0,0.0,1.0,0.0,1.0,2.0,2.0,0.0,0.0,0.0,1.0,2.0,2.0,2.0,2.0,1.0,2.0,0.0,0.0,1.0,0.0,0.0,2.0,2.0,1.0,0.0,0.0,2.0,1.0,0.0,1.0,0.0,1.0,1.0,1.0,0.0,1.0,1.0,2.0,1.0,1.0,1.0,0.0,1.0,2.0,2.0,2.0,2.0,1.0,0.0,2.0,0.0,2.0,1.0,2.0,0.0,2.0,2.0,2.0,1.0,0.0,2.0,2.0,0.0,0.0,2.0,2.0,1.0,2.0,2.0,0.0,1.0,1.0,2.0,2.0,0.0,1.0,0.0,2.0,1.0,0.0,2.0,2.0,1.0,1.0,0.0,1.0,2.0,0.0,2.0,1.0,2.0,1.0,1.0,0.0,2.0,1.0,0.0
6370,1.0,0.0,1.0,1.0,0.0,0.0,2.0,1.0,1.0,0.0,0.0,0.0,1.0,2.0,1.0,1.0,2.0,1.0,2.0,0.0,1.0,1.0,1.0,1.0,2.0,2.0,1.0,1.0,1.0,1.0,0.0,2.0,1.0,0.0,1.0,2.0,1.0,2.0,2.0,2.0,2.0,1.0,0.0,2.0,0.0,0.0,2.0,2.0,1.0,1.0,1.0,0.0,2.0,0.0,2.0,0.0,1.0,0.0,2.0,2.0,2.0,2.0,1.0,1.0,2.0,0.0,0.0,1.0,1.0,0.0,2.0,2.0,0.0,0.0,1.0,1.0,2.0,0.0,0.0,0.0,2.0,1.0,1.0,1.0,2.0,1.0,2.0,2.0,1.0,2.0,1.0,2.0,1.0,2.0,1.0,1.0,0.0,2.0,0.0,0.0
6371,1.0,0.0,2.0,0.0,1.0,0.0,1.0,2.0,1.0,0.0,0.0,1.0,2.0,1.0,1.0,2.0,2.0,1.0,2.0,2.0,2.0,0.0,0.0,0.0,2.0,0.0,2.0,0.0,2.0,0.0,2.0,0.0,1.0,0.0,0.0,2.0,0.0,1.0,2.0,1.0,2.0,1.0,1.0,2.0,0.0,1.0,2.0,2.0,1.0,0.0,1.0,0.0,2.0,0.0,2.0,0.0,0.0,0.0,2.0,2.0,1.0,2.0,1.0,2.0,2.0,1.0,1.0,1.0,1.0,0.0,1.0,2.0,0.0,0.0,0.0,1.0,1.0,0.0,0.0,0.0,2.0,0.0,2.0,1.0,2.0,0.0,0.0,2.0,0.0,2.0,2.0,2.0,0.0,2.0,2.0,2.0,0.0,2.0,0.0,0.0
6372,1.0,0.0,1.0,0.0,1.0,0.0,1.0,2.0,1.0,0.0,0.0,1.0,1.0,1.0,1.0,1.0,2.0,2.0,2.0,0.0,2.0,0.0,1.0,1.0,2.0,0.0,2.0,0.0,2.0,1.0,2.0,1.0,0.0,0.0,0.0,1.0,0.0,2.0,2.0,0.0,2.0,1.0,2.0,1.0,0.0,0.0,2.0,2.0,1.0,0.0,0.0,0.0,2.0,0.0,2.0,0.0,1.0,0.0,2.0,0.0,0.0,2.0,0.0,2.0,2.0,1.0,1.0,0.0,0.0,1.0,1.0,2.0,0.0,0.0,0.0,0.0,2.0,0.0,0.0,0.0,2.0,0.0,1.0,0.0,2.0,0.0,0.0,2.0,1.0,0.0,1.0,2.0,0.0,2.0,2.0,2.0,0.0,2.0,0.0,0.0
6373,2.0,0.0,0.0,1.0,0.0,0.0,1.0,2.0,1.0,0.0,0.0,0.0,2.0,1.0,0.0,2.0,2.0,2.0,2.0,0.0,2.0,0.0,0.0,0.0,1.0,0.0,2.0,0.0,2.0,2.0,1.0,1.0,1.0,1.0,1.0,2.0,1.0,2.0,2.0,1.0,2.0,0.0,2.0,2.0,0.0,0.0,2.0,1.0,2.0,0.0,0.0,0.0,2.0,0.0,2.0,0.0,0.0,0.0,2.0,1.0,1.0,2.0,1.0,2.0,2.0,1.0,1.0,0.0,1.0,0.0,1.0,1.0,0.0,0.0,0.0,0.0,2.0,1.0,1.0,0.0,1.0,1.0,1.0,1.0,2.0,0.0,1.0,2.0,1.0,1.0,2.0,2.0,0.0,2.0,2.0,1.0,0.0,2.0,1.0,0.0
6374,2.0,0.0,1.0,1.0,0.0,0.0,1.0,2.0,2.0,0.0,0.0,1.0,2.0,1.0,1.0,2.0,2.0,1.0,2.0,0.0,2.0,0.0,1.0,1.0,2.0,0.0,2.0,1.0,2.0,2.0,0.0,2.0,2.0,0.0,0.0,1.0,2.0,2.0,2.0,1.0,2.0,1.0,2.0,2.0,0.0,1.0,2.0,2.0,2.0,0.0,0.0,0.0,2.0,0.0,1.0,1.0,1.0,0.0,2.0,1.0,0.0,2.0,1.0,2.0,2.0,0.0,1.0,1.0,0.0,1.0,1.0,1.0,0.0,0.0,0.0,0.0,1.0,0.0,1.0,0.0,1.0,0.0,2.0,0.0,2.0,0.0,1.0,2.0,2.0,1.0,1.0,2.0,0.0,2.0,2.0,2.0,0.0,2.0,2.0,0.0
6375,2.0,0.0,0.0,0.0,1.0,0.0,2.0,2.0,1.0,0.0,2.0,1.0,1.0,2.0,1.0,1.0,2.0,1.0,2.0,1.0,1.0,0.0,2.0,1.0,2.0,0.0,1.0,0.0,1.0,2.0,1.0,2.0,2.0,1.0,1.0,1.0,2.0,2.0,1.0,2.0,2.0,0.0,0.0,2.0,0.0,0.0,2.0,2.0,1.0,1.0,0.0,0.0,2.0,0.0,2.0,0.0,0.0,0.0,2.0,1.0,1.0,2.0,0.0,2.0,2.0,0.0,0.0,0.0,2.0,0.0,2.0,2.0,0.0,0.0,0.0,1.0,1.0,0.0,1.0,0.0,2.0,1.0,2.0,2.0,2.0,0.0,2.0,1.0,2.0,1.0,2.0,2.0,0.0,2.0,2.0,2.0,2.0,2.0,0.0,1.0
6376,2.0,0.0,2.0,1.0,1.0,0.0,1.0,1.0,1.0,1.0,1.0,1.0,1.0,2.0,1.0,2.0,2.0,1.0,1.0,0.0,2.0,0.0,1.0,1.0,2.0,0.0,2.0,2.0,1.0,2.0,0.0,2.0,0.0,0.0,2.0,2.0,1.0,1.0,1.0,1.0,2.0,1.0,2.0,0.0,0.0,1.0,1.0,2.0,1.0,0.0,1.0,0.0,2.0,0.0,2.0,0.0,1.0,0.0,2.0,1.0,2.0,2.0,1.0,1.0,2.0,1.0,1.0,0.0,2.0,0.0,2.0,2.0,0.0,1.0,0.0,0.0,1.0,0.0,0.0,0.0,1.0,1.0,0.0,1.0,2.0,0.0,2.0,0.0,1.0,1.0,2.0,2.0,0.0,2.0,1.0,2.0,1.0,2.0,1.0,1.0
6377,2.0,1.0,1.0,1.0,1.0,0.0,2.0,2.0,1.0,0.0,1.0,0.0,1.0,2.0,2.0,0.0,2.0,2.0,1.0,0.0,2.0,0.0,2.0,2.0,2.0,0.0,2.0,0.0,1.0,2.0,0.0,2.0,2.0,0.0,2.0,2.0,1.0,1.0,2.0,2.0,2.0,0.0,1.0,1.0,0.0,0.0,2.0,2.0,2.0,0.0,1.0,0.0,2.0,0.0,2.0,0.0,1.0,0.0,2.0,1.0,2.0,2.0,0.0,2.0,2.0,0.0,0.0,1.0,0.0,1.0,2.0,2.0,0.0,1.0,0.0,1.0,2.0,0.0,0.0,0.0,2.0,0.0,0.0,2.0,2.0,0.0,2.0,1.0,2.0,0.0,2.0,2.0,0.0,2.0,2.0,1.0,1.0,2.0,1.0,0.0
6378,2.0,0.0,2.0,0.0,1.0,0.0,2.0,2.0,2.0,0.0,1.0,0.0,0.0,2.0,2.0,2.0,2.0,2.0,0.0,0.0,2.0,0.0,2.0,2.0,0.0,2.0,2.0,0.0,1.0,2.0,1.0,2.0,1.0,0.0,1.0,1.0,1.0,0.0,2.0,1.0,2.0,0.0,0.0,0.0,0.0,1.0,2.0,2.0,0.0,0.0,1.0,0.0,2.0,0.0,2.0,0.0,2.0,0.0,2.0,0.0,2.0,2.0,0.0,2.0,2.0,2.0,0.0,2.0,0.0,0.0,2.0,2.0,0.0,2.0,0.0,0.0,0.0,2.0,0.0,0.0,2.0,0.0,0.0,0.0,2.0,0.0,1.0,2.0,2.0,1.0,1.0,1.0,0.0,1.0,1.0,1.0,0.0,2.0,1.0,1.0
6379,2.0,1.0,2.0,0.0,1.0,0.0,2.0,2.0,2.0,0.0,1.0,1.0,0.0,2.0,2.0,1.0,2.0,2.0,2.0,0.0,2.0,0.0,2.0,2.0,0.0,0.0,2.0,0.0,1.0,2.0,1.0,2.0,1.0,0.0,2.0,1.0,1.0,0.0,2.0,1.0,2.0,0.0,0.0,0.0,0.0,1.0,2.0,2.0,1.0,0.0,1.0,0.0,2.0,0.0,2.0,0.0,1.0,0.0,2.0,1.0,2.0,2.0,0.0,2.0,2.0,2.0,0.0,2.0,0.0,1.0,2.0,2.0,0.0,2.0,0.0,0.0,0.0,2.0,1.0,0.0,2.0,0.0,0.0,0.0,2.0,0.0,1.0,1.0,1.0,0.0,2.0,2.0,0.0,2.0,2.0,1.0,0.0,2.0,1.0,0.0
6380,2.0,0.0,2.0,0.0,1.0,0.0,2.0,2.0,2.0,0.0,1.0,0.0,1.0,2.0,2.0,0.0,2.0,2.0,1.0,0.0,2.0,0.0,2.0,2.0,0.0,0.0,2.0,0.0,0.0,2.0,1.0,2.0,1.0,0.0,2.0,2.0,1.0,1.0,2.0,1.0,2.0,1.0,0.0,0.0,0.0,2.0,2.0,2.0,0.0,0.0,1.0,0.0,2.0,0.0,2.0,0.0,1.0,0.0,2.0,0.0,2.0,2.0,0.0,2.0,2.0,2.0,0.0,2.0,0.0,1.0,1.0,2.0,0.0,1.0,0.0,0.0,0.0,2.0,1.0,0.0,2.0,0.0,0.0,1.0,2.0,0.0,1.0,2.0,2.0,1.0,1.0,1.0,0.0,2.0,2.0,2.0,0.0,2.0,1.0,1.0
6381,2.0,0.0,1.0,0.0,1.0,0.0,0.0,2.0,1.0,0.0,2.0,0.0,1.0,2.0,2.0,1.0,2.0,0.0,1.0,0.0,2.0,0.0,2.0,0.0,1.0,0.0,2.0,0.0,0.0,1.0,0.0,1.0,2.0,0.0,2.0,2.0,1.0,2.0,2.0,2.0,2.0,1.0,1.0,1.0,0.0,1.0,2.0,2.0,0.0,0.0,0.0,0.0,2.0,0.0,2.0,0.0,1.0,0.0,2.0,2.0,1.0,2.0,1.0,2.0,2.0,0.0,0.0,2.0,1.0,1.0,2.0,2.0,0.0,0.0,1.0,1.0,1.0,1.0,1.0,0.0,2.0,0.0,0.0,1.0,2.0,0.0,1.0,0.0,1.0,2.0,1.0,2.0,0.0,2.0,1.0,2.0,0.0,2.0,0.0,0.0
6382,1.0,1.0,0.0,0.0,1.0,0.0,1.0,2.0,1.0,0.0,1.0,0.0,1.0,2.0,1.0,1.0,2.0,1.0,1.0,0.0,2.0,0.0,1.0,1.0,2.0,0.0,2.0,0.0,2.0,1.0,0.0,2.0,1.0,0.0,2.0,0.0,2.0,2.0,1.0,2.0,2.0,0.0,1.0,2.0,0.0,0.0,2.0,2.0,1.0,0.0,1.0,0.0,2.0,0.0,1.0,0.0,2.0,0.0,2.0,2.0,1.0,2.0,1.0,2.0,2.0,0.0,0.0,0.0,0.0,0.0,2.0,2.0,0.0,0.0,1.0,0.0,1.0,0.0,0.0,0.0,2.0,2.0,1.0,2.0,2.0,0.0,2.0,1.0,0.0,2.0,2.0,2.0,0.0,1.0,1.0,1.0,0.0,2.0,0.0,0.0
6383,2.0,1.0,1.0,0.0,2.0,0.0,2.0,1.0,2.0,0.0,0.0,0.0,0.0,2.0,2.0,2.0,2.0,2.0,1.0,1.0,2.0,0.0,1.0,0.0,2.0,1.0,2.0,0.0,2.0,1.0,0.0,1.0,2.0,0.0,2.0,1.0,2.0,1.0,0.0,2.0,2.0,0.0,1.0,1.0,0.0,1.0,2.0,2.0,0.0,0.0,0.0,0.0,2.0,0.0,1.0,0.0,1.0,0.0,2.0,1.0,1.0,2.0,0.0,1.0,2.0,1.0,0.0,0.0,2.0,1.0,2.0,2.0,0.0,1.0,1.0,0.0,0.0,1.0,0.0,0.0,2.0,0.0,1.0,1.0,2.0,0.0,2.0,1.0,1.0,1.0,1.0,0.0,0.0,1.0,1.0,1.0,0.0,2.0,0.0,0.0
6384,2.0,0.0,1.0,1.0,2.0,0.0,1.0,2.0,1.0,0.0,0.0,0.0,0.0,2.0,2.0,2.0,2.0,1.0,1.0,0.0,2.0,0.0,1.0,2.0,2.0,1.0,2.0,0.0,2.0,2.0,0.0,2.0,2.0,0.0,2.0,2.0,1.0,2.0,0.0,2.0,2.0,0.0,1.0,1.0,0.0,0.0,2.0,2.0,1.0,0.0,1.0,0.0,2.0,0.0,1.0,0.0,2.0,0.0,2.0,0.0,0.0,2.0,0.0,1.0,2.0,0.0,0.0,1.0,1.0,1.0,2.0,2.0,0.0,0.0,2.0,0.0,0.0,0.0,1.0,0.0,2.0,1.0,0.0,0.0,2.0,0.0,2.0,1.0,1.0,2.0,2.0,0.0,0.0,1.0,1.0,1.0,0.0,2.0,0.0,0.0
6385,2.0,0.0,0.0,1.0,1.0,0.0,1.0,2.0,1.0,2.0,1.0,0.0,0.0,2.0,2.0,1.0,2.0,0.0,1.0,0.0,2.0,0.0,2.0,1.0,2.0,0.0,2.0,0.0,1.0,1.0,0.0,1.0,2.0,0.0,2.0,0.0,1.0,0.0,1.0,2.0,2.0,1.0,2.0,2.0,0.0,1.0,2.0,2.0,1.0,0.0,0.0,0.0,2.0,0.0,2.0,0.0,0.0,0.0,2.0,1.0,0.0,2.0,0.0,2.0,2.0,0.0,0.0,1.0,2.0,2.0,2.0,2.0,0.0,2.0,1.0,1.0,1.0,0.0,0.0,0.0,1.0,1.0,1.0,2.0,2.0,1.0,2.0,1.0,0.0,2.0,1.0,1.0,0.0,1.0,2.0,2.0,0.0,2.0,0.0,1.0
6386,2.0,1.0,1.0,0.0,0.0,1.0,2.0,0.0,1.0,0.0,0.0,1.0,1.0,2.0,2.0,2.0,2.0,1.0,0.0,0.0,2.0,0.0,1.0,1.0,1.0,0.0,2.0,1.0,1.0,1.0,1.0,1.0,2.0,1.0,1.0,2.0,1.0,0.0,2.0,2.0,2.0,0.0,2.0,2.0,0.0,0.0,2.0,2.0,1.0,0.0,0.0,0.0,2.0,0.0,2.0,0.0,0.0,0.0,2.0,1.0,1.0,2.0,1.0,1.0,2.0,2.0,0.0,1.0,0.0,1.0,2.0,2.0,0.0,2.0,0.0,0.0,0.0,1.0,1.0,0.0,2.0,1.0,0.0,1.0,2.0,0.0,0.0,0.0,1.0,2.0,0.0,1.0,0.0,1.0,2.0,2.0,1.0,2.0,0.0,0.0
6387,2.0,2.0,1.0,0.0,1.0,1.0,2.0,2.0,2.0,1.0,1.0,1.0,1.0,2.0,1.0,2.0,2.0,2.0,0.0,1.0,2.0,0.0,1.0,0.0,2.0,0.0,2.0,0.0,1.0,2.0,0.0,1.0,1.0,0.0,1.0,1.0,2.0,0.0,2.0,1.0,2.0,2.0,2.0,2.0,0.0,2.0,1.0,1.0,1.0,1.0,0.0,0.0,2.0,0.0,2.0,0.0,1.0,0.0,2.0,1.0,1.0,2.0,0.0,2.0,2.0,0.0,0.0,2.0,2.0,0.0,2.0,2.0,0.0,2.0,0.0,1.0,0.0,0.0,0.0,0.0,2.0,1.0,1.0,0.0,2.0,0.0,2.0,0.0,1.0,1.0,2.0,2.0,1.0,2.0,2.0,1.0,0.0,2.0,0.0,1.0
6388,2.0,2.0,1.0,0.0,1.0,1.0,1.0,2.0,1.0,0.0,1.0,1.0,0.0,2.0,1.0,1.0,2.0,1.0,0.0,0.0,2.0,0.0,0.0,0.0,2.0,1.0,2.0,1.0,1.0,2.0,0.0,0.0,0.0,0.0,2.0,1.0,2.0,0.0,2.0,2.0,2.0,2.0,1.0,1.0,0.0,1.0,1.0,2.0,0.0,1.0,1.0,0.0,2.0,0.0,2.0,1.0,1.0,0.0,2.0,1.0,1.0,2.0,1.0,2.0,2.0,0.0,1.0,2.0,2.0,1.0,2.0,2.0,0.0,2.0,0.0,2.0,0.0,0.0,0.0,0.0,2.0,2.0,1.0,0.0,2.0,0.0,2.0,2.0,2.0,0.0,2.0,2.0,1.0,2.0,2.0,1.0,0.0,2.0,0.0,1.0
6389,2.0,0.0,1.0,0.0,1.0,0.0,0.0,2.0,2.0,0.0,0.0,0.0,0.0,2.0,1.0,2.0,2.0,1.0,0.0,1.0,1.0,0.0,2.0,1.0,2.0,1.0,1.0,0.0,2.0,1.0,1.0,2.0,2.0,0.0,2.0,0.0,1.0,1.0,2.0,1.0,2.0,2.0,1.0,1.0,0.0,0.0,2.0,2.0,1.0,0.0,0.0,0.0,2.0,0.0,2.0,0.0,0.0,0.0,1.0,2.0,1.0,2.0,0.0,0.0,2.0,0.0,1.0,1.0,1.0,0.0,2.0,2.0,0.0,1.0,1.0,0.0,2.0,0.0,0.0,0.0,2.0,1.0,0.0,0.0,2.0,0.0,1.0,0.0,0.0,2.0,1.0,2.0,0.0,1.0,2.0,2.0,1.0,2.0,0.0,0.0
6390,1.0,0.0,1.0,0.0,1.0,0.0,1.0,2.0,2.0,0.0,0.0,1.0,1.0,2.0,1.0,1.0,2.0,1.0,2.0,1.0,2.0,0.0,2.0,1.0,2.0,2.0,2.0,0.0,2.0,2.0,1.0,1.0,2.0,0.0,1.0,1.0,1.0,1.0,1.0,1.0,2.0,2.0,1.0,2.0,0.0,0.0,2.0,2.0,1.0,1.0,0.0,0.0,2.0,0.0,2.0,0.0,1.0,0.0,1.0,1.0,1.0,2.0,0.0,1.0,2.0,0.0,0.0,0.0,1.0,0.0,2.0,2.0,0.0,1.0,1.0,1.0,1.0,0.0,1.0,0.0,1.0,1.0,0.0,1.0,2.0,0.0,1.0,1.0,0.0,2.0,1.0,2.0,0.0,0.0,2.0,2.0,0.0,2.0,0.0,1.0
6391,2.0,1.0,1.0,1.0,0.0,0.0,2.0,1.0,1.0,1.0,2.0,0.0,0.0,2.0,0.0,1.0,2.0,1.0,2.0,1.0,2.0,0.0,2.0,1.0,1.0,1.0,2.0,0.0,0.0,2.0,1.0,1.0,0.0,0.0,1.0,2.0,0.0,1.0,2.0,2.0,2.0,1.0,2.0,1.0,0.0,1.0,2.0,2.0,1.0,1.0,1.0,0.0,2.0,0.0,1.0,0.0,2.0,0.0,2.0,1.0,1.0,2.0,0.0,1.0,2.0,2.0,0.0,2.0,0.0,0.0,2.0,2.0,0.0,1.0,1.0,1.0,0.0,1.0,1.0,0.0,2.0,1.0,1.0,1.0,2.0,0.0,0.0,2.0,1.0,1.0,2.0,2.0,2.0,2.0,2.0,2.0,1.0,2.0,0.0,0.0
6392,2.0,0.0,1.0,1.0,0.0,0.0,1.0,1.0,0.0,0.0,2.0,0.0,1.0,2.0,1.0,0.0,2.0,1.0,2.0,0.0,2.0,0.0,1.0,0.0,1.0,1.0,2.0,1.0,1.0,2.0,1.0,0.0,0.0,0.0,1.0,1.0,0.0,1.0,2.0,2.0,2.0,0.0,0.0,2.0,0.0,1.0,2.0,2.0,1.0,1.0,1.0,0.0,2.0,0.0,2.0,0.0,2.0,0.0,2.0,0.0,0.0,2.0,1.0,1.0,2.0,2.0,0.0,2.0,0.0,1.0,2.0,1.0,0.0,1.0,0.0,0.0,0.0,1.0,1.0,0.0,2.0,0.0,0.0,1.0,2.0,1.0,0.0,1.0,1.0,1.0,2.0,1.0,2.0,2.0,2.0,2.0,1.0,2.0,0.0,0.0
6393,2.0,0.0,2.0,1.0,0.0,0.0,0.0,2.0,2.0,0.0,0.0,1.0,0.0,2.0,2.0,2.0,2.0,1.0,1.0,1.0,2.0,0.0,2.0,1.0,2.0,1.0,2.0,1.0,1.0,2.0,1.0,1.0,2.0,2.0,1.0,0.0,0.0,1.0,2.0,1.0,2.0,2.0,2.0,2.0,0.0,1.0,2.0,2.0,1.0,1.0,0.0,0.0,2.0,0.0,1.0,0.0,2.0,0.0,2.0,1.0,1.0,2.0,0.0,2.0,2.0,1.0,0.0,1.0,1.0,1.0,2.0,2.0,0.0,1.0,1.0,1.0,2.0,0.0,0.0,0.0,2.0,1.0,0.0,2.0,2.0,0.0,1.0,1.0,0.0,2.0,1.0,2.0,0.0,2.0,2.0,2.0,0.0,2.0,1.0,1.0
6394,1.0,0.0,1.0,1.0,0.0,0.0,2.0,2.0,2.0,0.0,0.0,1.0,1.0,2.0,2.0,2.0,2.0,1.0,1.0,1.0,2.0,0.0,2.0,1.0,2.0,1.0,2.0,1.0,1.0,2.0,0.0,2.0,2.0,2.0,1.0,0.0,1.0,1.0,2.0,2.0,2.0,2.0,1.0,2.0,0.0,1.0,2.0,2.0,1.0,0.0,0.0,0.0,2.0,0.0,2.0,0.0,1.0,0.0,2.0,1.0,1.0,2.0,0.0,2.0,2.0,1.0,1.0,1.0,1.0,0.0,2.0,2.0,0.0,1.0,1.0,1.0,2.0,0.0,0.0,0.0,1.0,0.0,0.0,1.0,2.0,0.0,2.0,0.0,0.0,2.0,1.0,2.0,0.0,2.0,1.0,1.0,1.0,2.0,2.0,2.0
6395,2.0,0.0,1.0,2.0,1.0,0.0,1.0,2.0,2.0,0.0,1.0,0.0,0.0,2.0,2.0,1.0,2.0,1.0,2.0,0.0,2.0,0.0,2.0,1.0,1.0,2.0,2.0,0.0,1.0,2.0,0.0,1.0,1.0,0.0,2.0,2.0,0.0,2.0,1.0,2.0,2.0,1.0,2.0,1.0,0.0,0.0,2.0,2.0,1.0,0.0,0.0,0.0,2.0,0.0,2.0,0.0,1.0,0.0,2.0,1.0,1.0,2.0,0.0,2.0,2.0,0.0,1.0,1.0,2.0,0.0,2.0,2.0,1.0,0.0,0.0,0.0,0.0,1.0,1.0,0.0,2.0,0.0,0.0,2.0,2.0,0.0,1.0,2.0,2.0,1.0,2.0,2.0,1.0,1.0,2.0,1.0,1.0,2.0,0.0,0.0
6396,2.0,0.0,1.0,1.0,1.0,0.0,1.0,2.0,2.0,0.0,2.0,1.0,1.0,1.0,2.0,2.0,2.0,1.0,1.0,0.0,2.0,0.0,2.0,0.0,1.0,2.0,2.0,1.0,1.0,2.0,0.0,0.0,1.0,0.0,1.0,2.0,1.0,2.0,1.0,1.0,2.0,1.0,2.0,2.0,0.0,0.0,2.0,2.0,0.0,0.0,0.0,0.0,2.0,0.0,1.0,0.0,1.0,0.0,2.0,1.0,0.0,2.0,0.0,1.0,2.0,1.0,0.0,1.0,1.0,0.0,2.0,2.0,0.0,0.0,0.0,0.0,0.0,1.0,1.0,0.0,2.0,0.0,1.0,2.0,2.0,0.0,2.0,2.0,1.0,1.0,2.0,2.0,2.0,2.0,2.0,1.0,0.0,2.0,0.0,0.0
6397,2.0,1.0,1.0,1.0,1.0,0.0,1.0,2.0,2.0,0.0,1.0,2.0,1.0,1.0,2.0,1.0,2.0,1.0,2.0,0.0,2.0,0.0,2.0,0.0,2.0,1.0,2.0,0.0,2.0,2.0,0.0,0.0,1.0,0.0,1.0,0.0,1.0,2.0,1.0,1.0,2.0,0.0,2.0,1.0,0.0,0.0,2.0,2.0,1.0,0.0,0.0,0.0,2.0,0.0,2.0,0.0,1.0,0.0,2.0,0.0,1.0,1.0,0.0,2.0,2.0,0.0,1.0,1.0,1.0,0.0,2.0,2.0,1.0,0.0,0.0,0.0,0.0,0.0,0.0,0.0,2.0,0.0,0.0,0.0,2.0,0.0,0.0,2.0,1.0,1.0,2.0,1.0,2.0,2.0,2.0,2.0,1.0,2.0,0.0,0.0
6398,1.0,0.0,2.0,1.0,0.0,0.0,2.0,2.0,2.0,1.0,0.0,0.0,1.0,2.0,2.0,2.0,2.0,2.0,2.0,0.0,2.0,0.0,0.0,0.0,2.0,0.0,2.0,1.0,1.0,2.0,0.0,1.0,1.0,1.0,1.0,0.0,1.0,0.0,2.0,1.0,2.0,1.0,1.0,2.0,0.0,0.0,2.0,1.0,2.0,0.0,0.0,0.0,2.0,0.0,2.0,0.0,1.0,0.0,2.0,2.0,0.0,2.0,1.0,2.0,2.0,1.0,1.0,1.0,0.0,1.0,2.0,2.0,0.0,2.0,0.0,1.0,1.0,0.0,1.0,0.0,2.0,1.0,0.0,0.0,2.0,0.0,2.0,2.0,2.0,2.0,0.0,2.0,0.0,2.0,2.0,1.0,1.0,2.0,1.0,1.0
6399,2.0,0.0,2.0,1.0,0.0,0.0,1.0,1.0,2.0,1.0,1.0,0.0,1.0,2.0,2.0,2.0,2.0,1.0,1.0,1.0,2.0,1.0,1.0,0.0,2.0,2.0,2.0,1.0,0.0,1.0,0.0,1.0,2.0,0.0,1.0,1.0,1.0,0.0,2.0,2.0,2.0,1.0,1.0,2.0,0.0,0.0,2.0,1.0,2.0,2.0,0.0,0.0,2.0,0.0,2.0,0.0,0.0,0.0,2.0,2.0,1.0,2.0,1.0,2.0,2.0,1.0,1.0,1.0,0.0,1.0,2.0,2.0,0.0,2.0,0.0,1.0,1.0,0.0,1.0,0.0,1.0,0.0,0.0,1.0,2.0,0.0,2.0,2.0,2.0,2.0,0.0,2.0,0.0,2.0,2.0,2.0,1.0,2.0,1.0,0.0
6400,1.0,0.0,2.0,1.0,0.0,0.0,0.0,1.0,2.0,0.0,0.0,0.0,0.0,2.0,1.0,2.0,2.0,2.0,2.0,2.0,2.0,1.0,1.0,0.0,2.0,1.0,2.0,1.0,1.0,2.0,0.0,0.0,2.0,1.0,1.0,1.0,1.0,0.0,1.0,2.0,2.0,2.0,1.0,1.0,0.0,0.0,2.0,1.0,1.0,2.0,0.0,0.0,2.0,0.0,2.0,0.0,1.0,0.0,2.0,2.0,0.0,2.0,1.0,2.0,2.0,0.0,1.0,0.0,1.0,1.0,2.0,2.0,0.0,2.0,0.0,1.0,1.0,0.0,1.0,0.0,2.0,0.0,0.0,1.0,2.0,1.0,1.0,2.0,2.0,2.0,1.0,2.0,0.0,2.0,2.0,2.0,1.0,2.0,1.0,0.0
6401,2.0,1.0,1.0,1.0,0.0,1.0,2.0,2.0,2.0,0.0,1.0,2.0,2.0,2.0,1.0,2.0,2.0,0.0,0.0,2.0,1.0,0.0,1.0,0.0,2.0,0.0,0.0,0.0,1.0,1.0,1.0,2.0,1.0,0.0,1.0,2.0,2.0,1.0,1.0,0.0,2.0,2.0,2.0,1.0,0.0,1.0,2.0,1.0,1.0,0.0,0.0,0.0,2.0,0.0,1.0,1.0,2.0,0.0,2.0,1.0,0.0,2.0,0.0,2.0,2.0,0.0,0.0,1.0,1.0,0.0,1.0,1.0,0.0,1.0,2.0,0.0,1.0,0.0,0.0,0.0,2.0,1.0,0.0,2.0,2.0,0.0,2.0,1.0,1.0,1.0,1.0,1.0,1.0,1.0,1.0,2.0,1.0,2.0,0.0,0.0
6402,2.0,1.0,1.0,0.0,0.0,1.0,2.0,2.0,2.0,1.0,1.0,1.0,1.0,2.0,2.0,1.0,2.0,0.0,1.0,2.0,2.0,0.0,2.0,1.0,2.0,0.0,0.0,1.0,2.0,0.0,1.0,2.0,1.0,1.0,1.0,0.0,2.0,1.0,0.0,1.0,2.0,1.0,2.0,0.0,1.0,1.0,1.0,1.0,2.0,1.0,0.0,0.0,2.0,0.0,1.0,2.0,2.0,0.0,2.0,2.0,0.0,0.0,2.0,1.0,2.0,0.0,2.0,2.0,0.0,0.0,2.0,1.0,0.0,1.0,0.0,0.0,0.0,0.0,0.0,0.0,2.0,0.0,0.0,1.0,2.0,0.0,1.0,2.0,1.0,1.0,0.0,0.0,0.0,1.0,2.0,2.0,2.0,2.0,1.0,0.0
6403,2.0,1.0,1.0,0.0,0.0,1.0,2.0,2.0,1.0,2.0,2.0,1.0,1.0,2.0,1.0,2.0,1.0,1.0,2.0,2.0,2.0,0.0,2.0,1.0,2.0,0.0,1.0,1.0,2.0,0.0,1.0,2.0,1.0,0.0,0.0,0.0,2.0,1.0,1.0,1.0,2.0,2.0,2.0,0.0,0.0,1.0,1.0,1.0,0.0,0.0,0.0,0.0,2.0,0.0,2.0,2.0,2.0,0.0,2.0,2.0,0.0,0.0,2.0,2.0,2.0,0.0,1.0,2.0,0.0,1.0,2.0,2.0,0.0,1.0,0.0,0.0,1.0,0.0,0.0,0.0,2.0,0.0,1.0,1.0,2.0,1.0,1.0,1.0,1.0,1.0,1.0,0.0,0.0,1.0,2.0,2.0,2.0,2.0,1.0,2.0
6406,0.0,2.0,1.0,1.0,0.0,1.0,1.0,2.0,1.0,0.0,2.0,1.0,2.0,1.0,2.0,2.0,1.0,2.0,2.0,1.0,1.0,0.0,0.0,2.0,2.0,0.0,0.0,1.0,2.0,0.0,1.0,2.0,1.0,1.0,0.0,2.0,1.0,1.0,0.0,2.0,2.0,1.0,1.0,1.0,0.0,1.0,0.0,1.0,1.0,0.0,0.0,0.0,2.0,0.0,1.0,1.0,2.0,0.0,2.0,1.0,2.0,2.0,1.0,2.0,2.0,0.0,2.0,2.0,0.0,1.0,2.0,2.0,0.0,1.0,1.0,0.0,1.0,0.0,1.0,0.0,2.0,1.0,0.0,2.0,2.0,2.0,1.0,2.0,0.0,2.0,0.0,0.0,0.0,2.0,2.0,2.0,2.0,2.0,0.0,0.0
6407,1.0,1.0,1.0,1.0,0.0,0.0,2.0,2.0,2.0,2.0,0.0,1.0,1.0,2.0,0.0,1.0,2.0,0.0,1.0,1.0,1.0,0.0,1.0,0.0,2.0,1.0,2.0,0.0,2.0,0.0,1.0,1.0,1.0,0.0,0.0,0.0,1.0,0.0,1.0,2.0,2.0,1.0,1.0,2.0,0.0,2.0,1.0,1.0,2.0,0.0,0.0,0.0,2.0,0.0,2.0,2.0,2.0,0.0,2.0,1.0,1.0,2.0,1.0,1.0,2.0,0.0,1.0,2.0,1.0,0.0,2.0,1.0,0.0,1.0,0.0,0.0,0.0,0.0,0.0,0.0,2.0,0.0,2.0,1.0,2.0,1.0,0.0,2.0,1.0,2.0,1.0,1.0,0.0,1.0,2.0,2.0,2.0,2.0,0.0,1.0
6408,0.0,1.0,1.0,2.0,0.0,1.0,2.0,1.0,2.0,2.0,0.0,1.0,2.0,2.0,1.0,2.0,1.0,1.0,2.0,2.0,2.0,0.0,1.0,1.0,2.0,1.0,2.0,0.0,1.0,0.0,0.0,2.0,0.0,0.0,0.0,1.0,0.0,1.0,0.0,1.0,2.0,1.0,2.0,1.0,1.0,0.0,2.0,1.0,2.0,0.0,0.0,0.0,2.0,0.0,1.0,1.0,1.0,0.0,2.0,2.0,0.0,2.0,2.0,1.0,2.0,0.0,1.0,1.0,0.0,2.0,2.0,2.0,0.0,0.0,1.0,0.0,0.0,0.0,1.0,0.0,2.0,1.0,0.0,1.0,2.0,2.0,1.0,1.0,0.0,0.0,1.0,0.0,0.0,1.0,2.0,2.0,0.0,2.0,1.0,0.0
6414,0.0,1.0,1.0,1.0,1.0,0.0,2.0,1.0,2.0,1.0,1.0,0.0,1.0,2.0,2.0,0.0,1.0,0.0,1.0,1.0,1.0,1.0,1.0,0.0,2.0,0.0,1.0,0.0,1.0,1.0,1.0,2.0,1.0,1.0,0.0,1.0,1.0,0.0,0.0,2.0,2.0,1.0,2.0,1.0,0.0,1.0,2.0,2.0,1.0,0.0,0.0,0.0,2.0,0.0,2.0,2.0,2.0,1.0,2.0,1.0,0.0,2.0,1.0,1.0,1.0,0.0,0.0,1.0,0.0,1.0,2.0,1.0,0.0,1.0,1.0,1.0,1.0,0.0,0.0,1.0,2.0,0.0,0.0,1.0,2.0,2.0,0.0,2.0,1.0,2.0,0.0,2.0,0.0,2.0,2.0,2.0,1.0,2.0,2.0,1.0
6415,1.0,2.0,1.0,0.0,0.0,1.0,2.0,1.0,2.0,1.0,0.0,1.0,0.0,2.0,2.0,1.0,2.0,0.0,0.0,2.0,1.0,0.0,1.0,1.0,2.0,0.0,2.0,0.0,1.0,0.0,2.0,2.0,0.0,0.0,1.0,1.0,2.0,2.0,0.0,2.0,2.0,1.0,2.0,1.0,0.0,1.0,1.0,1.0,2.0,0.0,0.0,0.0,2.0,0.0,1.0,0.0,2.0,0.0,2.0,2.0,1.0,2.0,2.0,1.0,2.0,0.0,0.0,1.0,1.0,1.0,2.0,2.0,0.0,0.0,1.0,0.0,0.0,0.0,0.0,0.0,2.0,0.0,0.0,2.0,2.0,1.0,2.0,2.0,1.0,0.0,0.0,0.0,0.0,2.0,1.0,2.0,1.0,2.0,1.0,1.0
6416,2.0,1.0,1.0,1.0,1.0,1.0,2.0,1.0,2.0,2.0,2.0,1.0,2.0,2.0,2.0,2.0,2.0,1.0,2.0,2.0,1.0,0.0,1.0,1.0,2.0,0.0,1.0,0.0,0.0,0.0,1.0,2.0,1.0,0.0,0.0,1.0,1.0,1.0,0.0,1.0,1.0,0.0,2.0,2.0,0.0,1.0,1.0,1.0,1.0,1.0,0.0,0.0,2.0,0.0,2.0,1.0,2.0,0.0,2.0,1.0,1.0,1.0,1.0,1.0,2.0,0.0,1.0,0.0,1.0,2.0,1.0,2.0,0.0,1.0,1.0,0.0,1.0,0.0,0.0,0.0,2.0,0.0,0.0,1.0,2.0,2.0,0.0,1.0,0.0,1.0,1.0,2.0,0.0,2.0,1.0,2.0,1.0,2.0,0.0,1.0
6417,1.0,2.0,1.0,0.0,1.0,1.0,2.0,1.0,2.0,1.0,0.0,0.0,2.0,2.0,2.0,1.0,2.0,0.0,0.0,1.0,1.0,0.0,1.0,1.0,2.0,1.0,0.0,0.0,1.0,1.0,2.0,2.0,2.0,1.0,1.0,0.0,1.0,2.0,1.0,2.0,2.0,1.0,2.0,0.0,1.0,0.0,1.0,1.0,2.0,1.0,0.0,0.0,2.0,0.0,1.0,2.0,2.0,0.0,2.0,1.0,0.0,1.0,1.0,1.0,2.0,0.0,1.0,1.0,0.0,0.0,2.0,0.0,0.0,0.0,1.0,0.0,1.0,0.0,0.0,0.0,2.0,0.0,0.0,0.0,2.0,1.0,1.0,2.0,0.0,2.0,0.0,0.0,0.0,2.0,2.0,2.0,1.0,2.0,0.0,1.0
6418,1.0,2.0,2.0,1.0,0.0,2.0,2.0,1.0,2.0,2.0,2.0,1.0,1.0,2.0,2.0,2.0,2.0,1.0,2.0,2.0,2.0,0.0,1.0,1.0,2.0,1.0,1.0,1.0,1.0,0.0,0.0,2.0,0.0,0.0,1.0,0.0,2.0,2.0,0.0,1.0,2.0,1.0,2.0,0.0,0.0,1.0,1.0,2.0,0.0,1.0,0.0,0.0,2.0,0.0,2.0,1.0,2.0,0.0,2.0,1.0,1.0,2.0,1.0,2.0,2.0,0.0,1.0,1.0,1.0,1.0,2.0,2.0,0.0,0.0,1.0,0.0,0.0,0.0,0.0,0.0,2.0,0.0,1.0,1.0,2.0,0.0,2.0,2.0,1.0,1.0,0.0,2.0,0.0,1.0,2.0,2.0,1.0,2.0,1.0,1.0
6419,1.0,2.0,2.0,0.0,0.0,2.0,1.0,1.0,2.0,2.0,1.0,1.0,2.0,2.0,0.0,1.0,2.0,1.0,2.0,2.0,1.0,0.0,1.0,1.0,2.0,0.0,1.0,0.0,1.0,0.0,1.0,2.0,0.0,0.0,0.0,0.0,2.0,0.0,0.0,1.0,2.0,0.0,1.0,1.0,0.0,0.0,0.0,1.0,0.0,1.0,0.0,0.0,2.0,0.0,2.0,0.0,2.0,0.0,2.0,1.0,1.0,1.0,1.0,2.0,1.0,0.0,1.0,1.0,1.0,1.0,2.0,1.0,0.0,2.0,1.0,0.0,0.0,0.0,0.0,0.0,2.0,1.0,0.0,1.0,2.0,1.0,2.0,2.0,1.0,1.0,1.0,2.0,0.0,2.0,2.0,2.0,1.0,2.0,1.0,0.0
6420,0.0,1.0,1.0,1.0,0.0,0.0,1.0,2.0,2.0,0.0,1.0,1.0,2.0,2.0,2.0,2.0,1.0,2.0,1.0,2.0,1.0,0.0,0.0,1.0,2.0,1.0,1.0,2.0,1.0,1.0,1.0,2.0,1.0,1.0,1.0,1.0,1.0,1.0,0.0,2.0,2.0,2.0,1.0,0.0,0.0,1.0,1.0,0.0,1.0,0.0,0.0,0.0,2.0,0.0,1.0,1.0,2.0,0.0,2.0,2.0,1.0,2.0,2.0,1.0,1.0,0.0,2.0,1.0,0.0,1.0,2.0,2.0,0.0,1.0,0.0,0.0,1.0,0.0,1.0,0.0,2.0,0.0,0.0,1.0,2.0,2.0,1.0,2.0,1.0,2.0,1.0,1.0,0.0,2.0,1.0,2.0,2.0,2.0,1.0,1.0
6421,0.0,1.0,2.0,2.0,1.0,1.0,2.0,2.0,1.0,2.0,2.0,1.0,0.0,2.0,2.0,2.0,1.0,1.0,2.0,1.0,1.0,0.0,0.0,1.0,2.0,1.0,1.0,0.0,0.0,0.0,0.0,2.0,0.0,0.0,1.0,1.0,2.0,0.0,0.0,2.0,1.0,2.0,2.0,1.0,1.0,0.0,2.0,1.0,1.7,2.0,1.0,0.0,2.0,0.0,1.0,1.0,2.0,0.0,2.0,2.0,0.0,0.0,1.0,2.0,2.0,0.0,1.0,0.0,0.0,1.0,2.0,2.0,0.0,2.0,1.0,0.0,1.0,0.0,0.0,0.0,2.0,1.0,0.0,1.0,2.0,2.0,2.0,2.0,0.0,1.0,0.0,1.0,0.0,2.0,1.0,2.0,1.0,2.0,1.0,0.0
6422,0.0,1.0,2.0,2.0,1.0,1.0,1.0,2.0,1.0,2.0,2.0,2.0,1.0,2.0,2.0,2.0,2.0,1.0,2.0,0.0,1.0,0.0,0.0,2.0,2.0,0.0,1.0,0.0,1.0,0.0,0.0,2.0,0.0,0.0,1.0,1.0,1.0,1.0,0.0,2.0,1.0,1.0,2.0,1.0,1.0,0.0,1.0,1.0,2.0,2.0,1.0,1.0,2.0,0.0,2.0,0.0,2.0,0.0,2.0,1.0,0.0,1.0,0.0,2.0,2.0,0.0,0.0,1.0,0.0,1.0,1.0,2.0,0.0,1.0,1.0,0.0,0.0,0.0,0.0,0.0,2.0,1.0,0.0,1.0,2.0,2.0,1.0,2.0,0.0,1.0,0.0,1.0,0.0,2.0,2.0,2.0,1.0,2.0,0.0,0.0
6423,0.0,1.0,2.0,2.0,1.0,1.0,1.0,1.0,1.0,1.0,2.0,1.0,0.0,2.0,2.0,2.0,2.0,1.0,2.0,1.0,1.0,0.0,0.0,0.0,2.0,0.0,0.0,0.0,0.0,0.0,0.0,2.0,0.0,0.0,1.0,0.0,2.0,1.0,0.0,2.0,1.0,1.0,1.0,1.0,1.0,0.0,2.0,1.0,1.87,2.0,1.0,0.0,2.0,0.0,2.0,1.0,2.0,0.0,2.0,1.0,0.0,1.0,0.0,2.0,2.0,0.0,1.0,0.0,0.0,1.0,1.0,2.0,0.0,1.0,1.0,0.0,1.0,0.0,0.0,0.0,2.0,1.0,0.0,1.0,2.0,2.0,2.0,2.0,0.0,2.0,0.0,1.0,0.0,2.0,1.0,2.0,0.0,2.0,1.0,0.0
6424,0.0,1.0,1.0,2.0,0.0,1.0,1.0,0.0,1.0,0.0,0.0,0.0,2.0,2.0,2.0,2.0,1.0,2.0,1.0,1.0,2.0,0.0,0.0,1.0,2.0,0.0,1.0,1.0,1.0,1.0,0.0,2.0,1.0,1.0,1.0,0.0,1.0,2.0,0.0,2.0,1.0,1.0,2.0,0.0,1.0,0.0,1.0,2.0,2.0,0.0,1.0,0.0,2.0,0.0,2.0,1.0,2.0,0.0,2.0,1.0,2.0,2.0,2.0,2.0,1.0,0.0,2.0,1.0,0.0,0.0,2.0,2.0,0.0,0.0,1.0,0.0,0.0,0.0,0.0,0.0,2.0,1.0,0.0,2.0,2.0,2.0,1.0,2.0,2.0,2.0,1.0,1.0,0.0,2.0,1.0,1.0,2.0,2.0,1.0,1.0
6425,1.0,1.0,1.0,1.0,0.0,1.0,2.0,2.0,2.0,1.0,1.0,0.0,2.0,2.0,2.0,2.0,2.0,1.0,0.0,2.0,1.0,0.0,1.0,1.0,2.0,1.0,1.0,0.0,2.0,1.0,1.0,1.0,2.0,1.0,1.0,0.0,1.0,1.0,0.0,2.0,2.0,1.0,2.0,0.0,1.0,0.0,1.0,0.0,2.0,1.0,0.0,0.0,2.0,0.0,1.0,1.0,2.0,0.0,2.0,1.0,0.0,1.0,1.0,2.0,1.0,0.0,2.0,2.0,0.0,0.0,2.0,0.0,0.0,1.0,1.0,0.0,0.0,0.0,0.0,0.0,1.0,1.0,0.0,2.0,2.0,1.0,1.0,2.0,2.0,2.0,1.0,1.0,0.0,1.0,2.0,2.0,2.0,2.0,2.0,1.0
6426,1.0,1.0,1.0,1.0,0.0,0.0,1.0,2.0,2.0,2.0,0.0,0.0,1.0,2.0,2.0,2.0,2.0,1.0,1.0,1.0,2.0,0.0,1.0,0.0,2.0,1.0,1.0,1.0,2.0,1.0,1.0,2.0,2.0,0.0,1.0,0.0,2.0,1.0,0.0,2.0,2.0,2.0,2.0,0.0,0.0,1.0,2.0,1.0,2.0,0.0,0.0,0.0,2.0,0.0,1.0,2.0,2.0,0.0,2.0,1.0,1.0,1.0,1.0,1.0,2.0,0.0,2.0,2.0,0.0,0.0,2.0,0.0,0.0,1.0,0.0,0.0,0.0,0.0,0.0,0.0,2.0,1.0,0.0,1.0,2.0,1.0,0.0,2.0,1.0,2.0,1.0,0.0,0.0,2.0,1.0,2.0,2.0,2.0,2.0,0.0
6427,1.0,0.0,2.0,1.0,0.0,1.0,2.0,2.0,2.0,0.0,1.0,0.0,2.0,2.0,2.0,2.0,2.0,1.0,1.0,1.0,2.0,0.0,1.0,0.0,2.0,1.0,1.0,2.0,1.0,1.0,1.0,1.0,2.0,1.0,2.0,0.0,2.0,1.0,0.0,2.0,2.0,1.0,2.0,0.0,0.0,0.0,1.0,1.0,2.0,1.0,1.0,0.0,2.0,0.0,2.0,2.0,2.0,0.0,2.0,1.0,0.0,1.0,2.0,2.0,1.0,0.0,2.0,1.0,0.0,0.0,2.0,2.0,0.0,1.0,0.0,0.0,0.0,0.0,0.0,0.0,1.0,1.0,0.0,2.0,2.0,1.0,2.0,2.0,2.0,1.0,1.0,0.0,0.0,1.0,2.0,1.0,2.0,2.0,2.0,1.0
6428,2.0,1.0,1.0,2.0,0.0,2.0,1.0,2.0,1.0,1.0,1.0,1.0,1.0,2.0,2.0,2.0,0.0,2.0,2.0,1.0,1.0,0.0,1.0,2.0,2.0,0.0,0.0,0.0,1.0,0.0,0.0,2.0,0.0,0.0,0.0,0.0,0.0,1.0,1.0,2.0,2.0,1.0,2.0,2.0,0.0,1.0,1.0,0.0,2.0,0.0,0.0,0.0,1.0,0.0,1.0,1.0,2.0,0.0,2.0,1.0,0.0,2.0,2.0,1.0,2.0,0.0,1.0,1.0,0.0,1.0,2.0,2.0,0.0,1.0,1.0,0.0,1.0,0.0,1.0,0.0,2.0,1.0,0.0,1.0,2.0,2.0,0.0,2.0,0.0,1.0,0.0,0.0,0.0,2.0,2.0,2.0,1.0,2.0,1.0,1.0
6430,2.0,1.0,1.0,1.0,0.0,0.0,1.0,1.0,1.0,1.0,2.0,1.0,2.0,2.0,1.0,2.0,1.0,0.0,2.0,1.0,2.0,0.0,1.0,1.0,2.0,0.0,1.0,0.0,0.0,1.0,0.0,1.0,1.0,0.0,0.0,1.0,0.0,2.0,1.0,1.0,2.0,2.0,2.0,0.0,0.0,1.0,1.0,1.0,1.0,2.0,1.0,0.0,2.0,0.0,1.0,1.0,2.0,0.0,2.0,0.0,0.0,2.0,1.0,2.0,1.0,0.0,1.0,1.0,1.0,1.0,2.0,2.0,0.0,0.0,1.0,1.0,1.0,0.0,1.0,0.0,1.0,1.0,0.0,0.0,2.0,1.0,1.0,1.0,2.0,2.0,1.0,1.0,0.0,1.0,2.0,2.0,0.0,2.0,2.0,2.0
6432,1.0,2.0,0.0,1.0,1.0,0.0,1.0,1.0,2.0,0.0,1.0,2.0,2.0,2.0,2.0,1.0,2.0,0.0,1.0,2.0,1.0,0.0,1.0,1.0,2.0,1.0,0.0,0.0,1.0,0.0,0.0,2.0,2.0,0.0,0.0,1.0,2.0,0.0,2.0,2.0,1.0,0.0,2.0,1.0,0.0,1.0,1.0,2.0,1.0,0.0,0.0,0.0,2.0,0.0,2.0,1.0,2.0,1.0,2.0,2.0,2.0,2.0,2.0,1.0,1.0,0.0,1.0,1.0,1.0,0.0,1.0,2.0,0.0,1.0,0.0,0.0,1.0,0.0,0.0,0.0,2.0,0.0,1.0,1.0,2.0,1.0,2.0,2.0,1.0,2.0,1.0,1.0,0.0,2.0,2.0,1.0,2.0,2.0,1.0,1.0
6433,1.0,1.0,1.0,0.0,1.0,0.0,1.0,2.0,2.0,0.0,1.0,2.0,2.0,2.0,2.0,2.0,1.0,1.0,2.0,1.0,1.0,0.0,0.0,1.0,2.0,1.0,0.0,1.0,2.0,0.0,2.0,2.0,0.0,0.0,0.0,1.0,2.0,1.0,0.0,2.0,2.0,0.0,2.0,0.0,0.0,2.0,1.0,1.0,1.0,0.0,0.0,0.0,2.0,0.0,2.0,2.0,2.0,0.0,2.0,1.0,2.0,2.0,2.0,2.0,2.0,0.0,1.0,1.0,0.0,2.0,2.0,2.0,0.0,0.0,0.0,0.0,1.0,0.0,1.0,0.0,2.0,1.0,1.0,2.0,2.0,1.0,2.0,2.0,0.0,2.0,0.0,1.0,0.0,2.0,2.0,2.0,2.0,1.0,0.0,1.0
6434,1.0,2.0,1.0,1.0,0.0,1.0,1.0,2.0,2.0,0.0,2.0,1.0,2.0,2.0,2.0,2.0,2.0,1.0,2.0,1.0,2.0,0.0,0.0,1.0,2.0,0.0,0.0,1.0,2.0,0.0,1.0,1.0,0.0,0.0,0.0,1.0,1.0,1.0,0.0,2.0,2.0,1.0,1.0,0.0,0.0,2.0,1.0,2.0,1.0,0.0,0.0,0.0,2.0,0.0,1.0,2.0,2.0,0.0,2.0,1.0,2.0,2.0,1.0,2.0,2.0,0.0,1.0,1.0,0.0,0.0,1.0,2.0,0.0,1.0,0.0,0.0,0.0,0.0,0.0,0.0,2.0,0.0,1.0,1.0,2.0,1.0,0.0,2.0,0.0,2.0,0.0,1.0,0.0,2.0,2.0,2.0,2.0,1.0,0.0,0.0
6435,1.0,1.0,2.0,1.0,0.0,1.0,2.0,1.0,2.0,2.0,1.0,2.0,1.0,2.0,1.0,2.0,2.0,1.0,1.0,1.0,1.0,0.0,0.0,0.0,2.0,2.0,1.0,0.0,2.0,0.0,1.0,1.0,1.0,0.0,0.0,1.0,2.0,1.0,1.0,2.0,2.0,1.0,2.0,0.0,1.0,1.0,1.0,2.0,2.0,0.0,0.0,0.0,2.0,0.0,2.0,1.0,2.0,0.0,2.0,1.0,2.0,2.0,1.0,2.0,2.0,0.0,1.0,2.0,1.0,2.0,1.0,2.0,0.0,1.0,1.0,0.0,1.0,0.0,0.0,0.0,2.0,0.0,1.0,1.0,2.0,1.0,1.0,2.0,0.0,2.0,2.0,2.0,0.0,2.0,2.0,1.0,2.0,1.0,0.0,2.0
6439,2.0,1.0,2.0,1.0,0.0,1.0,1.0,0.0,1.0,1.0,2.0,1.0,2.0,2.0,2.0,2.0,2.0,2.0,1.0,1.0,1.0,0.0,0.0,2.0,2.0,1.0,1.0,0.0,1.0,1.0,0.0,2.0,0.0,0.0,1.0,0.0,1.0,1.0,0.0,2.0,1.0,2.0,2.0,1.0,1.0,1.0,2.0,1.0,2.0,0.0,0.0,0.0,2.0,0.0,1.0,1.0,2.0,0.0,2.0,1.0,1.0,2.0,0.0,0.0,2.0,0.0,1.0,1.0,0.0,1.0,2.0,2.0,0.0,1.0,2.0,0.0,1.0,0.0,0.0,0.0,1.0,1.0,0.0,0.0,2.0,1.0,2.0,2.0,0.0,2.0,1.0,1.0,0.0,2.0,2.0,2.0,1.0,2.0,1.0,1.0
6440,1.0,0.0,1.0,2.0,0.0,1.0,2.0,1.0,1.0,1.0,2.0,0.0,1.0,2.0,2.0,2.0,2.0,1.0,2.0,2.0,1.0,0.0,0.0,0.0,2.0,0.0,0.0,0.0,1.0,0.0,0.0,2.0,1.0,0.0,1.0,0.0,1.0,2.0,0.0,2.0,0.0,2.0,2.0,0.0,1.0,0.0,2.0,1.0,2.0,1.0,0.0,0.0,2.0,0.0,2.0,1.0,2.0,0.0,2.0,2.0,0.0,1.0,0.0,1.0,2.0,0.0,0.0,1.0,0.0,0.0,2.0,2.0,0.0,0.0,2.0,0.0,1.0,0.0,0.0,0.0,2.0,2.0,0.0,1.0,2.0,2.0,1.0,2.0,1.0,2.0,1.0,1.0,0.0,2.0,0.0,2.0,1.0,2.0,0.0,1.0
6441,0.0,1.0,2.0,1.0,1.0,0.0,2.0,0.0,2.0,2.0,1.0,0.0,0.0,2.0,2.0,1.0,2.0,1.0,1.0,1.0,2.0,0.0,0.0,0.0,2.0,1.0,1.0,1.0,1.0,1.0,0.0,2.0,1.0,0.0,2.0,0.0,2.0,0.0,0.0,2.0,2.0,2.0,2.0,1.0,2.0,0.0,2.0,1.0,2.0,2.0,2.0,0.0,2.0,0.0,2.0,0.0,2.0,0.0,2.0,1.0,0.0,1.0,0.0,1.0,2.0,0.0,1.0,1.0,0.0,1.0,2.0,1.0,0.0,2.0,2.0,0.0,0.0,0.0,0.0,0.0,1.0,2.0,1.0,0.0,2.0,2.0,2.0,2.0,1.0,2.0,1.0,2.0,0.0,2.0,1.0,2.0,1.0,2.0,0.0,1.0
6442,1.0,1.0,2.0,0.0,0.0,2.0,1.0,1.0,2.0,1.0,2.0,1.0,1.0,2.0,0.0,2.0,2.0,2.0,1.0,1.0,1.0,0.0,0.0,1.0,2.0,1.0,2.0,0.0,0.0,0.0,0.0,2.0,0.0,0.0,0.0,0.0,2.0,1.0,0.0,2.0,2.0,1.0,1.0,0.0,1.0,1.0,0.0,1.0,0.0,0.0,0.0,0.0,2.0,0.0,2.0,1.0,2.0,0.0,2.0,1.0,1.0,1.0,1.0,2.0,1.0,0.0,0.0,0.0,1.0,1.0,2.0,0.0,0.0,1.0,1.0,0.0,0.0,0.0,0.0,0.0,2.0,0.0,0.0,1.0,2.0,0.0,2.0,2.0,2.0,1.0,1.0,2.0,1.0,2.0,2.0,2.0,0.0,2.0,2.0,1.0
6443,1.0,1.0,2.0,1.0,0.0,1.0,2.0,1.0,2.0,1.0,1.0,1.0,0.0,2.0,2.0,1.0,2.0,2.0,2.0,2.0,2.0,0.0,1.0,0.0,2.0,2.0,2.0,1.0,1.0,1.0,0.0,2.0,1.0,0.0,1.0,0.0,1.0,2.0,0.0,2.0,1.0,2.0,2.0,0.0,1.0,0.0,2.0,1.0,1.0,1.0,1.0,0.0,2.0,0.0,2.0,0.0,2.0,0.0,2.0,1.0,1.0,2.0,0.0,1.0,2.0,0.0,0.0,1.0,1.0,1.0,2.0,2.0,0.0,0.0,1.0,0.0,0.0,0.0,0.0,0.0,2.0,1.0,2.0,0.0,2.0,1.0,1.0,2.0,2.0,2.0,0.0,2.0,0.0,2.0,1.0,2.0,1.0,2.0,1.0,2.0
6444,1.0,1.0,1.0,0.0,0.0,0.0,2.0,1.0,2.0,1.0,1.0,1.0,2.0,2.0,2.0,1.0,2.0,0.0,1.0,0.0,1.0,0.0,0.0,1.0,2.0,0.0,2.0,1.0,1.0,0.0,1.0,2.0,2.0,0.0,0.0,1.0,1.0,2.0,1.0,1.0,2.0,0.0,1.0,1.0,0.0,1.0,2.0,1.0,2.0,1.0,0.0,0.0,1.0,0.0,2.0,1.0,2.0,0.0,2.0,1.0,1.0,2.0,0.0,2.0,2.0,0.0,2.0,2.0,1.0,2.0,2.0,2.0,0.0,0.0,1.0,0.0,1.0,0.0,2.0,0.0,2.0,0.0,1.0,1.0,2.0,0.0,2.0,2.0,0.0,1.0,0.0,1.0,0.0,1.0,2.0,2.0,2.0,2.0,1.0,0.0
6445,2.0,2.0,0.0,1.0,0.0,1.0,2.0,2.0,1.0,0.0,2.0,1.0,2.0,1.0,1.0,2.0,2.0,1.0,1.0,1.0,2.0,0.0,0.0,0.0,2.0,0.0,1.0,0.0,0.0,0.0,1.0,1.0,1.0,0.0,0.0,0.0,2.0,0.0,0.0,1.0,2.0,1.0,2.0,1.0,1.0,1.0,2.0,0.0,1.81,0.0,0.0,0.0,2.0,0.0,2.0,2.0,2.0,0.0,2.0,0.0,0.0,1.0,0.0,2.0,2.0,0.0,1.0,1.0,1.0,2.0,1.0,1.0,0.0,2.0,0.0,1.0,2.0,0.0,1.0,0.0,2.0,0.0,0.0,1.0,2.0,1.0,2.0,2.0,1.0,1.79,0.0,1.0,1.0,1.0,1.0,2.0,0.0,2.0,2.0,0.0
6446,2.0,2.0,0.0,1.0,0.0,1.0,1.0,2.0,1.0,2.0,2.0,0.0,2.0,2.0,2.0,2.0,2.0,1.0,2.0,1.0,1.0,0.0,0.0,0.0,2.0,1.0,0.0,0.0,1.0,0.4,1.0,2.0,1.0,0.0,1.0,1.0,2.0,0.0,0.0,1.0,2.0,1.0,2.0,1.0,0.0,1.0,1.0,0.0,2.0,0.0,0.0,0.0,2.0,0.0,2.0,2.0,2.0,0.0,2.0,1.0,0.0,2.0,0.0,2.0,2.0,0.0,1.0,1.0,1.0,1.0,1.0,2.0,0.0,2.0,1.0,1.0,1.0,0.0,1.0,0.0,2.0,1.0,0.0,1.0,2.0,1.0,2.0,2.0,0.0,2.0,0.0,1.0,0.0,1.0,1.0,2.0,1.0,2.0,2.0,0.0
6447,1.0,1.0,2.0,1.0,1.0,1.0,2.0,0.0,2.0,1.0,1.0,1.0,1.0,1.0,1.0,2.0,2.0,0.0,1.0,2.0,1.0,0.0,1.0,0.0,2.0,1.0,2.0,0.0,0.0,0.0,0.0,2.0,0.0,0.0,1.0,0.0,2.0,2.0,1.0,1.0,2.0,1.0,2.0,0.0,0.0,1.0,2.0,2.0,0.0,1.0,0.0,0.0,2.0,0.0,2.0,1.0,2.0,0.0,2.0,1.0,1.0,2.0,1.0,2.0,2.0,0.0,2.0,1.0,1.0,0.0,2.0,2.0,0.0,0.0,2.0,0.0,1.0,0.0,0.0,0.0,1.0,1.0,0.0,1.0,2.0,1.0,1.0,2.0,2.0,1.0,0.0,1.0,0.0,2.0,2.0,2.0,1.0,2.0,1.0,2.0
6448,1.0,2.0,2.0,1.0,1.0,1.0,1.0,1.0,2.0,1.0,1.0,1.0,0.0,2.0,2.0,2.0,2.0,1.0,1.0,2.0,1.0,0.0,0.0,1.0,2.0,0.0,2.0,0.0,2.0,0.0,1.0,1.0,0.0,0.0,1.0,0.0,1.0,1.0,0.0,2.0,2.0,0.0,2.0,0.0,0.0,2.0,0.0,1.0,2.0,0.0,0.0,0.0,2.0,0.0,1.0,1.0,2.0,0.0,2.0,2.0,1.0,2.0,1.0,1.0,2.0,0.0,1.0,1.0,0.0,0.0,2.0,2.0,1.0,0.0,0.0,0.0,0.0,0.0,0.0,0.0,1.0,0.0,0.0,2.0,2.0,1.0,1.0,2.0,0.0,0.0,1.0,0.0,0.0,2.0,1.0,2.0,2.0,2.0,0.0,0.0
6449,0.0,2.0,2.0,1.0,1.0,0.0,2.0,1.0,2.0,1.0,1.0,2.0,0.0,2.0,1.0,2.0,2.0,1.0,1.0,0.0,1.0,0.0,0.0,0.0,2.0,1.0,0.0,0.0,0.0,0.0,1.0,2.0,1.0,0.0,0.0,0.0,2.0,2.0,1.0,2.0,2.0,1.0,2.0,1.0,2.0,1.0,1.0,1.0,2.0,1.0,1.0,0.0,2.0,0.0,1.0,0.0,2.0,0.0,2.0,0.0,1.0,1.0,0.0,2.0,2.0,0.0,0.0,0.0,0.0,1.0,2.0,2.0,0.0,0.0,1.0,0.0,1.0,0.0,0.0,0.0,2.0,1.0,0.0,1.0,2.0,1.0,1.0,2.0,0.0,2.0,1.0,1.0,0.0,2.0,2.0,1.0,1.0,2.0,0.0,0.0
6450,0.0,1.0,2.0,1.0,0.0,1.0,2.0,1.0,1.0,0.0,1.0,1.0,2.0,2.0,2.0,0.0,1.0,1.0,2.0,2.0,2.0,0.0,1.0,1.0,2.0,0.0,0.0,1.0,1.0,0.0,0.0,2.0,0.0,0.0,1.0,1.0,1.0,1.0,0.0,2.0,2.0,0.0,1.0,0.0,0.0,1.0,1.0,2.0,2.0,0.0,1.0,0.0,2.0,1.0,2.0,2.0,2.0,0.0,2.0,2.0,0.0,2.0,2.0,1.0,2.0,0.0,2.0,1.0,0.0,1.0,2.0,0.0,0.0,1.0,1.0,0.0,0.0,0.0,0.0,0.0,2.0,0.0,1.0,1.0,2.0,0.0,2.0,2.0,0.0,0.0,0.0,0.0,0.0,2.0,1.0,1.0,1.0,2.0,1.0,1.0
6451,2.0,1.0,2.0,0.0,0.0,1.0,2.0,1.0,1.0,0.0,0.0,1.0,1.0,2.0,2.0,2.0,2.0,1.0,1.0,2.0,2.0,0.0,0.0,1.0,2.0,0.0,0.0,0.0,1.0,1.0,1.0,2.0,1.0,0.0,0.0,1.0,2.0,1.0,0.0,2.0,2.0,2.0,2.0,2.0,0.0,1.0,1.0,1.0,2.0,0.0,0.0,0.0,2.0,1.0,2.0,1.0,2.0,0.0,2.0,2.0,1.0,2.0,1.0,1.0,2.0,0.0,1.0,1.0,0.0,1.0,2.0,0.0,0.0,1.0,1.0,0.0,1.0,0.0,0.0,0.0,2.0,0.0,1.0,0.0,2.0,1.0,2.0,2.0,0.0,0.0,0.0,0.0,0.0,2.0,1.0,1.0,1.0,2.0,2.0,1.0
6453,1.0,1.0,2.0,2.0,0.0,1.0,1.0,0.0,2.0,0.0,2.0,0.0,1.0,2.0,2.0,2.0,2.0,1.0,0.0,2.0,2.0,0.0,0.0,2.0,2.0,1.0,2.0,0.0,1.0,1.0,0.0,2.0,1.0,1.0,2.0,2.0,1.0,1.0,0.0,2.0,2.0,2.0,1.0,2.0,1.0,0.0,2.0,0.0,2.0,0.0,1.0,0.0,2.0,0.0,0.0,1.0,2.0,0.0,2.0,2.0,1.0,2.0,1.0,0.0,1.0,0.0,0.0,0.0,1.0,1.0,2.0,1.0,0.0,1.0,2.0,0.0,1.0,0.0,0.0,0.0,2.0,1.0,0.0,2.0,2.0,2.0,2.0,2.0,0.0,1.0,0.0,1.0,0.0,2.0,1.0,2.0,1.0,2.0,0.0,1.0
6454,1.0,2.0,2.0,1.0,1.0,0.0,2.0,1.0,2.0,2.0,1.0,2.0,0.0,2.0,2.0,2.0,2.0,2.0,1.0,0.0,2.0,0.0,1.0,1.0,2.0,1.0,1.0,1.0,1.0,1.0,0.0,2.0,0.0,0.0,0.0,1.0,2.0,2.0,0.0,1.0,2.0,1.0,2.0,0.0,1.0,2.0,2.0,2.0,2.0,1.0,1.0,0.0,2.0,0.0,2.0,1.0,1.0,0.0,2.0,1.0,1.0,2.0,0.0,2.0,2.0,0.0,1.0,0.0,1.0,0.0,2.0,2.0,0.0,0.0,1.0,0.0,1.0,0.0,0.0,0.0,2.0,0.0,0.0,1.0,2.0,2.0,1.0,1.0,0.0,2.0,1.0,2.0,0.0,2.0,1.0,1.0,1.0,2.0,0.0,0.0
6455,1.0,1.0,1.0,2.0,0.0,2.0,2.0,1.0,0.0,1.0,0.0,1.0,2.0,2.0,1.0,2.0,2.0,1.0,1.0,2.0,2.0,0.0,0.0,0.0,2.0,0.0,2.0,0.0,0.0,0.0,0.0,2.0,2.0,0.0,0.0,0.0,1.0,0.0,1.0,2.0,1.0,2.0,1.0,1.0,0.0,1.0,1.0,1.0,2.0,1.0,0.0,0.0,1.0,0.0,2.0,0.0,2.0,0.0,2.0,2.0,0.0,2.0,0.0,1.0,1.0,0.0,1.0,0.0,0.0,1.0,2.0,1.0,0.0,1.0,2.0,0.0,2.0,0.0,1.0,0.0,2.0,1.0,0.0,1.0,2.0,2.0,1.0,2.0,1.0,0.0,2.0,0.0,0.0,2.0,2.0,2.0,0.0,2.0,1.0,2.0
6457,0.0,2.0,2.0,2.0,2.0,0.0,2.0,1.0,2.0,1.0,2.0,0.0,1.0,2.0,1.0,1.0,2.0,1.0,1.0,0.0,1.0,0.0,0.0,0.0,2.0,0.0,0.0,1.0,0.0,1.0,0.0,2.0,1.0,0.0,1.0,1.0,2.0,1.0,1.0,2.0,1.0,2.0,1.0,2.0,1.0,0.0,2.0,1.0,1.0,1.0,1.0,0.0,2.0,0.0,1.0,0.0,2.0,0.0,2.0,0.0,0.0,2.0,1.0,2.0,2.0,0.0,2.0,1.0,0.0,1.0,1.0,2.0,0.0,1.0,1.0,0.0,1.0,0.0,0.0,0.0,1.0,1.0,1.0,0.0,2.0,2.0,1.0,1.0,1.0,2.0,0.0,1.0,0.0,2.0,1.0,2.0,1.0,2.0,1.0,1.0
6458,0.0,1.0,1.0,2.0,1.0,0.0,2.0,0.0,2.0,1.0,0.0,1.0,1.0,2.0,2.0,2.0,2.0,0.0,0.0,0.0,1.0,0.0,0.0,0.0,2.0,1.0,0.0,1.0,0.0,0.0,0.0,2.0,1.0,0.0,1.0,1.0,2.0,1.0,1.0,2.0,2.0,2.0,2.0,1.0,1.0,1.0,2.0,2.0,1.0,1.0,1.0,0.0,2.0,0.0,1.0,1.0,2.0,0.0,2.0,0.0,0.0,1.0,1.0,1.0,2.0,0.0,1.0,1.0,0.0,2.0,1.0,1.0,0.0,1.0,2.0,0.0,1.0,0.0,0.0,0.0,1.0,1.0,1.0,0.0,2.0,2.0,2.0,1.0,1.0,2.0,1.0,1.0,0.0,2.0,2.0,2.0,1.0,2.0,0.0,1.0
6459,0.0,1.0,2.0,1.0,1.0,0.0,2.0,1.0,2.0,1.0,1.0,1.0,1.0,2.0,1.0,1.0,2.0,1.0,1.0,1.0,1.0,0.0,0.0,0.0,2.0,0.0,0.0,2.0,1.0,0.0,0.0,2.0,2.0,0.0,1.0,1.0,2.0,0.0,1.0,2.0,1.0,2.0,1.0,1.0,1.0,1.0,2.0,1.0,1.0,1.0,1.0,0.0,2.0,0.0,1.0,1.0,2.0,0.0,2.0,1.0,1.0,1.0,1.0,0.0,2.0,0.0,2.0,2.0,0.0,2.0,1.0,2.0,0.0,2.0,1.0,0.0,1.0,0.0,0.0,0.0,2.0,1.0,0.0,0.0,2.0,2.0,1.0,1.0,1.0,2.0,0.0,1.0,0.0,2.0,2.0,2.0,2.0,2.0,0.0,1.0
6461,2.0,1.0,2.0,0.0,0.0,0.0,2.0,2.0,2.0,1.0,1.0,2.0,2.0,2.0,2.0,2.0,2.0,0.0,1.0,1.0,1.0,0.0,1.0,1.0,2.0,1.0,1.0,0.0,2.0,1.0,1.0,2.0,2.0,0.0,0.0,1.0,2.0,1.0,1.0,2.0,2.0,2.0,2.0,1.0,0.0,1.0,2.0,1.0,2.0,0.0,0.0,0.0,2.0,0.0,2.0,1.0,2.0,0.0,2.0,2.0,0.0,2.0,1.0,2.0,2.0,0.0,1.0,0.0,0.0,1.0,2.0,0.0,0.0,1.0,0.0,0.0,2.0,0.0,0.0,0.0,2.0,0.0,0.0,0.0,2.0,2.0,1.0,2.0,0.0,1.0,1.0,0.0,0.0,2.0,2.0,2.0,0.0,2.0,1.0,0.0
6462,2.0,0.0,2.0,0.0,1.0,1.0,1.0,2.0,2.0,0.0,0.0,1.0,1.0,2.0,1.0,2.0,2.0,1.0,0.0,1.0,2.0,0.0,1.0,1.0,2.0,1.0,1.0,0.0,1.0,2.0,1.0,2.0,1.0,0.0,0.0,1.0,2.0,1.0,1.0,2.0,2.0,2.0,2.0,1.0,0.0,1.0,1.0,1.0,2.0,0.0,0.0,0.0,2.0,0.0,2.0,1.0,2.0,0.0,2.0,2.0,1.0,2.0,0.0,1.0,2.0,0.0,1.0,0.0,1.0,1.0,2.0,0.0,0.0,1.0,1.0,0.0,1.0,0.0,0.0,0.0,1.0,0.0,1.0,0.0,2.0,0.0,2.0,2.0,0.0,1.0,1.0,0.0,0.0,2.0,1.0,2.0,0.0,2.0,1.0,2.0
6463,0.0,1.0,1.0,1.0,0.0,0.0,0.0,0.0,2.0,1.0,1.0,0.0,1.0,2.0,1.0,2.0,2.0,1.0,0.0,2.0,2.0,0.0,1.0,1.0,2.0,1.0,2.0,0.0,2.0,0.0,0.0,2.0,1.0,1.0,2.0,1.0,2.0,1.0,1.0,2.0,2.0,1.0,2.0,1.0,2.0,1.0,2.0,1.0,1.0,1.0,0.0,0.0,1.0,0.0,1.0,2.0,2.0,0.0,2.0,1.0,0.0,1.0,1.0,0.0,1.0,0.0,2.0,2.0,1.0,1.0,2.0,1.0,0.0,1.0,2.0,0.0,0.0,0.0,1.0,0.0,2.0,0.0,0.0,1.0,2.0,1.0,2.0,2.0,1.0,2.0,1.0,1.0,0.0,2.0,2.0,2.0,2.0,2.0,0.0,0.0
6464,0.0,0.0,2.0,2.0,1.0,1.0,1.0,1.0,2.0,1.0,2.0,0.0,1.0,1.0,1.0,2.0,2.0,2.0,0.0,2.0,2.0,0.0,0.0,1.0,2.0,1.0,1.0,0.0,1.0,1.0,0.0,2.0,1.0,1.0,2.0,1.0,1.0,1.0,1.0,2.0,1.0,1.0,1.0,2.0,2.0,1.0,1.0,0.0,1.0,0.0,1.0,0.0,1.0,0.0,1.0,0.0,2.0,0.0,2.0,2.0,1.0,2.0,0.0,0.0,1.0,0.0,1.0,1.0,0.0,1.0,2.0,2.0,0.0,1.0,2.0,0.0,1.0,0.0,1.0,0.0,1.0,1.0,0.0,1.0,2.0,2.0,1.0,2.0,1.0,1.0,0.0,1.0,0.0,2.0,0.0,2.0,2.0,1.0,0.0,0.0
6465,0.0,1.0,2.0,1.0,1.0,0.0,1.0,1.0,0.0,1.0,0.0,0.0,1.0,1.0,2.0,0.0,1.0,1.0,2.0,2.0,2.0,1.0,1.0,1.0,2.0,1.0,1.0,2.0,1.0,0.0,0.0,2.0,1.0,0.0,1.0,0.0,1.0,1.0,1.0,2.0,2.0,0.0,2.0,1.0,0.0,2.0,2.0,2.0,1.0,0.0,1.0,0.0,2.0,1.0,2.0,1.0,2.0,0.0,2.0,2.0,0.0,2.0,1.0,2.0,2.0,0.0,1.0,2.0,0.0,1.0,2.0,1.0,1.0,1.0,0.0,0.0,1.0,0.0,0.0,0.0,2.0,0.0,0.0,1.0,2.0,0.0,2.0,1.0,0.0,1.0,1.0,1.0,0.0,2.0,1.0,1.0,1.0,2.0,1.0,1.0
6466,0.0,1.0,2.0,1.0,1.0,1.0,2.0,1.0,2.0,1.0,2.0,1.0,0.0,1.0,2.0,2.0,2.0,1.0,0.0,0.0,1.0,0.0,0.0,0.0,2.0,0.0,1.0,1.0,2.0,1.0,0.0,1.0,1.0,0.0,2.0,0.0,1.0,1.0,0.0,2.0,2.0,1.0,2.0,2.0,0.0,1.0,2.0,1.0,0.0,1.0,0.0,0.0,2.0,0.0,1.0,1.0,2.0,0.0,2.0,1.0,2.0,2.0,1.0,2.0,1.0,0.0,2.0,0.0,0.0,0.0,2.0,0.0,0.0,1.0,1.0,0.0,1.0,0.0,0.0,0.0,1.0,0.0,1.0,0.0,2.0,1.0,1.0,2.0,1.0,2.0,1.0,0.0,0.0,2.0,1.0,2.0,1.0,2.0,2.0,1.0
6467,1.0,2.0,1.0,2.0,0.0,0.0,2.0,1.0,2.0,1.0,0.0,0.0,1.0,2.0,1.0,2.0,2.0,2.0,1.0,2.0,1.0,0.0,0.0,1.0,2.0,1.0,1.0,0.0,1.0,1.0,0.0,2.0,1.0,0.0,0.0,2.0,2.0,0.0,1.0,2.0,1.0,2.0,2.0,1.0,0.0,1.0,2.0,1.0,1.0,1.0,0.0,1.0,2.0,1.0,2.0,1.0,2.0,0.0,2.0,2.0,1.0,2.0,1.0,2.0,1.0,0.0,2.0,2.0,1.0,0.0,1.0,1.0,0.0,2.0,1.0,0.0,2.0,0.0,0.0,0.0,2.0,0.0,0.0,1.0,2.0,2.0,2.0,2.0,1.0,0.0,1.0,0.0,0.0,2.0,1.0,1.0,1.0,2.0,2.0,1.0
6468,1.0,1.0,1.0,1.0,0.0,1.0,1.0,2.0,2.0,0.0,1.0,1.0,0.0,2.0,1.0,2.0,2.0,1.0,0.0,1.0,2.0,0.0,1.0,0.0,2.0,2.0,1.0,0.0,0.0,1.0,1.0,2.0,1.0,0.0,1.0,1.0,2.0,1.0,0.0,2.0,2.0,2.0,2.0,2.0,1.0,0.0,1.0,0.0,2.0,1.0,0.0,0.0,2.0,0.0,2.0,1.0,2.0,0.0,2.0,2.0,1.0,2.0,1.0,1.0,1.0,0.0,2.0,0.0,1.0,1.0,2.0,1.0,0.0,1.0,2.0,0.0,1.0,0.0,0.0,0.0,2.0,0.0,1.0,1.0,2.0,0.0,2.0,2.0,0.0,1.0,0.0,0.0,0.0,2.0,1.0,2.0,1.0,2.0,2.0,1.0
6469,2.0,2.0,2.0,1.0,0.0,0.0,1.0,2.0,1.0,0.0,1.0,2.0,2.0,2.0,2.0,2.0,2.0,0.0,0.0,1.0,1.0,0.0,1.0,0.0,2.0,2.0,2.0,0.0,1.0,1.0,0.0,2.0,1.0,0.0,0.0,1.0,1.0,2.0,1.0,2.0,2.0,1.0,2.0,0.0,0.0,1.0,2.0,2.0,1.0,0.0,0.0,0.0,2.0,0.0,2.0,1.0,2.0,0.0,2.0,2.0,0.0,2.0,1.0,1.0,2.0,0.0,1.0,0.0,1.0,0.0,1.0,1.0,0.0,0.0,0.0,1.0,2.0,0.0,0.0,0.0,2.0,0.0,0.0,1.0,2.0,1.0,1.0,1.0,0.0,2.0,2.0,1.0,0.0,2.0,2.0,2.0,0.0,2.0,1.0,1.0
6470,0.0,1.0,1.0,2.0,1.0,0.0,1.0,0.0,2.0,1.0,2.0,0.0,1.0,1.0,1.0,1.0,2.0,1.0,0.0,2.0,1.0,0.0,0.0,0.0,2.0,1.0,1.0,0.0,1.0,0.0,0.0,2.0,1.0,0.0,1.0,1.0,1.0,1.0,2.0,2.0,2.0,1.0,1.0,2.0,2.0,1.0,2.0,1.0,1.0,0.0,1.0,0.0,1.0,0.0,0.0,1.0,2.0,0.0,2.0,2.0,0.0,2.0,1.0,1.0,2.0,0.0,0.0,2.0,1.0,2.0,2.0,1.0,0.0,1.0,2.0,0.0,2.0,0.0,1.0,0.0,1.0,1.0,0.0,1.0,2.0,2.0,1.0,2.0,2.0,0.0,0.0,0.0,0.0,2.0,1.0,2.0,1.0,2.0,1.0,0.0
6471,1.0,1.0,2.0,1.0,1.0,1.0,2.0,0.0,1.0,0.0,1.0,1.0,1.0,1.0,2.0,1.0,1.0,1.0,1.0,2.0,2.0,0.0,1.0,1.0,2.0,2.0,1.0,1.0,0.0,1.0,0.0,2.0,2.0,0.0,0.0,1.0,2.0,2.0,1.0,2.0,2.0,1.0,2.0,1.0,0.0,2.0,2.0,1.0,1.0,0.0,1.0,0.0,2.0,0.0,2.0,1.0,2.0,0.0,2.0,2.0,0.0,2.0,1.0,2.0,1.0,0.0,2.0,1.0,1.0,2.0,2.0,1.0,1.0,0.0,0.0,0.0,2.0,0.0,0.0,0.0,2.0,0.0,0.0,2.0,2.0,1.0,2.0,1.0,0.0,2.0,1.0,2.0,0.0,2.0,1.0,2.0,0.0,2.0,0.0,1.0
6473,0.0,2.0,2.0,1.0,1.0,2.0,2.0,1.0,2.0,0.0,1.0,1.0,1.0,2.0,1.0,1.0,2.0,2.0,1.0,2.0,0.0,0.0,1.0,0.0,2.0,0.0,2.0,0.0,1.0,0.0,0.0,1.0,2.0,0.0,1.0,1.0,0.0,2.0,0.0,2.0,2.0,2.0,1.0,1.0,0.0,1.0,2.0,0.0,0.0,0.0,0.0,0.0,2.0,0.0,1.0,0.0,2.0,0.0,2.0,1.0,1.0,2.0,1.0,2.0,2.0,0.0,2.0,1.0,0.0,1.0,1.0,1.0,0.0,0.0,0.0,0.0,0.0,0.0,1.0,0.0,2.0,0.0,1.0,1.0,2.0,2.0,1.0,2.0,1.0,1.0,1.0,0.0,0.0,2.0,2.0,2.0,1.0,2.0,1.0,1.0
